STATISTIC,REGION,TYPE OF POLICING,POLICING JURISDICTION,Year,Value
Criminal Code Offences,Fraser Valley,Independent Municipal,Abbotsford Mun,2006,12644.0
Criminal Code Offences,Fraser Valley,RCMP Provincial,Agassiz Prov,2006,1282.0
Criminal Code Offences,Mount Waddington,RCMP Provincial,Alert Bay Prov,2006,259.0
Criminal Code Offences,Cariboo,RCMP Provincial,Alexis Creek Prov,2006,557.0
Criminal Code Offences,Cariboo,RCMP Provincial,Anahim Lake Prov,2006,285.0
Criminal Code Offences,North Okanagan,RCMP Provincial,Armstrong Prov,2006,590.0
Criminal Code Offences,Thompson Nicola,RCMP Provincial,Ashcroft Prov,2006,563.0
Criminal Code Offences,Kitimat Stikine,RCMP Provincial,Atlin Prov,2006,79.0
Criminal Code Offences,Thompson Nicola,RCMP Provincial,Barriere Prov,2006,261.0
Criminal Code Offences,Central Coast,RCMP Provincial,Bella Bella Prov,2006,614.0
Criminal Code Offences,Central Coast,RCMP Provincial,Bella Coola Prov,2006,408.0
Criminal Code Offences,Fraser Valley,RCMP Provincial,Boston Bar Prov,2006,135.0
Criminal Code Offences,Kootenay Boundary,RCMP Provincial,Boundary/Grand Forks Prov,2006,600.0
Criminal Code Offences,Kootenay Boundary,RCMP Provincial,Boundary/Midway Prov,2006,190.0
Criminal Code Offences,Metro Vancouver,RCMP Provincial,Bowen Island Prov,2006,123.0
Criminal Code Offences,Metro Vancouver,RCMP Municipal,Burnaby Mun,2006,22986.0
Criminal Code Offences,Bulkley Nechako,RCMP Provincial,Burns Lake Prov,2006,1730.0
Criminal Code Offences,Strathcona,RCMP Municipal,Campbell River Mun,2006,5346.0
Criminal Code Offences,Strathcona,RCMP Provincial,Campbell River Prov,2006,553.0
Criminal Code Offences,Central Kootenay,RCMP Municipal,Castlegar Mun,2006,1214.0
Criminal Code Offences,Central Kootenay,RCMP Provincial,Castlegar Prov,2006,308.0
Criminal Code Offences,Capital,Independent Municipal,Central Saanich Mun,2006,720.0
Criminal Code Offences,Thompson Nicola,RCMP Provincial,Chase Prov,2006,753.0
Criminal Code Offences,Peace River,RCMP Provincial,Chetwynd Prov,2006,1032.0
Criminal Code Offences,Fraser Valley,RCMP Municipal,Chilliwack Mun,2006,10852.0
Criminal Code Offences,Fraser Valley,RCMP Provincial,Chilliwack Prov,2006,393.0
Criminal Code Offences,Thompson Nicola,RCMP Provincial,Clearwater Prov,2006,386.0
Criminal Code Offences,Thompson Nicola,RCMP Provincial,Clinton Prov,2006,179.0
Criminal Code Offences,North Okanagan,RCMP Municipal,Coldstream Mun,2006,352.0
Criminal Code Offences,East Kootenay,RCMP Provincial,Columbia Valley Prov,2006,1099.0
Criminal Code Offences,Capital,RCMP Municipal,Colwood Mun,2006,1390.0
Criminal Code Offences,Comox Valley,RCMP Municipal,Comox Mun,2006,563.0
Criminal Code Offences,Comox Valley,RCMP Provincial,Comox Valley Prov,2006,1466.0
Criminal Code Offences,Metro Vancouver,RCMP Municipal,Coquitlam Mun,2006,10458.0
Criminal Code Offences,Metro Vancouver,RCMP Provincial,Coquitlam Prov,2006,118.0
Criminal Code Offences,Comox Valley,RCMP Municipal,Courtenay Mun,2006,3400.0
Criminal Code Offences,East Kootenay,RCMP Municipal,Cranbrook Mun,2006,2335.0
Criminal Code Offences,East Kootenay,RCMP Provincial,Cranbrook Prov,2006,283.0
Criminal Code Offences,Central Kootenay,RCMP Municipal,Creston Mun,2006,NA
Criminal Code Offences,Central Kootenay,RCMP Provincial,Creston Prov,2006,1300.0
Criminal Code Offences,Peace River,RCMP Municipal,Dawson Creek Mun,2006,2295.0
Criminal Code Offences,Peace River,RCMP Provincial,Dawson Creek Prov,2006,364.0
Criminal Code Offences,Kitimat Stikine,RCMP Provincial,Dease Lake Prov,2006,281.0
Criminal Code Offences,Metro Vancouver,Independent Municipal,Delta Mun,2006,6959.0
Criminal Code Offences,Cowichan Valley,RCMP Provincial,Duncan Prov,2006,3328.0
Criminal Code Offences,East Kootenay,RCMP Provincial,Elk Valley Prov,2006,1464.0
Criminal Code Offences,North Okanagan,RCMP Provincial,Enderby Prov,2006,772.0
Criminal Code Offences,Columbia Shuswap,RCMP Provincial,Falkland Prov,2006,117.0
Criminal Code Offences,Bulkley Nechako,RCMP Provincial,Fort St James Prov,2006,1482.0
Criminal Code Offences,Peace River,RCMP Municipal,Fort St John Mun,2006,3815.0
Criminal Code Offences,Peace River,RCMP Provincial,Fort St John Prov,2006,858.0
Criminal Code Offences,Bulkley Nechako,RCMP Provincial,Fraser Lake Prov,2006,237.0
Criminal Code Offences,Nanaimo,RCMP Provincial,Gabriola Island Prov,2006,169.0
Criminal Code Offences,Columbia Shuswap,RCMP Provincial,Golden Prov,2006,762.0
Criminal Code Offences,Fraser Valley,RCMP Municipal,Hope Mun,2006,1163.0
Criminal Code Offences,Fraser Valley,RCMP Provincial,Hope  Prov,2006,291.0
Criminal Code Offences,Bulkley Nechako,RCMP Provincial,Houston/Granisle Prov,2006,529.0
Criminal Code Offences,Peace River,RCMP Provincial,Hudson's Hope Prov,2006,58.0
Criminal Code Offences,Thompson Nicola,RCMP Municipal,Kamloops Mun,2006,13222.0
Criminal Code Offences,Central Kootenay,RCMP Provincial,Kaslo Prov,2006,261.0
Criminal Code Offences,Central Okanagan,RCMP Municipal,Kelowna Mun,2006,15068.0
Criminal Code Offences,Central Okanagan,RCMP Provincial,Kelowna Prov,2006,3460.0
Criminal Code Offences,Fraser Valley,RCMP Municipal,Kent Mun,2006,NA
Criminal Code Offences,Okanagan Similkameen,RCMP Provincial,Keremeos Prov,2006,287.0
Criminal Code Offences,East Kootenay,RCMP Municipal,Kimberley Mun,2006,495.0
Criminal Code Offences,East Kootenay,RCMP Provincial,Kimberley Prov,2006,107.0
Criminal Code Offences,Kitimat Stikine,RCMP Municipal,Kitimat Mun,2006,751.0
Criminal Code Offences,Kitimat Stikine,RCMP Provincial,Kitimat Prov,2006,73.0
Criminal Code Offences,Cowichan Valley,RCMP Municipal,Ladysmith Mun,2006,542.0
Criminal Code Offences,Cowichan Valley,RCMP Provincial,Ladysmith Prov,2006,414.0
Criminal Code Offences,Central Okanagan,RCMP Municipal,Lake Country Mun,2006,684.0
Criminal Code Offences,Cowichan Valley,RCMP Provincial,Lake Cowichan Prov,2006,837.0
Criminal Code Offences,Capital,RCMP Municipal,Langford Mun,2006,2990.0
Criminal Code Offences,Metro Vancouver,RCMP Municipal,Langley City Mun,2006,4418.0
Criminal Code Offences,Metro Vancouver,RCMP Municipal,Langley Township Mun,2006,9643.0
Criminal Code Offences,Squamish Lillooet,RCMP Provincial,Lillooet Prov,2006,505.0
Criminal Code Offences,Kitimat Stikine,RCMP Provincial,Lisims/Nass Valley Prov,2006,501.0
Criminal Code Offences,Thompson Nicola,RCMP Provincial,Logan Lake Prov,2006,220.0
Criminal Code Offences,North Okanagan,RCMP Provincial,Lumby Prov,2006,382.0
Criminal Code Offences,Thompson Nicola,RCMP Provincial,Lytton Prov,2006,347.0
Criminal Code Offences,Fraser Fort George,RCMP Provincial,Mackenzie Prov,2006,518.0
Criminal Code Offences,Metro Vancouver,RCMP Municipal,Maple Ridge Mun,2006,8239.0
Criminal Code Offences,North Coast Regional District (22),RCMP Provincial,Masset Prov,2006,672.0
Criminal Code Offences,Fraser Fort George,RCMP Provincial,McBride Prov,2006,224.0
Criminal Code Offences,Thompson Nicola,RCMP Municipal,Merritt Mun,2006,1774.0
Criminal Code Offences,Thompson Nicola,RCMP Provincial,Merritt Prov,2006,422.0
Criminal Code Offences,Fraser Valley,RCMP Municipal,Mission Mun,2006,5048.0
Criminal Code Offences,Fraser Valley,RCMP Provincial,Mission Prov,2006,556.0
Criminal Code Offences,Central Kootenay,RCMP Provincial,Nakusp Prov,2006,266.0
Criminal Code Offences,Nanaimo,RCMP Municipal,Nanaimo Mun,2006,13624.0
Criminal Code Offences,Nanaimo,RCMP Provincial,Nanaimo Prov,2006,935.0
Criminal Code Offences,Central Kootenay,Independent Municipal,Nelson Mun,2006,1161.0
Criminal Code Offences,Central Kootenay,RCMP Provincial,Nelson Prov,2006,423.0
Criminal Code Offences,Kitimat Stikine,RCMP Provincial,New Hazelton Prov,2006,1010.0
Criminal Code Offences,Metro Vancouver,Independent Municipal,New Westminster Mun,2006,7796.0
Criminal Code Offences,Strathcona,RCMP Provincial,Nootka Sound Prov,2006,299.0
Criminal Code Offences,Cowichan Valley,RCMP Municipal,North Cowichan Mun,2006,2772.0
Criminal Code Offences,Capital,RCMP Municipal,North Saanich Mun,2006,418.0
Criminal Code Offences,Metro Vancouver,RCMP Municipal,North Vancouver City Mun,2006,4699.0
Criminal Code Offences,Metro Vancouver,RCMP Municipal,North Vancouver District Mun,2006,4747.0
Criminal Code Offences,Metro Vancouver,RCMP Provincial,North Vancouver Prov,2006,296.0
Criminal Code Offences,Northern Rockies,RCMP Municipal,Northern Rockies Mun,2006,NA
Criminal Code Offences,Northern Rockies,RCMP Provincial,Northern Rockies Prov,2006,1533.0
Criminal Code Offences,Capital,Independent Municipal,Oak Bay Mun,2006,913.0
Criminal Code Offences,Nanaimo,RCMP Provincial,Oceanside Prov,2006,1675.0
Criminal Code Offences,Cariboo,RCMP Provincial,One Hundred Mile House Prov,2006,1317.0
Criminal Code Offences,Capital,RCMP Provincial,Outer Gulf  Islands Prov,2006,226.0
Criminal Code Offences,Nanaimo,RCMP Municipal,Parksville Mun,2006,1569.0
Criminal Code Offences,Central Okanagan,RCMP Municipal,Peachland Mun,2006,NA
Criminal Code Offences,Squamish Lillooet,RCMP Provincial,Pemberton Prov,2006,321.0
Criminal Code Offences,Okanagan Similkameen,RCMP Municipal,Penticton Mun,2006,4935.0
Criminal Code Offences,Okanagan Similkameen,RCMP Provincial,Penticton Prov,2006,792.0
Criminal Code Offences,Metro Vancouver,RCMP Municipal,Pitt Meadows Mun,2006,1551.0
Criminal Code Offences,Alberni Clayoquot,RCMP Municipal,Port Alberni Mun,2006,3984.0
Criminal Code Offences,Alberni Clayoquot,RCMP Provincial,Port Alberni Prov,2006,710.0
Criminal Code Offences,Mount Waddington,RCMP Provincial,Port Alice Prov,2006,107.0
Criminal Code Offences,Metro Vancouver,RCMP Municipal,Port Coquitlam Mun,2006,5914.0
Criminal Code Offences,Mount Waddington,RCMP Provincial,Port Hardy Prov,2006,1482.0
Criminal Code Offences,Mount Waddington,RCMP Provincial,Port McNeill Prov,2006,576.0
Criminal Code Offences,Metro Vancouver,Independent Municipal,Port Moody Mun,2006,1849.0
Criminal Code Offences,Powell River,RCMP Municipal,Powell River Mun,2006,1493.0
Criminal Code Offences,Powell River,RCMP Provincial,Powell River Prov,2006,486.0
Criminal Code Offences,Fraser Fort George,RCMP Municipal,Prince George Mun,2006,14937.0
Criminal Code Offences,Fraser Fort George,RCMP Provincial,Prince George Prov,2006,687.0
Criminal Code Offences,North Coast Regional District (22),RCMP Municipal,Prince Rupert Mun,2006,3085.0
Criminal Code Offences,North Coast Regional District (22),RCMP Provincial,Prince Rupert Prov,2006,373.0
Criminal Code Offences,Okanagan Similkameen,RCMP Provincial,Princeton Prov,2006,436.0
Criminal Code Offences,Strathcona,RCMP Provincial,Quadra Island Prov,2006,246.0
Criminal Code Offences,Nanaimo,RCMP Municipal,Qualicum Beach Mun,2006,729.0
Criminal Code Offences,North Coast Regional District (22),RCMP Provincial,Queen Charlotte Prov,2006,372.0
Criminal Code Offences,Cariboo,RCMP Municipal,Quesnel Mun,2006,2537.0
Criminal Code Offences,Cariboo,RCMP Provincial,Quesnel Prov,2006,673.0
Criminal Code Offences,Columbia Shuswap,RCMP Municipal,Revelstoke Mun,2006,745.0
Criminal Code Offences,Columbia Shuswap,RCMP Provincial,Revelstoke Prov,2006,68.0
Criminal Code Offences,Metro Vancouver,RCMP Municipal,Richmond Mun,2006,13290.0
Criminal Code Offences,Metro Vancouver,RCMP Provincial,Ridge Meadows Prov,2006,83.0
Criminal Code Offences,Capital,Independent Municipal,Saanich Mun,2006,6309.0
Criminal Code Offences,Central Kootenay,RCMP Provincial,Salmo Prov,2006,256.0
Criminal Code Offences,Columbia Shuswap,RCMP Municipal,Salmon Arm Mun,2006,1800.0
Criminal Code Offences,Columbia Shuswap,RCMP Provincial,Salmon Arm Prov,2006,597.0
Criminal Code Offences,Capital,RCMP Provincial,Saltspring Island Prov,2006,609.0
Criminal Code Offences,Strathcona,RCMP Provincial,Sayward Prov,2006,100.0
Criminal Code Offences,Sunshine Coast,RCMP Municipal,Sechelt Mun,2006,858.0
Criminal Code Offences,Cowichan Valley,RCMP Provincial,Shawnigan Lake Prov,2006,882.0
Criminal Code Offences,Columbia Shuswap,RCMP Provincial,Sicamous Prov,2006,533.0
Criminal Code Offences,Capital,RCMP Municipal,Sidney Mun,2006,701.0
Criminal Code Offences,Capital,RCMP Provincial,Sidney Prov,2006,298.0
Criminal Code Offences,Central Kootenay,RCMP Provincial,Slocan Lake Prov,2006,121.0
Criminal Code Offences,Bulkley Nechako,RCMP Municipal,Smithers Mun,2006,1317.0
Criminal Code Offences,Bulkley Nechako,RCMP Provincial,Smithers Prov,2006,454.0
Criminal Code Offences,Capital,RCMP Municipal,Sooke Mun,2006,1089.0
Criminal Code Offences,Capital,RCMP Provincial,Sooke Prov,2006,457.0
Criminal Code Offences,Okanagan Similkameen,RCMP Provincial,South Okanagan/Oliver,2006,1104.0
Criminal Code Offences,Okanagan Similkameen,RCMP Provincial,South Okanagan/Osoyoos,2006,891.0
Criminal Code Offences,North Okanagan,RCMP Municipal,Spallumcheen Mun,2006,NA
Criminal Code Offences,Squamish Lillooet,RCMP Municipal,Squamish Mun,2006,2840.0
Criminal Code Offences,Squamish Lillooet,RCMP Provincial,Squamish Prov,2006,217.0
Criminal Code Offences,Kitimat Stikine,RCMP Provincial,Stewart Prov,2006,57.0
Criminal Code Offences,Squamish Lillooet,First Nations Aboriginal Police Service,Stl'atl'imx FNAPS,2006,557.0
Criminal Code Offences,Okanagan Similkameen,RCMP Municipal,Summerland Mun,2006,720.0
Criminal Code Offences,Sunshine Coast,RCMP Provincial,Sunshine Coast Prov,2006,1343.0
Criminal Code Offences,Metro Vancouver,RCMP Municipal,Surrey Mun,2006,46708.0
Criminal Code Offences,Bulkley Nechako,RCMP Provincial,Takla Landing Prov,2006,106.0
Criminal Code Offences,Kitimat Stikine,RCMP Municipal,Terrace Mun,2006,2459.0
Criminal Code Offences,Kitimat Stikine,RCMP Provincial,Terrace Prov,2006,710.0
Criminal Code Offences,Powell River,RCMP Provincial,Texada Island Prov,2006,71.0
Criminal Code Offences,Thompson Nicola,RCMP Provincial,T'Kumlups Prov,2006,859.0
Criminal Code Offences,Alberni Clayoquot,RCMP Provincial,Tofino Prov,2006,682.0
Criminal Code Offences,Kootenay Boundary,RCMP Municipal,Trail Mun,2006,1101.0
Criminal Code Offences,Kootenay Boundary,RCMP Provincial,Trail and Greater District,2006,510.0
Criminal Code Offences,Fraser Fort George,RCMP Provincial,Tsay Keh Dene Prov,2006,258.0
Criminal Code Offences,Peace River,RCMP Provincial,Tumbler Ridge Prov,2006,506.0
Criminal Code Offences,Alberni Clayoquot,RCMP Provincial,Ucluelet Prov,2006,362.0
Criminal Code Offences,Metro Vancouver,RCMP Provincial,University Prov,2006,1339.0
Criminal Code Offences,Fraser Fort George,RCMP Provincial,Valemount Prov,2006,190.0
Criminal Code Offences,Metro Vancouver,Independent Municipal,Vancouver Mun,2006,64627.0
Criminal Code Offences,Bulkley Nechako,RCMP Provincial,Vanderhoof Prov,2006,948.0
Criminal Code Offences,North Okanagan,RCMP Municipal,Vernon Mun,2006,5486.0
Criminal Code Offences,North Okanagan,RCMP Provincial,Vernon Prov,2006,705.0
Criminal Code Offences,Capital,Independent Municipal,Victoria Mun,2006,16847.0
Criminal Code Offences,Capital,RCMP Municipal,View Royal Mun,2006,771.0
Criminal Code Offences,Cariboo,RCMP Provincial,Wells Prov,2006,37.0
Criminal Code Offences,Central Okanagan,RCMP Municipal,West Kelowna Mun,2006,NA
Criminal Code Offences,Capital,RCMP Provincial,West Shore Prov,2006,684.0
Criminal Code Offences,Metro Vancouver,Independent Municipal,West Vancouver Mun,2006,2654.0
Criminal Code Offences,Squamish Lillooet,RCMP Municipal,Whistler Mun,2006,2369.0
Criminal Code Offences,Squamish Lillooet,RCMP Provincial,Whistler Prov,2006,37.0
Criminal Code Offences,Metro Vancouver,RCMP Municipal,White Rock Mun,2006,1457.0
Criminal Code Offences,Cariboo,RCMP Municipal,Williams Lake Mun,2006,3176.0
Criminal Code Offences,Cariboo,RCMP Provincial,Williams Lake Prov,2006,629.0
Crime Rates,Fraser Valley,Independent Municipal,Abbotsford Mun,2006,97.71000000000001
Crime Rates,Fraser Valley,RCMP Provincial,Agassiz Prov,2006,137.6
Crime Rates,Mount Waddington,RCMP Provincial,Alert Bay Prov,2006,178.99
Crime Rates,Cariboo,RCMP Provincial,Alexis Creek Prov,2006,319.56
Crime Rates,Cariboo,RCMP Provincial,Anahim Lake Prov,2006,395.28
Crime Rates,North Okanagan,RCMP Provincial,Armstrong Prov,2006,60.0
Crime Rates,Thompson Nicola,RCMP Provincial,Ashcroft Prov,2006,149.02
Crime Rates,Kitimat Stikine,RCMP Provincial,Atlin Prov,2006,110.17999999999999
Crime Rates,Thompson Nicola,RCMP Provincial,Barriere Prov,2006,68.5
Crime Rates,Central Coast,RCMP Provincial,Bella Bella Prov,2006,379.71999999999997
Crime Rates,Central Coast,RCMP Provincial,Bella Coola Prov,2006,212.17
Crime Rates,Fraser Valley,RCMP Provincial,Boston Bar Prov,2006,206.42000000000002
Crime Rates,Kootenay Boundary,RCMP Provincial,Boundary/Grand Forks Prov,2006,67.75
Crime Rates,Kootenay Boundary,RCMP Provincial,Boundary/Midway Prov,2006,67.42
Crime Rates,Metro Vancouver,RCMP Provincial,Bowen Island Prov,2006,35.55
Crime Rates,Metro Vancouver,RCMP Municipal,Burnaby Mun,2006,109.25
Crime Rates,Bulkley Nechako,RCMP Provincial,Burns Lake Prov,2006,274.56
Crime Rates,Strathcona,RCMP Municipal,Campbell River Mun,2006,177.82000000000002
Crime Rates,Strathcona,RCMP Provincial,Campbell River Prov,2006,102.05
Crime Rates,Central Kootenay,RCMP Municipal,Castlegar Mun,2006,164.76999999999998
Crime Rates,Central Kootenay,RCMP Provincial,Castlegar Prov,2006,52.01
Crime Rates,Capital,Independent Municipal,Central Saanich Mun,2006,45.05
Crime Rates,Thompson Nicola,RCMP Provincial,Chase Prov,2006,90.8
Crime Rates,Peace River,RCMP Provincial,Chetwynd Prov,2006,191.08
Crime Rates,Fraser Valley,RCMP Municipal,Chilliwack Mun,2006,145.81
Crime Rates,Fraser Valley,RCMP Provincial,Chilliwack Prov,2006,78.71000000000001
Crime Rates,Thompson Nicola,RCMP Provincial,Clearwater Prov,2006,90.44000000000001
Crime Rates,Thompson Nicola,RCMP Provincial,Clinton Prov,2006,101.47
Crime Rates,North Okanagan,RCMP Municipal,Coldstream Mun,2006,36.39
Crime Rates,East Kootenay,RCMP Provincial,Columbia Valley Prov,2006,119.97
Crime Rates,Capital,RCMP Municipal,Colwood Mun,2006,91.09
Crime Rates,Comox Valley,RCMP Municipal,Comox Mun,2006,45.87
Crime Rates,Comox Valley,RCMP Provincial,Comox Valley Prov,2006,57.37
Crime Rates,Metro Vancouver,RCMP Municipal,Coquitlam Mun,2006,87.4
Crime Rates,Metro Vancouver,RCMP Provincial,Coquitlam Prov,2006,45.720000000000006
Crime Rates,Comox Valley,RCMP Municipal,Courtenay Mun,2006,151.37
Crime Rates,East Kootenay,RCMP Municipal,Cranbrook Mun,2006,126.41000000000001
Crime Rates,East Kootenay,RCMP Provincial,Cranbrook Prov,2006,41.65
Crime Rates,Central Kootenay,RCMP Municipal,Creston Mun,2006,NA
Crime Rates,Central Kootenay,RCMP Provincial,Creston Prov,2006,101.98
Crime Rates,Peace River,RCMP Municipal,Dawson Creek Mun,2006,207.04
Crime Rates,Peace River,RCMP Provincial,Dawson Creek Prov,2006,52.91
Crime Rates,Kitimat Stikine,RCMP Provincial,Dease Lake Prov,2006,195.55
Crime Rates,Metro Vancouver,Independent Municipal,Delta Mun,2006,69.52
Crime Rates,Cowichan Valley,RCMP Provincial,Duncan Prov,2006,233.72
Crime Rates,East Kootenay,RCMP Provincial,Elk Valley Prov,2006,108.72
Crime Rates,North Okanagan,RCMP Provincial,Enderby Prov,2006,113.36
Crime Rates,Columbia Shuswap,RCMP Provincial,Falkland Prov,2006,40.41
Crime Rates,Bulkley Nechako,RCMP Provincial,Fort St James Prov,2006,370.5
Crime Rates,Peace River,RCMP Municipal,Fort St John Mun,2006,212.84
Crime Rates,Peace River,RCMP Provincial,Fort St John Prov,2006,61.63
Crime Rates,Bulkley Nechako,RCMP Provincial,Fraser Lake Prov,2006,71.97
Crime Rates,Nanaimo,RCMP Provincial,Gabriola Island Prov,2006,43.120000000000005
Crime Rates,Columbia Shuswap,RCMP Provincial,Golden Prov,2006,107.76
Crime Rates,Fraser Valley,RCMP Municipal,Hope Mun,2006,186.32000000000002
Crime Rates,Fraser Valley,RCMP Provincial,Hope  Prov,2006,245.16
Crime Rates,Bulkley Nechako,RCMP Provincial,Houston/Granisle Prov,2006,114.64999999999999
Crime Rates,Peace River,RCMP Provincial,Hudson's Hope Prov,2006,46.849999999999994
Crime Rates,Thompson Nicola,RCMP Municipal,Kamloops Mun,2006,159.12
Crime Rates,Central Kootenay,RCMP Provincial,Kaslo Prov,2006,110.13
Crime Rates,Central Okanagan,RCMP Municipal,Kelowna Mun,2006,136.94
Crime Rates,Central Okanagan,RCMP Provincial,Kelowna Prov,2006,78.51
Crime Rates,Fraser Valley,RCMP Municipal,Kent Mun,2006,NA
Crime Rates,Okanagan Similkameen,RCMP Provincial,Keremeos Prov,2006,60.160000000000004
Crime Rates,East Kootenay,RCMP Municipal,Kimberley Mun,2006,80.07
Crime Rates,East Kootenay,RCMP Provincial,Kimberley Prov,2006,54.1
Crime Rates,Kitimat Stikine,RCMP Municipal,Kitimat Mun,2006,80.52
Crime Rates,Kitimat Stikine,RCMP Provincial,Kitimat Prov,2006,138.0
Crime Rates,Cowichan Valley,RCMP Municipal,Ladysmith Mun,2006,71.02
Crime Rates,Cowichan Valley,RCMP Provincial,Ladysmith Prov,2006,75.08
Crime Rates,Central Okanagan,RCMP Municipal,Lake Country Mun,2006,69.97
Crime Rates,Cowichan Valley,RCMP Provincial,Lake Cowichan Prov,2006,144.41
Crime Rates,Capital,RCMP Municipal,Langford Mun,2006,127.01
Crime Rates,Metro Vancouver,RCMP Municipal,Langley City Mun,2006,177.78
Crime Rates,Metro Vancouver,RCMP Municipal,Langley Township Mun,2006,99.11
Crime Rates,Squamish Lillooet,RCMP Provincial,Lillooet Prov,2006,154.48000000000002
Crime Rates,Kitimat Stikine,RCMP Provincial,Lisims/Nass Valley Prov,2006,255.73999999999998
Crime Rates,Thompson Nicola,RCMP Provincial,Logan Lake Prov,2006,81.94000000000001
Crime Rates,North Okanagan,RCMP Provincial,Lumby Prov,2006,65.88
Crime Rates,Thompson Nicola,RCMP Provincial,Lytton Prov,2006,182.44
Crime Rates,Fraser Fort George,RCMP Provincial,Mackenzie Prov,2006,109.21000000000001
Crime Rates,Metro Vancouver,RCMP Municipal,Maple Ridge Mun,2006,115.0
Crime Rates,North Coast Regional District (22),RCMP Provincial,Masset Prov,2006,295.38
Crime Rates,Fraser Fort George,RCMP Provincial,McBride Prov,2006,126.34
Crime Rates,Thompson Nicola,RCMP Municipal,Merritt Mun,2006,242.15
Crime Rates,Thompson Nicola,RCMP Provincial,Merritt Prov,2006,110.64
Crime Rates,Fraser Valley,RCMP Municipal,Mission Mun,2006,141.28
Crime Rates,Fraser Valley,RCMP Provincial,Mission Prov,2006,127.61
Crime Rates,Central Kootenay,RCMP Provincial,Nakusp Prov,2006,79.81
Crime Rates,Nanaimo,RCMP Municipal,Nanaimo Mun,2006,167.88000000000002
Crime Rates,Nanaimo,RCMP Provincial,Nanaimo Prov,2006,68.71000000000001
Crime Rates,Central Kootenay,Independent Municipal,Nelson Mun,2006,124.83
Crime Rates,Central Kootenay,RCMP Provincial,Nelson Prov,2006,36.13
Crime Rates,Kitimat Stikine,RCMP Provincial,New Hazelton Prov,2006,182.70999999999998
Crime Rates,Metro Vancouver,Independent Municipal,New Westminster Mun,2006,128.87
Crime Rates,Strathcona,RCMP Provincial,Nootka Sound Prov,2006,142.99
Crime Rates,Cowichan Valley,RCMP Municipal,North Cowichan Mun,2006,97.66
Crime Rates,Capital,RCMP Municipal,North Saanich Mun,2006,38.28
Crime Rates,Metro Vancouver,RCMP Municipal,North Vancouver City Mun,2006,100.29
Crime Rates,Metro Vancouver,RCMP Municipal,North Vancouver District Mun,2006,55.57
Crime Rates,Metro Vancouver,RCMP Provincial,North Vancouver Prov,2006,141.76
Crime Rates,Northern Rockies,RCMP Municipal,Northern Rockies Mun,2006,NA
Crime Rates,Northern Rockies,RCMP Provincial,Northern Rockies Prov,2006,243.76
Crime Rates,Capital,Independent Municipal,Oak Bay Mun,2006,50.730000000000004
Crime Rates,Nanaimo,RCMP Provincial,Oceanside Prov,2006,71.5
Crime Rates,Cariboo,RCMP Provincial,One Hundred Mile House Prov,2006,100.63
Crime Rates,Capital,RCMP Provincial,Outer Gulf  Islands Prov,2006,48.75
Crime Rates,Nanaimo,RCMP Municipal,Parksville Mun,2006,141.81
Crime Rates,Central Okanagan,RCMP Municipal,Peachland Mun,2006,NA
Crime Rates,Squamish Lillooet,RCMP Provincial,Pemberton Prov,2006,77.14
Crime Rates,Okanagan Similkameen,RCMP Municipal,Penticton Mun,2006,151.91
Crime Rates,Okanagan Similkameen,RCMP Provincial,Penticton Prov,2006,67.28
Crime Rates,Metro Vancouver,RCMP Municipal,Pitt Meadows Mun,2006,95.14
Crime Rates,Alberni Clayoquot,RCMP Municipal,Port Alberni Mun,2006,226.36
Crime Rates,Alberni Clayoquot,RCMP Provincial,Port Alberni Prov,2006,85.95
Crime Rates,Mount Waddington,RCMP Provincial,Port Alice Prov,2006,124.42
Crime Rates,Metro Vancouver,RCMP Municipal,Port Coquitlam Mun,2006,108.34
Crime Rates,Mount Waddington,RCMP Provincial,Port Hardy Prov,2006,278.05
Crime Rates,Mount Waddington,RCMP Provincial,Port McNeill Prov,2006,120.64999999999999
Crime Rates,Metro Vancouver,Independent Municipal,Port Moody Mun,2006,64.33
Crime Rates,Powell River,RCMP Municipal,Powell River Mun,2006,114.63
Crime Rates,Powell River,RCMP Provincial,Powell River Prov,2006,88.64
Crime Rates,Fraser Fort George,RCMP Municipal,Prince George Mun,2006,204.85000000000002
Crime Rates,Fraser Fort George,RCMP Provincial,Prince George Prov,2006,51.28
Crime Rates,North Coast Regional District (22),RCMP Municipal,Prince Rupert Mun,2006,235.89000000000001
Crime Rates,North Coast Regional District (22),RCMP Provincial,Prince Rupert Prov,2006,172.05
Crime Rates,Okanagan Similkameen,RCMP Provincial,Princeton Prov,2006,88.05
Crime Rates,Strathcona,RCMP Provincial,Quadra Island Prov,2006,68.41000000000001
Crime Rates,Nanaimo,RCMP Municipal,Qualicum Beach Mun,2006,85.75
Crime Rates,North Coast Regional District (22),RCMP Provincial,Queen Charlotte Prov,2006,148.38000000000002
Crime Rates,Cariboo,RCMP Municipal,Quesnel Mun,2006,268.01
Crime Rates,Cariboo,RCMP Provincial,Quesnel Prov,2006,49.68
Crime Rates,Columbia Shuswap,RCMP Municipal,Revelstoke Mun,2006,102.14999999999999
Crime Rates,Columbia Shuswap,RCMP Provincial,Revelstoke Prov,2006,117.44000000000001
Crime Rates,Metro Vancouver,RCMP Municipal,Richmond Mun,2006,72.77
Crime Rates,Metro Vancouver,RCMP Provincial,Ridge Meadows Prov,2006,855.6700000000001
Crime Rates,Capital,Independent Municipal,Saanich Mun,2006,56.620000000000005
Crime Rates,Central Kootenay,RCMP Provincial,Salmo Prov,2006,103.69
Crime Rates,Columbia Shuswap,RCMP Municipal,Salmon Arm Mun,2006,110.39
Crime Rates,Columbia Shuswap,RCMP Provincial,Salmon Arm Prov,2006,63.6
Crime Rates,Capital,RCMP Provincial,Saltspring Island Prov,2006,60.57
Crime Rates,Strathcona,RCMP Provincial,Sayward Prov,2006,122.1
Crime Rates,Sunshine Coast,RCMP Municipal,Sechelt Mun,2006,101.05
Crime Rates,Cowichan Valley,RCMP Provincial,Shawnigan Lake Prov,2006,52.51
Crime Rates,Columbia Shuswap,RCMP Provincial,Sicamous Prov,2006,131.73999999999998
Crime Rates,Capital,RCMP Municipal,Sidney Mun,2006,61.18
Crime Rates,Capital,RCMP Provincial,Sidney Prov,2006,87.42
Crime Rates,Central Kootenay,RCMP Provincial,Slocan Lake Prov,2006,62.15
Crime Rates,Bulkley Nechako,RCMP Municipal,Smithers Mun,2006,248.87
Crime Rates,Bulkley Nechako,RCMP Provincial,Smithers Prov,2006,60.7
Crime Rates,Capital,RCMP Municipal,Sooke Mun,2006,107.99000000000001
Crime Rates,Capital,RCMP Provincial,Sooke Prov,2006,102.66999999999999
Crime Rates,Okanagan Similkameen,RCMP Provincial,South Okanagan/Oliver,2006,131.68
Crime Rates,Okanagan Similkameen,RCMP Provincial,South Okanagan/Osoyoos,2006,121.84
Crime Rates,North Okanagan,RCMP Municipal,Spallumcheen Mun,2006,NA
Crime Rates,Squamish Lillooet,RCMP Municipal,Squamish Mun,2006,179.51
Crime Rates,Squamish Lillooet,RCMP Provincial,Squamish Prov,2006,108.34
Crime Rates,Kitimat Stikine,RCMP Provincial,Stewart Prov,2006,114.92
Crime Rates,Squamish Lillooet,First Nations Aboriginal Police Service,Stl'atl'imx FNAPS,2006,186.23
Crime Rates,Okanagan Similkameen,RCMP Municipal,Summerland Mun,2006,66.08
Crime Rates,Sunshine Coast,RCMP Provincial,Sunshine Coast Prov,2006,69.11999999999999
Crime Rates,Metro Vancouver,RCMP Municipal,Surrey Mun,2006,113.11999999999999
Crime Rates,Bulkley Nechako,RCMP Provincial,Takla Landing Prov,2006,572.97
Crime Rates,Kitimat Stikine,RCMP Municipal,Terrace Mun,2006,214.55
Crime Rates,Kitimat Stikine,RCMP Provincial,Terrace Prov,2006,94.29
Crime Rates,Powell River,RCMP Provincial,Texada Island Prov,2006,68.07
Crime Rates,Thompson Nicola,RCMP Provincial,T'Kumlups Prov,2006,109.32
Crime Rates,Alberni Clayoquot,RCMP Provincial,Tofino Prov,2006,220.28
Crime Rates,Kootenay Boundary,RCMP Municipal,Trail Mun,2006,152.05
Crime Rates,Kootenay Boundary,RCMP Provincial,Trail and Greater District,2006,47.41
Crime Rates,Fraser Fort George,RCMP Provincial,Tsay Keh Dene Prov,2006,693.55
Crime Rates,Peace River,RCMP Provincial,Tumbler Ridge Prov,2006,202.97
Crime Rates,Alberni Clayoquot,RCMP Provincial,Ucluelet Prov,2006,170.84
Crime Rates,Metro Vancouver,RCMP Provincial,University Prov,2006,112.48
Crime Rates,Fraser Fort George,RCMP Provincial,Valemount Prov,2006,118.01
Crime Rates,Metro Vancouver,Independent Municipal,Vancouver Mun,2006,107.53
Crime Rates,Bulkley Nechako,RCMP Provincial,Vanderhoof Prov,2006,115.03
Crime Rates,North Okanagan,RCMP Municipal,Vernon Mun,2006,148.72
Crime Rates,North Okanagan,RCMP Provincial,Vernon Prov,2006,52.13
Crime Rates,Capital,Independent Municipal,Victoria Mun,2006,171.6
Crime Rates,Capital,RCMP Municipal,View Royal Mun,2006,84.47
Crime Rates,Cariboo,RCMP Provincial,Wells Prov,2006,103.35
Crime Rates,Central Okanagan,RCMP Municipal,West Kelowna Mun,2006,NA
Crime Rates,Capital,RCMP Provincial,West Shore Prov,2006,76.78
Crime Rates,Metro Vancouver,Independent Municipal,West Vancouver Mun,2006,58.63
Crime Rates,Squamish Lillooet,RCMP Municipal,Whistler Mun,2006,241.76
Crime Rates,Squamish Lillooet,RCMP Provincial,Whistler Prov,2006,124.16
Crime Rates,Metro Vancouver,RCMP Municipal,White Rock Mun,2006,77.23
Crime Rates,Cariboo,RCMP Municipal,Williams Lake Mun,2006,287.08
Crime Rates,Cariboo,RCMP Provincial,Williams Lake Prov,2006,47.93
Violent Offenses,Fraser Valley,Independent Municipal,Abbotsford Mun,2006,1912.0
Violent Offenses,Fraser Valley,RCMP Provincial,Agassiz Prov,2006,197.0
Violent Offenses,Mount Waddington,RCMP Provincial,Alert Bay Prov,2006,80.0
Violent Offenses,Cariboo,RCMP Provincial,Alexis Creek Prov,2006,170.0
Violent Offenses,Cariboo,RCMP Provincial,Anahim Lake Prov,2006,79.0
Violent Offenses,North Okanagan,RCMP Provincial,Armstrong Prov,2006,109.0
Violent Offenses,Thompson Nicola,RCMP Provincial,Ashcroft Prov,2006,123.0
Violent Offenses,Kitimat Stikine,RCMP Provincial,Atlin Prov,2006,19.0
Violent Offenses,Thompson Nicola,RCMP Provincial,Barriere Prov,2006,67.0
Violent Offenses,Central Coast,RCMP Provincial,Bella Bella Prov,2006,150.0
Violent Offenses,Central Coast,RCMP Provincial,Bella Coola Prov,2006,95.0
Violent Offenses,Fraser Valley,RCMP Provincial,Boston Bar Prov,2006,30.0
Violent Offenses,Kootenay Boundary,RCMP Provincial,Boundary/Grand Forks Prov,2006,86.0
Violent Offenses,Kootenay Boundary,RCMP Provincial,Boundary/Midway Prov,2006,34.0
Violent Offenses,Metro Vancouver,RCMP Provincial,Bowen Island Prov,2006,26.0
Violent Offenses,Metro Vancouver,RCMP Municipal,Burnaby Mun,2006,3127.0
Violent Offenses,Bulkley Nechako,RCMP Provincial,Burns Lake Prov,2006,449.0
Violent Offenses,Strathcona,RCMP Municipal,Campbell River Mun,2006,971.0
Violent Offenses,Strathcona,RCMP Provincial,Campbell River Prov,2006,100.0
Violent Offenses,Central Kootenay,RCMP Municipal,Castlegar Mun,2006,207.0
Violent Offenses,Central Kootenay,RCMP Provincial,Castlegar Prov,2006,56.0
Violent Offenses,Capital,Independent Municipal,Central Saanich Mun,2006,99.0
Violent Offenses,Thompson Nicola,RCMP Provincial,Chase Prov,2006,133.0
Violent Offenses,Peace River,RCMP Provincial,Chetwynd Prov,2006,246.0
Violent Offenses,Fraser Valley,RCMP Municipal,Chilliwack Mun,2006,1435.0
Violent Offenses,Fraser Valley,RCMP Provincial,Chilliwack Prov,2006,58.0
Violent Offenses,Thompson Nicola,RCMP Provincial,Clearwater Prov,2006,72.0
Violent Offenses,Thompson Nicola,RCMP Provincial,Clinton Prov,2006,39.0
Violent Offenses,North Okanagan,RCMP Municipal,Coldstream Mun,2006,46.0
Violent Offenses,East Kootenay,RCMP Provincial,Columbia Valley Prov,2006,237.0
Violent Offenses,Capital,RCMP Municipal,Colwood Mun,2006,166.0
Violent Offenses,Comox Valley,RCMP Municipal,Comox Mun,2006,91.0
Violent Offenses,Comox Valley,RCMP Provincial,Comox Valley Prov,2006,287.0
Violent Offenses,Metro Vancouver,RCMP Municipal,Coquitlam Mun,2006,1500.0
Violent Offenses,Metro Vancouver,RCMP Provincial,Coquitlam Prov,2006,23.0
Violent Offenses,Comox Valley,RCMP Municipal,Courtenay Mun,2006,571.0
Violent Offenses,East Kootenay,RCMP Municipal,Cranbrook Mun,2006,437.0
Violent Offenses,East Kootenay,RCMP Provincial,Cranbrook Prov,2006,50.0
Violent Offenses,Central Kootenay,RCMP Municipal,Creston Mun,2006,NA
Violent Offenses,Central Kootenay,RCMP Provincial,Creston Prov,2006,227.0
Violent Offenses,Peace River,RCMP Municipal,Dawson Creek Mun,2006,334.0
Violent Offenses,Peace River,RCMP Provincial,Dawson Creek Prov,2006,69.0
Violent Offenses,Kitimat Stikine,RCMP Provincial,Dease Lake Prov,2006,80.0
Violent Offenses,Metro Vancouver,Independent Municipal,Delta Mun,2006,1130.0
Violent Offenses,Cowichan Valley,RCMP Provincial,Duncan Prov,2006,654.0
Violent Offenses,East Kootenay,RCMP Provincial,Elk Valley Prov,2006,288.0
Violent Offenses,North Okanagan,RCMP Provincial,Enderby Prov,2006,164.0
Violent Offenses,Columbia Shuswap,RCMP Provincial,Falkland Prov,2006,25.0
Violent Offenses,Bulkley Nechako,RCMP Provincial,Fort St James Prov,2006,407.0
Violent Offenses,Peace River,RCMP Municipal,Fort St John Mun,2006,718.0
Violent Offenses,Peace River,RCMP Provincial,Fort St John Prov,2006,252.0
Violent Offenses,Bulkley Nechako,RCMP Provincial,Fraser Lake Prov,2006,82.0
Violent Offenses,Nanaimo,RCMP Provincial,Gabriola Island Prov,2006,34.0
Violent Offenses,Columbia Shuswap,RCMP Provincial,Golden Prov,2006,139.0
Violent Offenses,Fraser Valley,RCMP Municipal,Hope Mun,2006,174.0
Violent Offenses,Fraser Valley,RCMP Provincial,Hope  Prov,2006,37.0
Violent Offenses,Bulkley Nechako,RCMP Provincial,Houston/Granisle Prov,2006,148.0
Violent Offenses,Peace River,RCMP Provincial,Hudson's Hope Prov,2006,15.0
Violent Offenses,Thompson Nicola,RCMP Municipal,Kamloops Mun,2006,2479.0
Violent Offenses,Central Kootenay,RCMP Provincial,Kaslo Prov,2006,57.0
Violent Offenses,Central Okanagan,RCMP Municipal,Kelowna Mun,2006,2323.0
Violent Offenses,Central Okanagan,RCMP Provincial,Kelowna Prov,2006,633.0
Violent Offenses,Fraser Valley,RCMP Municipal,Kent Mun,2006,NA
Violent Offenses,Okanagan Similkameen,RCMP Provincial,Keremeos Prov,2006,62.0
Violent Offenses,East Kootenay,RCMP Municipal,Kimberley Mun,2006,94.0
Violent Offenses,East Kootenay,RCMP Provincial,Kimberley Prov,2006,19.0
Violent Offenses,Kitimat Stikine,RCMP Municipal,Kitimat Mun,2006,185.0
Violent Offenses,Kitimat Stikine,RCMP Provincial,Kitimat Prov,2006,21.0
Violent Offenses,Cowichan Valley,RCMP Municipal,Ladysmith Mun,2006,80.0
Violent Offenses,Cowichan Valley,RCMP Provincial,Ladysmith Prov,2006,83.0
Violent Offenses,Central Okanagan,RCMP Municipal,Lake Country Mun,2006,118.0
Violent Offenses,Cowichan Valley,RCMP Provincial,Lake Cowichan Prov,2006,182.0
Violent Offenses,Capital,RCMP Municipal,Langford Mun,2006,461.0
Violent Offenses,Metro Vancouver,RCMP Municipal,Langley City Mun,2006,603.0
Violent Offenses,Metro Vancouver,RCMP Municipal,Langley Township Mun,2006,1149.0
Violent Offenses,Squamish Lillooet,RCMP Provincial,Lillooet Prov,2006,113.0
Violent Offenses,Kitimat Stikine,RCMP Provincial,Lisims/Nass Valley Prov,2006,170.0
Violent Offenses,Thompson Nicola,RCMP Provincial,Logan Lake Prov,2006,50.0
Violent Offenses,North Okanagan,RCMP Provincial,Lumby Prov,2006,89.0
Violent Offenses,Thompson Nicola,RCMP Provincial,Lytton Prov,2006,108.0
Violent Offenses,Fraser Fort George,RCMP Provincial,Mackenzie Prov,2006,169.0
Violent Offenses,Metro Vancouver,RCMP Municipal,Maple Ridge Mun,2006,1120.0
Violent Offenses,North Coast Regional District (22),RCMP Provincial,Masset Prov,2006,170.0
Violent Offenses,Fraser Fort George,RCMP Provincial,McBride Prov,2006,33.0
Violent Offenses,Thompson Nicola,RCMP Municipal,Merritt Mun,2006,318.0
Violent Offenses,Thompson Nicola,RCMP Provincial,Merritt Prov,2006,118.0
Violent Offenses,Fraser Valley,RCMP Municipal,Mission Mun,2006,786.0
Violent Offenses,Fraser Valley,RCMP Provincial,Mission Prov,2006,93.0
Violent Offenses,Central Kootenay,RCMP Provincial,Nakusp Prov,2006,43.0
Violent Offenses,Nanaimo,RCMP Municipal,Nanaimo Mun,2006,2225.0
Violent Offenses,Nanaimo,RCMP Provincial,Nanaimo Prov,2006,174.0
Violent Offenses,Central Kootenay,Independent Municipal,Nelson Mun,2006,162.0
Violent Offenses,Central Kootenay,RCMP Provincial,Nelson Prov,2006,106.0
Violent Offenses,Kitimat Stikine,RCMP Provincial,New Hazelton Prov,2006,330.0
Violent Offenses,Metro Vancouver,Independent Municipal,New Westminster Mun,2006,1437.0
Violent Offenses,Strathcona,RCMP Provincial,Nootka Sound Prov,2006,66.0
Violent Offenses,Cowichan Valley,RCMP Municipal,North Cowichan Mun,2006,500.0
Violent Offenses,Capital,RCMP Municipal,North Saanich Mun,2006,58.0
Violent Offenses,Metro Vancouver,RCMP Municipal,North Vancouver City Mun,2006,772.0
Violent Offenses,Metro Vancouver,RCMP Municipal,North Vancouver District Mun,2006,660.0
Violent Offenses,Metro Vancouver,RCMP Provincial,North Vancouver Prov,2006,73.0
Violent Offenses,Northern Rockies,RCMP Municipal,Northern Rockies Mun,2006,NA
Violent Offenses,Northern Rockies,RCMP Provincial,Northern Rockies Prov,2006,358.0
Violent Offenses,Capital,Independent Municipal,Oak Bay Mun,2006,47.0
Violent Offenses,Nanaimo,RCMP Provincial,Oceanside Prov,2006,303.0
Violent Offenses,Cariboo,RCMP Provincial,One Hundred Mile House Prov,2006,290.0
Violent Offenses,Capital,RCMP Provincial,Outer Gulf  Islands Prov,2006,53.0
Violent Offenses,Nanaimo,RCMP Municipal,Parksville Mun,2006,205.0
Violent Offenses,Central Okanagan,RCMP Municipal,Peachland Mun,2006,NA
Violent Offenses,Squamish Lillooet,RCMP Provincial,Pemberton Prov,2006,58.0
Violent Offenses,Okanagan Similkameen,RCMP Municipal,Penticton Mun,2006,776.0
Violent Offenses,Okanagan Similkameen,RCMP Provincial,Penticton Prov,2006,138.0
Violent Offenses,Metro Vancouver,RCMP Municipal,Pitt Meadows Mun,2006,201.0
Violent Offenses,Alberni Clayoquot,RCMP Municipal,Port Alberni Mun,2006,727.0
Violent Offenses,Alberni Clayoquot,RCMP Provincial,Port Alberni Prov,2006,136.0
Violent Offenses,Mount Waddington,RCMP Provincial,Port Alice Prov,2006,24.0
Violent Offenses,Metro Vancouver,RCMP Municipal,Port Coquitlam Mun,2006,791.0
Violent Offenses,Mount Waddington,RCMP Provincial,Port Hardy Prov,2006,357.0
Violent Offenses,Mount Waddington,RCMP Provincial,Port McNeill Prov,2006,112.0
Violent Offenses,Metro Vancouver,Independent Municipal,Port Moody Mun,2006,227.0
Violent Offenses,Powell River,RCMP Municipal,Powell River Mun,2006,286.0
Violent Offenses,Powell River,RCMP Provincial,Powell River Prov,2006,140.0
Violent Offenses,Fraser Fort George,RCMP Municipal,Prince George Mun,2006,2734.0
Violent Offenses,Fraser Fort George,RCMP Provincial,Prince George Prov,2006,132.0
Violent Offenses,North Coast Regional District (22),RCMP Municipal,Prince Rupert Mun,2006,739.0
Violent Offenses,North Coast Regional District (22),RCMP Provincial,Prince Rupert Prov,2006,110.0
Violent Offenses,Okanagan Similkameen,RCMP Provincial,Princeton Prov,2006,100.0
Violent Offenses,Strathcona,RCMP Provincial,Quadra Island Prov,2006,77.0
Violent Offenses,Nanaimo,RCMP Municipal,Qualicum Beach Mun,2006,60.0
Violent Offenses,North Coast Regional District (22),RCMP Provincial,Queen Charlotte Prov,2006,92.0
Violent Offenses,Cariboo,RCMP Municipal,Quesnel Mun,2006,564.0
Violent Offenses,Cariboo,RCMP Provincial,Quesnel Prov,2006,186.0
Violent Offenses,Columbia Shuswap,RCMP Municipal,Revelstoke Mun,2006,159.0
Violent Offenses,Columbia Shuswap,RCMP Provincial,Revelstoke Prov,2006,10.0
Violent Offenses,Metro Vancouver,RCMP Municipal,Richmond Mun,2006,1720.0
Violent Offenses,Metro Vancouver,RCMP Provincial,Ridge Meadows Prov,2006,21.0
Violent Offenses,Capital,Independent Municipal,Saanich Mun,2006,892.0
Violent Offenses,Central Kootenay,RCMP Provincial,Salmo Prov,2006,50.0
Violent Offenses,Columbia Shuswap,RCMP Municipal,Salmon Arm Mun,2006,324.0
Violent Offenses,Columbia Shuswap,RCMP Provincial,Salmon Arm Prov,2006,126.0
Violent Offenses,Capital,RCMP Provincial,Saltspring Island Prov,2006,149.0
Violent Offenses,Strathcona,RCMP Provincial,Sayward Prov,2006,26.0
Violent Offenses,Sunshine Coast,RCMP Municipal,Sechelt Mun,2006,126.0
Violent Offenses,Cowichan Valley,RCMP Provincial,Shawnigan Lake Prov,2006,163.0
Violent Offenses,Columbia Shuswap,RCMP Provincial,Sicamous Prov,2006,96.0
Violent Offenses,Capital,RCMP Municipal,Sidney Mun,2006,98.0
Violent Offenses,Capital,RCMP Provincial,Sidney Prov,2006,82.0
Violent Offenses,Central Kootenay,RCMP Provincial,Slocan Lake Prov,2006,17.0
Violent Offenses,Bulkley Nechako,RCMP Municipal,Smithers Mun,2006,251.0
Violent Offenses,Bulkley Nechako,RCMP Provincial,Smithers Prov,2006,134.0
Violent Offenses,Capital,RCMP Municipal,Sooke Mun,2006,167.0
Violent Offenses,Capital,RCMP Provincial,Sooke Prov,2006,76.0
Violent Offenses,Okanagan Similkameen,RCMP Provincial,South Okanagan/Oliver,2006,128.0
Violent Offenses,Okanagan Similkameen,RCMP Provincial,South Okanagan/Osoyoos,2006,94.0
Violent Offenses,North Okanagan,RCMP Municipal,Spallumcheen Mun,2006,NA
Violent Offenses,Squamish Lillooet,RCMP Municipal,Squamish Mun,2006,460.0
Violent Offenses,Squamish Lillooet,RCMP Provincial,Squamish Prov,2006,31.0
Violent Offenses,Kitimat Stikine,RCMP Provincial,Stewart Prov,2006,9.0
Violent Offenses,Squamish Lillooet,First Nations Aboriginal Police Service,Stl'atl'imx FNAPS,2006,222.0
Violent Offenses,Okanagan Similkameen,RCMP Municipal,Summerland Mun,2006,115.0
Violent Offenses,Sunshine Coast,RCMP Provincial,Sunshine Coast Prov,2006,232.0
Violent Offenses,Metro Vancouver,RCMP Municipal,Surrey Mun,2006,8447.0
Violent Offenses,Bulkley Nechako,RCMP Provincial,Takla Landing Prov,2006,36.0
Violent Offenses,Kitimat Stikine,RCMP Municipal,Terrace Mun,2006,564.0
Violent Offenses,Kitimat Stikine,RCMP Provincial,Terrace Prov,2006,181.0
Violent Offenses,Powell River,RCMP Provincial,Texada Island Prov,2006,10.0
Violent Offenses,Thompson Nicola,RCMP Provincial,T'Kumlups Prov,2006,149.0
Violent Offenses,Alberni Clayoquot,RCMP Provincial,Tofino Prov,2006,155.0
Violent Offenses,Kootenay Boundary,RCMP Municipal,Trail Mun,2006,178.0
Violent Offenses,Kootenay Boundary,RCMP Provincial,Trail and Greater District,2006,92.0
Violent Offenses,Fraser Fort George,RCMP Provincial,Tsay Keh Dene Prov,2006,112.0
Violent Offenses,Peace River,RCMP Provincial,Tumbler Ridge Prov,2006,100.0
Violent Offenses,Alberni Clayoquot,RCMP Provincial,Ucluelet Prov,2006,91.0
Violent Offenses,Metro Vancouver,RCMP Provincial,University Prov,2006,119.0
Violent Offenses,Fraser Fort George,RCMP Provincial,Valemount Prov,2006,42.0
Violent Offenses,Metro Vancouver,Independent Municipal,Vancouver Mun,2006,11015.0
Violent Offenses,Bulkley Nechako,RCMP Provincial,Vanderhoof Prov,2006,199.0
Violent Offenses,North Okanagan,RCMP Municipal,Vernon Mun,2006,820.0
Violent Offenses,North Okanagan,RCMP Provincial,Vernon Prov,2006,103.0
Violent Offenses,Capital,Independent Municipal,Victoria Mun,2006,2329.0
Violent Offenses,Capital,RCMP Municipal,View Royal Mun,2006,106.0
Violent Offenses,Cariboo,RCMP Provincial,Wells Prov,2006,6.0
Violent Offenses,Central Okanagan,RCMP Municipal,West Kelowna Mun,2006,NA
Violent Offenses,Capital,RCMP Provincial,West Shore Prov,2006,112.0
Violent Offenses,Metro Vancouver,Independent Municipal,West Vancouver Mun,2006,394.0
Violent Offenses,Squamish Lillooet,RCMP Municipal,Whistler Mun,2006,253.0
Violent Offenses,Squamish Lillooet,RCMP Provincial,Whistler Prov,2006,2.0
Violent Offenses,Metro Vancouver,RCMP Municipal,White Rock Mun,2006,221.0
Violent Offenses,Cariboo,RCMP Municipal,Williams Lake Mun,2006,628.0
Violent Offenses,Cariboo,RCMP Provincial,Williams Lake Prov,2006,172.0
Property Offenses,Fraser Valley,Independent Municipal,Abbotsford Mun,2006,9629.0
Property Offenses,Fraser Valley,RCMP Provincial,Agassiz Prov,2006,873.0
Property Offenses,Mount Waddington,RCMP Provincial,Alert Bay Prov,2006,82.0
Property Offenses,Cariboo,RCMP Provincial,Alexis Creek Prov,2006,221.0
Property Offenses,Cariboo,RCMP Provincial,Anahim Lake Prov,2006,67.0
Property Offenses,North Okanagan,RCMP Provincial,Armstrong Prov,2006,385.0
Property Offenses,Thompson Nicola,RCMP Provincial,Ashcroft Prov,2006,261.0
Property Offenses,Kitimat Stikine,RCMP Provincial,Atlin Prov,2006,27.0
Property Offenses,Thompson Nicola,RCMP Provincial,Barriere Prov,2006,158.0
Property Offenses,Central Coast,RCMP Provincial,Bella Bella Prov,2006,195.0
Property Offenses,Central Coast,RCMP Provincial,Bella Coola Prov,2006,169.0
Property Offenses,Fraser Valley,RCMP Provincial,Boston Bar Prov,2006,78.0
Property Offenses,Kootenay Boundary,RCMP Provincial,Boundary/Grand Forks Prov,2006,400.0
Property Offenses,Kootenay Boundary,RCMP Provincial,Boundary/Midway Prov,2006,112.0
Property Offenses,Metro Vancouver,RCMP Provincial,Bowen Island Prov,2006,72.0
Property Offenses,Metro Vancouver,RCMP Municipal,Burnaby Mun,2006,16410.0
Property Offenses,Bulkley Nechako,RCMP Provincial,Burns Lake Prov,2006,409.0
Property Offenses,Strathcona,RCMP Municipal,Campbell River Mun,2006,2718.0
Property Offenses,Strathcona,RCMP Provincial,Campbell River Prov,2006,269.0
Property Offenses,Central Kootenay,RCMP Municipal,Castlegar Mun,2006,647.0
Property Offenses,Central Kootenay,RCMP Provincial,Castlegar Prov,2006,163.0
Property Offenses,Capital,Independent Municipal,Central Saanich Mun,2006,560.0
Property Offenses,Thompson Nicola,RCMP Provincial,Chase Prov,2006,427.0
Property Offenses,Peace River,RCMP Provincial,Chetwynd Prov,2006,416.0
Property Offenses,Fraser Valley,RCMP Municipal,Chilliwack Mun,2006,7658.0
Property Offenses,Fraser Valley,RCMP Provincial,Chilliwack Prov,2006,272.0
Property Offenses,Thompson Nicola,RCMP Provincial,Clearwater Prov,2006,224.0
Property Offenses,Thompson Nicola,RCMP Provincial,Clinton Prov,2006,99.0
Property Offenses,North Okanagan,RCMP Municipal,Coldstream Mun,2006,289.0
Property Offenses,East Kootenay,RCMP Provincial,Columbia Valley Prov,2006,579.0
Property Offenses,Capital,RCMP Municipal,Colwood Mun,2006,1014.0
Property Offenses,Comox Valley,RCMP Municipal,Comox Mun,2006,356.0
Property Offenses,Comox Valley,RCMP Provincial,Comox Valley Prov,2006,902.0
Property Offenses,Metro Vancouver,RCMP Municipal,Coquitlam Mun,2006,7073.0
Property Offenses,Metro Vancouver,RCMP Provincial,Coquitlam Prov,2006,76.0
Property Offenses,Comox Valley,RCMP Municipal,Courtenay Mun,2006,2017.0
Property Offenses,East Kootenay,RCMP Municipal,Cranbrook Mun,2006,1392.0
Property Offenses,East Kootenay,RCMP Provincial,Cranbrook Prov,2006,180.0
Property Offenses,Central Kootenay,RCMP Municipal,Creston Mun,2006,NA
Property Offenses,Central Kootenay,RCMP Provincial,Creston Prov,2006,839.0
Property Offenses,Peace River,RCMP Municipal,Dawson Creek Mun,2006,1246.0
Property Offenses,Peace River,RCMP Provincial,Dawson Creek Prov,2006,221.0
Property Offenses,Kitimat Stikine,RCMP Provincial,Dease Lake Prov,2006,78.0
Property Offenses,Metro Vancouver,Independent Municipal,Delta Mun,2006,4867.0
Property Offenses,Cowichan Valley,RCMP Provincial,Duncan Prov,2006,2038.0
Property Offenses,East Kootenay,RCMP Provincial,Elk Valley Prov,2006,872.0
Property Offenses,North Okanagan,RCMP Provincial,Enderby Prov,2006,449.0
Property Offenses,Columbia Shuswap,RCMP Provincial,Falkland Prov,2006,72.0
Property Offenses,Bulkley Nechako,RCMP Provincial,Fort St James Prov,2006,644.0
Property Offenses,Peace River,RCMP Municipal,Fort St John Mun,2006,2064.0
Property Offenses,Peace River,RCMP Provincial,Fort St John Prov,2006,465.0
Property Offenses,Bulkley Nechako,RCMP Provincial,Fraser Lake Prov,2006,95.0
Property Offenses,Nanaimo,RCMP Provincial,Gabriola Island Prov,2006,103.0
Property Offenses,Columbia Shuswap,RCMP Provincial,Golden Prov,2006,486.0
Property Offenses,Fraser Valley,RCMP Municipal,Hope Mun,2006,760.0
Property Offenses,Fraser Valley,RCMP Provincial,Hope  Prov,2006,209.0
Property Offenses,Bulkley Nechako,RCMP Provincial,Houston/Granisle Prov,2006,174.0
Property Offenses,Peace River,RCMP Provincial,Hudson's Hope Prov,2006,25.0
Property Offenses,Thompson Nicola,RCMP Municipal,Kamloops Mun,2006,8064.0
Property Offenses,Central Kootenay,RCMP Provincial,Kaslo Prov,2006,159.0
Property Offenses,Central Okanagan,RCMP Municipal,Kelowna Mun,2006,10172.0
Property Offenses,Central Okanagan,RCMP Provincial,Kelowna Prov,2006,2407.0
Property Offenses,Fraser Valley,RCMP Municipal,Kent Mun,2006,NA
Property Offenses,Okanagan Similkameen,RCMP Provincial,Keremeos Prov,2006,164.0
Property Offenses,East Kootenay,RCMP Municipal,Kimberley Mun,2006,296.0
Property Offenses,East Kootenay,RCMP Provincial,Kimberley Prov,2006,66.0
Property Offenses,Kitimat Stikine,RCMP Municipal,Kitimat Mun,2006,423.0
Property Offenses,Kitimat Stikine,RCMP Provincial,Kitimat Prov,2006,31.0
Property Offenses,Cowichan Valley,RCMP Municipal,Ladysmith Mun,2006,387.0
Property Offenses,Cowichan Valley,RCMP Provincial,Ladysmith Prov,2006,281.0
Property Offenses,Central Okanagan,RCMP Municipal,Lake Country Mun,2006,425.0
Property Offenses,Cowichan Valley,RCMP Provincial,Lake Cowichan Prov,2006,411.0
Property Offenses,Capital,RCMP Municipal,Langford Mun,2006,2103.0
Property Offenses,Metro Vancouver,RCMP Municipal,Langley City Mun,2006,2737.0
Property Offenses,Metro Vancouver,RCMP Municipal,Langley Township Mun,2006,7082.0
Property Offenses,Squamish Lillooet,RCMP Provincial,Lillooet Prov,2006,202.0
Property Offenses,Kitimat Stikine,RCMP Provincial,Lisims/Nass Valley Prov,2006,129.0
Property Offenses,Thompson Nicola,RCMP Provincial,Logan Lake Prov,2006,127.0
Property Offenses,North Okanagan,RCMP Provincial,Lumby Prov,2006,247.0
Property Offenses,Thompson Nicola,RCMP Provincial,Lytton Prov,2006,127.0
Property Offenses,Fraser Fort George,RCMP Provincial,Mackenzie Prov,2006,211.0
Property Offenses,Metro Vancouver,RCMP Municipal,Maple Ridge Mun,2006,5274.0
Property Offenses,North Coast Regional District (22),RCMP Provincial,Masset Prov,2006,257.0
Property Offenses,Fraser Fort George,RCMP Provincial,McBride Prov,2006,143.0
Property Offenses,Thompson Nicola,RCMP Municipal,Merritt Mun,2006,988.0
Property Offenses,Thompson Nicola,RCMP Provincial,Merritt Prov,2006,189.0
Property Offenses,Fraser Valley,RCMP Municipal,Mission Mun,2006,2958.0
Property Offenses,Fraser Valley,RCMP Provincial,Mission Prov,2006,360.0
Property Offenses,Central Kootenay,RCMP Provincial,Nakusp Prov,2006,155.0
Property Offenses,Nanaimo,RCMP Municipal,Nanaimo Mun,2006,8025.0
Property Offenses,Nanaimo,RCMP Provincial,Nanaimo Prov,2006,557.0
Property Offenses,Central Kootenay,Independent Municipal,Nelson Mun,2006,811.0
Property Offenses,Central Kootenay,RCMP Provincial,Nelson Prov,2006,236.0
Property Offenses,Kitimat Stikine,RCMP Provincial,New Hazelton Prov,2006,275.0
Property Offenses,Metro Vancouver,Independent Municipal,New Westminster Mun,2006,4609.0
Property Offenses,Strathcona,RCMP Provincial,Nootka Sound Prov,2006,161.0
Property Offenses,Cowichan Valley,RCMP Municipal,North Cowichan Mun,2006,1798.0
Property Offenses,Capital,RCMP Municipal,North Saanich Mun,2006,301.0
Property Offenses,Metro Vancouver,RCMP Municipal,North Vancouver City Mun,2006,3008.0
Property Offenses,Metro Vancouver,RCMP Municipal,North Vancouver District Mun,2006,3330.0
Property Offenses,Metro Vancouver,RCMP Provincial,North Vancouver Prov,2006,140.0
Property Offenses,Northern Rockies,RCMP Municipal,Northern Rockies Mun,2006,NA
Property Offenses,Northern Rockies,RCMP Provincial,Northern Rockies Prov,2006,651.0
Property Offenses,Capital,Independent Municipal,Oak Bay Mun,2006,826.0
Property Offenses,Nanaimo,RCMP Provincial,Oceanside Prov,2006,1118.0
Property Offenses,Cariboo,RCMP Provincial,One Hundred Mile House Prov,2006,758.0
Property Offenses,Capital,RCMP Provincial,Outer Gulf  Islands Prov,2006,135.0
Property Offenses,Nanaimo,RCMP Municipal,Parksville Mun,2006,1072.0
Property Offenses,Central Okanagan,RCMP Municipal,Peachland Mun,2006,NA
Property Offenses,Squamish Lillooet,RCMP Provincial,Pemberton Prov,2006,176.0
Property Offenses,Okanagan Similkameen,RCMP Municipal,Penticton Mun,2006,3119.0
Property Offenses,Okanagan Similkameen,RCMP Provincial,Penticton Prov,2006,542.0
Property Offenses,Metro Vancouver,RCMP Municipal,Pitt Meadows Mun,2006,1023.0
Property Offenses,Alberni Clayoquot,RCMP Municipal,Port Alberni Mun,2006,2383.0
Property Offenses,Alberni Clayoquot,RCMP Provincial,Port Alberni Prov,2006,475.0
Property Offenses,Mount Waddington,RCMP Provincial,Port Alice Prov,2006,67.0
Property Offenses,Metro Vancouver,RCMP Municipal,Port Coquitlam Mun,2006,4031.0
Property Offenses,Mount Waddington,RCMP Provincial,Port Hardy Prov,2006,516.0
Property Offenses,Mount Waddington,RCMP Provincial,Port McNeill Prov,2006,264.0
Property Offenses,Metro Vancouver,Independent Municipal,Port Moody Mun,2006,1404.0
Property Offenses,Powell River,RCMP Municipal,Powell River Mun,2006,889.0
Property Offenses,Powell River,RCMP Provincial,Powell River Prov,2006,211.0
Property Offenses,Fraser Fort George,RCMP Municipal,Prince George Mun,2006,8433.0
Property Offenses,Fraser Fort George,RCMP Provincial,Prince George Prov,2006,439.0
Property Offenses,North Coast Regional District (22),RCMP Municipal,Prince Rupert Mun,2006,1268.0
Property Offenses,North Coast Regional District (22),RCMP Provincial,Prince Rupert Prov,2006,154.0
Property Offenses,Okanagan Similkameen,RCMP Provincial,Princeton Prov,2006,251.0
Property Offenses,Strathcona,RCMP Provincial,Quadra Island Prov,2006,87.0
Property Offenses,Nanaimo,RCMP Municipal,Qualicum Beach Mun,2006,588.0
Property Offenses,North Coast Regional District (22),RCMP Provincial,Queen Charlotte Prov,2006,170.0
Property Offenses,Cariboo,RCMP Municipal,Quesnel Mun,2006,1234.0
Property Offenses,Cariboo,RCMP Provincial,Quesnel Prov,2006,368.0
Property Offenses,Columbia Shuswap,RCMP Municipal,Revelstoke Mun,2006,414.0
Property Offenses,Columbia Shuswap,RCMP Provincial,Revelstoke Prov,2006,51.0
Property Offenses,Metro Vancouver,RCMP Municipal,Richmond Mun,2006,9579.0
Property Offenses,Metro Vancouver,RCMP Provincial,Ridge Meadows Prov,2006,45.0
Property Offenses,Capital,Independent Municipal,Saanich Mun,2006,5035.0
Property Offenses,Central Kootenay,RCMP Provincial,Salmo Prov,2006,138.0
Property Offenses,Columbia Shuswap,RCMP Municipal,Salmon Arm Mun,2006,1264.0
Property Offenses,Columbia Shuswap,RCMP Provincial,Salmon Arm Prov,2006,413.0
Property Offenses,Capital,RCMP Provincial,Saltspring Island Prov,2006,359.0
Property Offenses,Strathcona,RCMP Provincial,Sayward Prov,2006,54.0
Property Offenses,Sunshine Coast,RCMP Municipal,Sechelt Mun,2006,523.0
Property Offenses,Cowichan Valley,RCMP Provincial,Shawnigan Lake Prov,2006,615.0
Property Offenses,Columbia Shuswap,RCMP Provincial,Sicamous Prov,2006,339.0
Property Offenses,Capital,RCMP Municipal,Sidney Mun,2006,491.0
Property Offenses,Capital,RCMP Provincial,Sidney Prov,2006,118.0
Property Offenses,Central Kootenay,RCMP Provincial,Slocan Lake Prov,2006,72.0
Property Offenses,Bulkley Nechako,RCMP Municipal,Smithers Mun,2006,657.0
Property Offenses,Bulkley Nechako,RCMP Provincial,Smithers Prov,2006,174.0
Property Offenses,Capital,RCMP Municipal,Sooke Mun,2006,711.0
Property Offenses,Capital,RCMP Provincial,Sooke Prov,2006,307.0
Property Offenses,Okanagan Similkameen,RCMP Provincial,South Okanagan/Oliver,2006,741.0
Property Offenses,Okanagan Similkameen,RCMP Provincial,South Okanagan/Osoyoos,2006,667.0
Property Offenses,North Okanagan,RCMP Municipal,Spallumcheen Mun,2006,NA
Property Offenses,Squamish Lillooet,RCMP Municipal,Squamish Mun,2006,1621.0
Property Offenses,Squamish Lillooet,RCMP Provincial,Squamish Prov,2006,156.0
Property Offenses,Kitimat Stikine,RCMP Provincial,Stewart Prov,2006,41.0
Property Offenses,Squamish Lillooet,First Nations Aboriginal Police Service,Stl'atl'imx FNAPS,2006,164.0
Property Offenses,Okanagan Similkameen,RCMP Municipal,Summerland Mun,2006,471.0
Property Offenses,Sunshine Coast,RCMP Provincial,Sunshine Coast Prov,2006,823.0
Property Offenses,Metro Vancouver,RCMP Municipal,Surrey Mun,2006,31546.0
Property Offenses,Bulkley Nechako,RCMP Provincial,Takla Landing Prov,2006,28.0
Property Offenses,Kitimat Stikine,RCMP Municipal,Terrace Mun,2006,1163.0
Property Offenses,Kitimat Stikine,RCMP Provincial,Terrace Prov,2006,390.0
Property Offenses,Powell River,RCMP Provincial,Texada Island Prov,2006,44.0
Property Offenses,Thompson Nicola,RCMP Provincial,T'Kumlups Prov,2006,567.0
Property Offenses,Alberni Clayoquot,RCMP Provincial,Tofino Prov,2006,285.0
Property Offenses,Kootenay Boundary,RCMP Municipal,Trail Mun,2006,634.0
Property Offenses,Kootenay Boundary,RCMP Provincial,Trail and Greater District,2006,323.0
Property Offenses,Fraser Fort George,RCMP Provincial,Tsay Keh Dene Prov,2006,62.0
Property Offenses,Peace River,RCMP Provincial,Tumbler Ridge Prov,2006,241.0
Property Offenses,Alberni Clayoquot,RCMP Provincial,Ucluelet Prov,2006,155.0
Property Offenses,Metro Vancouver,RCMP Provincial,University Prov,2006,1025.0
Property Offenses,Fraser Fort George,RCMP Provincial,Valemount Prov,2006,102.0
Property Offenses,Metro Vancouver,Independent Municipal,Vancouver Mun,2006,46712.0
Property Offenses,Bulkley Nechako,RCMP Provincial,Vanderhoof Prov,2006,424.0
Property Offenses,North Okanagan,RCMP Municipal,Vernon Mun,2006,4046.0
Property Offenses,North Okanagan,RCMP Provincial,Vernon Prov,2006,567.0
Property Offenses,Capital,Independent Municipal,Victoria Mun,2006,12175.0
Property Offenses,Capital,RCMP Municipal,View Royal Mun,2006,547.0
Property Offenses,Cariboo,RCMP Provincial,Wells Prov,2006,22.0
Property Offenses,Central Okanagan,RCMP Municipal,West Kelowna Mun,2006,NA
Property Offenses,Capital,RCMP Provincial,West Shore Prov,2006,500.0
Property Offenses,Metro Vancouver,Independent Municipal,West Vancouver Mun,2006,1988.0
Property Offenses,Squamish Lillooet,RCMP Municipal,Whistler Mun,2006,1671.0
Property Offenses,Squamish Lillooet,RCMP Provincial,Whistler Prov,2006,32.0
Property Offenses,Metro Vancouver,RCMP Municipal,White Rock Mun,2006,903.0
Property Offenses,Cariboo,RCMP Municipal,Williams Lake Mun,2006,1783.0
Property Offenses,Cariboo,RCMP Provincial,Williams Lake Prov,2006,373.0
Other CCC Offenses,Fraser Valley,Independent Municipal,Abbotsford Mun,2006,1103.0
Other CCC Offenses,Fraser Valley,RCMP Provincial,Agassiz Prov,2006,212.0
Other CCC Offenses,Mount Waddington,RCMP Provincial,Alert Bay Prov,2006,97.0
Other CCC Offenses,Cariboo,RCMP Provincial,Alexis Creek Prov,2006,166.0
Other CCC Offenses,Cariboo,RCMP Provincial,Anahim Lake Prov,2006,139.0
Other CCC Offenses,North Okanagan,RCMP Provincial,Armstrong Prov,2006,96.0
Other CCC Offenses,Thompson Nicola,RCMP Provincial,Ashcroft Prov,2006,179.0
Other CCC Offenses,Kitimat Stikine,RCMP Provincial,Atlin Prov,2006,33.0
Other CCC Offenses,Thompson Nicola,RCMP Provincial,Barriere Prov,2006,36.0
Other CCC Offenses,Central Coast,RCMP Provincial,Bella Bella Prov,2006,269.0
Other CCC Offenses,Central Coast,RCMP Provincial,Bella Coola Prov,2006,144.0
Other CCC Offenses,Fraser Valley,RCMP Provincial,Boston Bar Prov,2006,27.0
Other CCC Offenses,Kootenay Boundary,RCMP Provincial,Boundary/Grand Forks Prov,2006,114.0
Other CCC Offenses,Kootenay Boundary,RCMP Provincial,Boundary/Midway Prov,2006,44.0
Other CCC Offenses,Metro Vancouver,RCMP Provincial,Bowen Island Prov,2006,25.0
Other CCC Offenses,Metro Vancouver,RCMP Municipal,Burnaby Mun,2006,3449.0
Other CCC Offenses,Bulkley Nechako,RCMP Provincial,Burns Lake Prov,2006,872.0
Other CCC Offenses,Strathcona,RCMP Municipal,Campbell River Mun,2006,1657.0
Other CCC Offenses,Strathcona,RCMP Provincial,Campbell River Prov,2006,184.0
Other CCC Offenses,Central Kootenay,RCMP Municipal,Castlegar Mun,2006,360.0
Other CCC Offenses,Central Kootenay,RCMP Provincial,Castlegar Prov,2006,89.0
Other CCC Offenses,Capital,Independent Municipal,Central Saanich Mun,2006,61.0
Other CCC Offenses,Thompson Nicola,RCMP Provincial,Chase Prov,2006,193.0
Other CCC Offenses,Peace River,RCMP Provincial,Chetwynd Prov,2006,370.0
Other CCC Offenses,Fraser Valley,RCMP Municipal,Chilliwack Mun,2006,1759.0
Other CCC Offenses,Fraser Valley,RCMP Provincial,Chilliwack Prov,2006,63.0
Other CCC Offenses,Thompson Nicola,RCMP Provincial,Clearwater Prov,2006,90.0
Other CCC Offenses,Thompson Nicola,RCMP Provincial,Clinton Prov,2006,41.0
Other CCC Offenses,North Okanagan,RCMP Municipal,Coldstream Mun,2006,17.0
Other CCC Offenses,East Kootenay,RCMP Provincial,Columbia Valley Prov,2006,283.0
Other CCC Offenses,Capital,RCMP Municipal,Colwood Mun,2006,210.0
Other CCC Offenses,Comox Valley,RCMP Municipal,Comox Mun,2006,116.0
Other CCC Offenses,Comox Valley,RCMP Provincial,Comox Valley Prov,2006,277.0
Other CCC Offenses,Metro Vancouver,RCMP Municipal,Coquitlam Mun,2006,1885.0
Other CCC Offenses,Metro Vancouver,RCMP Provincial,Coquitlam Prov,2006,19.0
Other CCC Offenses,Comox Valley,RCMP Municipal,Courtenay Mun,2006,812.0
Other CCC Offenses,East Kootenay,RCMP Municipal,Cranbrook Mun,2006,506.0
Other CCC Offenses,East Kootenay,RCMP Provincial,Cranbrook Prov,2006,53.0
Other CCC Offenses,Central Kootenay,RCMP Municipal,Creston Mun,2006,NA
Other CCC Offenses,Central Kootenay,RCMP Provincial,Creston Prov,2006,234.0
Other CCC Offenses,Peace River,RCMP Municipal,Dawson Creek Mun,2006,715.0
Other CCC Offenses,Peace River,RCMP Provincial,Dawson Creek Prov,2006,74.0
Other CCC Offenses,Kitimat Stikine,RCMP Provincial,Dease Lake Prov,2006,123.0
Other CCC Offenses,Metro Vancouver,Independent Municipal,Delta Mun,2006,962.0
Other CCC Offenses,Cowichan Valley,RCMP Provincial,Duncan Prov,2006,636.0
Other CCC Offenses,East Kootenay,RCMP Provincial,Elk Valley Prov,2006,304.0
Other CCC Offenses,North Okanagan,RCMP Provincial,Enderby Prov,2006,159.0
Other CCC Offenses,Columbia Shuswap,RCMP Provincial,Falkland Prov,2006,20.0
Other CCC Offenses,Bulkley Nechako,RCMP Provincial,Fort St James Prov,2006,431.0
Other CCC Offenses,Peace River,RCMP Municipal,Fort St John Mun,2006,1033.0
Other CCC Offenses,Peace River,RCMP Provincial,Fort St John Prov,2006,141.0
Other CCC Offenses,Bulkley Nechako,RCMP Provincial,Fraser Lake Prov,2006,60.0
Other CCC Offenses,Nanaimo,RCMP Provincial,Gabriola Island Prov,2006,32.0
Other CCC Offenses,Columbia Shuswap,RCMP Provincial,Golden Prov,2006,137.0
Other CCC Offenses,Fraser Valley,RCMP Municipal,Hope Mun,2006,229.0
Other CCC Offenses,Fraser Valley,RCMP Provincial,Hope  Prov,2006,45.0
Other CCC Offenses,Bulkley Nechako,RCMP Provincial,Houston/Granisle Prov,2006,207.0
Other CCC Offenses,Peace River,RCMP Provincial,Hudson's Hope Prov,2006,18.0
Other CCC Offenses,Thompson Nicola,RCMP Municipal,Kamloops Mun,2006,2679.0
Other CCC Offenses,Central Kootenay,RCMP Provincial,Kaslo Prov,2006,45.0
Other CCC Offenses,Central Okanagan,RCMP Municipal,Kelowna Mun,2006,2573.0
Other CCC Offenses,Central Okanagan,RCMP Provincial,Kelowna Prov,2006,420.0
Other CCC Offenses,Fraser Valley,RCMP Municipal,Kent Mun,2006,NA
Other CCC Offenses,Okanagan Similkameen,RCMP Provincial,Keremeos Prov,2006,61.0
Other CCC Offenses,East Kootenay,RCMP Municipal,Kimberley Mun,2006,105.0
Other CCC Offenses,East Kootenay,RCMP Provincial,Kimberley Prov,2006,22.0
Other CCC Offenses,Kitimat Stikine,RCMP Municipal,Kitimat Mun,2006,143.0
Other CCC Offenses,Kitimat Stikine,RCMP Provincial,Kitimat Prov,2006,21.0
Other CCC Offenses,Cowichan Valley,RCMP Municipal,Ladysmith Mun,2006,75.0
Other CCC Offenses,Cowichan Valley,RCMP Provincial,Ladysmith Prov,2006,50.0
Other CCC Offenses,Central Okanagan,RCMP Municipal,Lake Country Mun,2006,141.0
Other CCC Offenses,Cowichan Valley,RCMP Provincial,Lake Cowichan Prov,2006,244.0
Other CCC Offenses,Capital,RCMP Municipal,Langford Mun,2006,426.0
Other CCC Offenses,Metro Vancouver,RCMP Municipal,Langley City Mun,2006,1078.0
Other CCC Offenses,Metro Vancouver,RCMP Municipal,Langley Township Mun,2006,1412.0
Other CCC Offenses,Squamish Lillooet,RCMP Provincial,Lillooet Prov,2006,190.0
Other CCC Offenses,Kitimat Stikine,RCMP Provincial,Lisims/Nass Valley Prov,2006,202.0
Other CCC Offenses,Thompson Nicola,RCMP Provincial,Logan Lake Prov,2006,43.0
Other CCC Offenses,North Okanagan,RCMP Provincial,Lumby Prov,2006,46.0
Other CCC Offenses,Thompson Nicola,RCMP Provincial,Lytton Prov,2006,112.0
Other CCC Offenses,Fraser Fort George,RCMP Provincial,Mackenzie Prov,2006,138.0
Other CCC Offenses,Metro Vancouver,RCMP Municipal,Maple Ridge Mun,2006,1845.0
Other CCC Offenses,North Coast Regional District (22),RCMP Provincial,Masset Prov,2006,245.0
Other CCC Offenses,Fraser Fort George,RCMP Provincial,McBride Prov,2006,48.0
Other CCC Offenses,Thompson Nicola,RCMP Municipal,Merritt Mun,2006,468.0
Other CCC Offenses,Thompson Nicola,RCMP Provincial,Merritt Prov,2006,115.0
Other CCC Offenses,Fraser Valley,RCMP Municipal,Mission Mun,2006,1304.0
Other CCC Offenses,Fraser Valley,RCMP Provincial,Mission Prov,2006,103.0
Other CCC Offenses,Central Kootenay,RCMP Provincial,Nakusp Prov,2006,68.0
Other CCC Offenses,Nanaimo,RCMP Municipal,Nanaimo Mun,2006,3374.0
Other CCC Offenses,Nanaimo,RCMP Provincial,Nanaimo Prov,2006,204.0
Other CCC Offenses,Central Kootenay,Independent Municipal,Nelson Mun,2006,188.0
Other CCC Offenses,Central Kootenay,RCMP Provincial,Nelson Prov,2006,81.0
Other CCC Offenses,Kitimat Stikine,RCMP Provincial,New Hazelton Prov,2006,405.0
Other CCC Offenses,Metro Vancouver,Independent Municipal,New Westminster Mun,2006,1750.0
Other CCC Offenses,Strathcona,RCMP Provincial,Nootka Sound Prov,2006,72.0
Other CCC Offenses,Cowichan Valley,RCMP Municipal,North Cowichan Mun,2006,474.0
Other CCC Offenses,Capital,RCMP Municipal,North Saanich Mun,2006,59.0
Other CCC Offenses,Metro Vancouver,RCMP Municipal,North Vancouver City Mun,2006,919.0
Other CCC Offenses,Metro Vancouver,RCMP Municipal,North Vancouver District Mun,2006,757.0
Other CCC Offenses,Metro Vancouver,RCMP Provincial,North Vancouver Prov,2006,83.0
Other CCC Offenses,Northern Rockies,RCMP Municipal,Northern Rockies Mun,2006,NA
Other CCC Offenses,Northern Rockies,RCMP Provincial,Northern Rockies Prov,2006,524.0
Other CCC Offenses,Capital,Independent Municipal,Oak Bay Mun,2006,40.0
Other CCC Offenses,Nanaimo,RCMP Provincial,Oceanside Prov,2006,254.0
Other CCC Offenses,Cariboo,RCMP Provincial,One Hundred Mile House Prov,2006,269.0
Other CCC Offenses,Capital,RCMP Provincial,Outer Gulf  Islands Prov,2006,38.0
Other CCC Offenses,Nanaimo,RCMP Municipal,Parksville Mun,2006,292.0
Other CCC Offenses,Central Okanagan,RCMP Municipal,Peachland Mun,2006,NA
Other CCC Offenses,Squamish Lillooet,RCMP Provincial,Pemberton Prov,2006,87.0
Other CCC Offenses,Okanagan Similkameen,RCMP Municipal,Penticton Mun,2006,1040.0
Other CCC Offenses,Okanagan Similkameen,RCMP Provincial,Penticton Prov,2006,112.0
Other CCC Offenses,Metro Vancouver,RCMP Municipal,Pitt Meadows Mun,2006,327.0
Other CCC Offenses,Alberni Clayoquot,RCMP Municipal,Port Alberni Mun,2006,874.0
Other CCC Offenses,Alberni Clayoquot,RCMP Provincial,Port Alberni Prov,2006,99.0
Other CCC Offenses,Mount Waddington,RCMP Provincial,Port Alice Prov,2006,16.0
Other CCC Offenses,Metro Vancouver,RCMP Municipal,Port Coquitlam Mun,2006,1092.0
Other CCC Offenses,Mount Waddington,RCMP Provincial,Port Hardy Prov,2006,609.0
Other CCC Offenses,Mount Waddington,RCMP Provincial,Port McNeill Prov,2006,200.0
Other CCC Offenses,Metro Vancouver,Independent Municipal,Port Moody Mun,2006,218.0
Other CCC Offenses,Powell River,RCMP Municipal,Powell River Mun,2006,318.0
Other CCC Offenses,Powell River,RCMP Provincial,Powell River Prov,2006,135.0
Other CCC Offenses,Fraser Fort George,RCMP Municipal,Prince George Mun,2006,3770.0
Other CCC Offenses,Fraser Fort George,RCMP Provincial,Prince George Prov,2006,116.0
Other CCC Offenses,North Coast Regional District (22),RCMP Municipal,Prince Rupert Mun,2006,1078.0
Other CCC Offenses,North Coast Regional District (22),RCMP Provincial,Prince Rupert Prov,2006,109.0
Other CCC Offenses,Okanagan Similkameen,RCMP Provincial,Princeton Prov,2006,85.0
Other CCC Offenses,Strathcona,RCMP Provincial,Quadra Island Prov,2006,82.0
Other CCC Offenses,Nanaimo,RCMP Municipal,Qualicum Beach Mun,2006,81.0
Other CCC Offenses,North Coast Regional District (22),RCMP Provincial,Queen Charlotte Prov,2006,110.0
Other CCC Offenses,Cariboo,RCMP Municipal,Quesnel Mun,2006,739.0
Other CCC Offenses,Cariboo,RCMP Provincial,Quesnel Prov,2006,119.0
Other CCC Offenses,Columbia Shuswap,RCMP Municipal,Revelstoke Mun,2006,172.0
Other CCC Offenses,Columbia Shuswap,RCMP Provincial,Revelstoke Prov,2006,7.0
Other CCC Offenses,Metro Vancouver,RCMP Municipal,Richmond Mun,2006,1991.0
Other CCC Offenses,Metro Vancouver,RCMP Provincial,Ridge Meadows Prov,2006,17.0
Other CCC Offenses,Capital,Independent Municipal,Saanich Mun,2006,382.0
Other CCC Offenses,Central Kootenay,RCMP Provincial,Salmo Prov,2006,68.0
Other CCC Offenses,Columbia Shuswap,RCMP Municipal,Salmon Arm Mun,2006,212.0
Other CCC Offenses,Columbia Shuswap,RCMP Provincial,Salmon Arm Prov,2006,58.0
Other CCC Offenses,Capital,RCMP Provincial,Saltspring Island Prov,2006,101.0
Other CCC Offenses,Strathcona,RCMP Provincial,Sayward Prov,2006,20.0
Other CCC Offenses,Sunshine Coast,RCMP Municipal,Sechelt Mun,2006,209.0
Other CCC Offenses,Cowichan Valley,RCMP Provincial,Shawnigan Lake Prov,2006,104.0
Other CCC Offenses,Columbia Shuswap,RCMP Provincial,Sicamous Prov,2006,98.0
Other CCC Offenses,Capital,RCMP Municipal,Sidney Mun,2006,112.0
Other CCC Offenses,Capital,RCMP Provincial,Sidney Prov,2006,98.0
Other CCC Offenses,Central Kootenay,RCMP Provincial,Slocan Lake Prov,2006,32.0
Other CCC Offenses,Bulkley Nechako,RCMP Municipal,Smithers Mun,2006,409.0
Other CCC Offenses,Bulkley Nechako,RCMP Provincial,Smithers Prov,2006,146.0
Other CCC Offenses,Capital,RCMP Municipal,Sooke Mun,2006,211.0
Other CCC Offenses,Capital,RCMP Provincial,Sooke Prov,2006,74.0
Other CCC Offenses,Okanagan Similkameen,RCMP Provincial,South Okanagan/Oliver,2006,235.0
Other CCC Offenses,Okanagan Similkameen,RCMP Provincial,South Okanagan/Osoyoos,2006,130.0
Other CCC Offenses,North Okanagan,RCMP Municipal,Spallumcheen Mun,2006,NA
Other CCC Offenses,Squamish Lillooet,RCMP Municipal,Squamish Mun,2006,759.0
Other CCC Offenses,Squamish Lillooet,RCMP Provincial,Squamish Prov,2006,30.0
Other CCC Offenses,Kitimat Stikine,RCMP Provincial,Stewart Prov,2006,7.0
Other CCC Offenses,Squamish Lillooet,First Nations Aboriginal Police Service,Stl'atl'imx FNAPS,2006,171.0
Other CCC Offenses,Okanagan Similkameen,RCMP Municipal,Summerland Mun,2006,134.0
Other CCC Offenses,Sunshine Coast,RCMP Provincial,Sunshine Coast Prov,2006,288.0
Other CCC Offenses,Metro Vancouver,RCMP Municipal,Surrey Mun,2006,6715.0
Other CCC Offenses,Bulkley Nechako,RCMP Provincial,Takla Landing Prov,2006,42.0
Other CCC Offenses,Kitimat Stikine,RCMP Municipal,Terrace Mun,2006,732.0
Other CCC Offenses,Kitimat Stikine,RCMP Provincial,Terrace Prov,2006,139.0
Other CCC Offenses,Powell River,RCMP Provincial,Texada Island Prov,2006,17.0
Other CCC Offenses,Thompson Nicola,RCMP Provincial,T'Kumlups Prov,2006,143.0
Other CCC Offenses,Alberni Clayoquot,RCMP Provincial,Tofino Prov,2006,242.0
Other CCC Offenses,Kootenay Boundary,RCMP Municipal,Trail Mun,2006,289.0
Other CCC Offenses,Kootenay Boundary,RCMP Provincial,Trail and Greater District,2006,95.0
Other CCC Offenses,Fraser Fort George,RCMP Provincial,Tsay Keh Dene Prov,2006,84.0
Other CCC Offenses,Peace River,RCMP Provincial,Tumbler Ridge Prov,2006,165.0
Other CCC Offenses,Alberni Clayoquot,RCMP Provincial,Ucluelet Prov,2006,116.0
Other CCC Offenses,Metro Vancouver,RCMP Provincial,University Prov,2006,195.0
Other CCC Offenses,Fraser Fort George,RCMP Provincial,Valemount Prov,2006,46.0
Other CCC Offenses,Metro Vancouver,Independent Municipal,Vancouver Mun,2006,6900.0
Other CCC Offenses,Bulkley Nechako,RCMP Provincial,Vanderhoof Prov,2006,325.0
Other CCC Offenses,North Okanagan,RCMP Municipal,Vernon Mun,2006,620.0
Other CCC Offenses,North Okanagan,RCMP Provincial,Vernon Prov,2006,35.0
Other CCC Offenses,Capital,Independent Municipal,Victoria Mun,2006,2343.0
Other CCC Offenses,Capital,RCMP Municipal,View Royal Mun,2006,118.0
Other CCC Offenses,Cariboo,RCMP Provincial,Wells Prov,2006,9.0
Other CCC Offenses,Central Okanagan,RCMP Municipal,West Kelowna Mun,2006,NA
Other CCC Offenses,Capital,RCMP Provincial,West Shore Prov,2006,72.0
Other CCC Offenses,Metro Vancouver,Independent Municipal,West Vancouver Mun,2006,272.0
Other CCC Offenses,Squamish Lillooet,RCMP Municipal,Whistler Mun,2006,445.0
Other CCC Offenses,Squamish Lillooet,RCMP Provincial,Whistler Prov,2006,3.0
Other CCC Offenses,Metro Vancouver,RCMP Municipal,White Rock Mun,2006,333.0
Other CCC Offenses,Cariboo,RCMP Municipal,Williams Lake Mun,2006,765.0
Other CCC Offenses,Cariboo,RCMP Provincial,Williams Lake Prov,2006,84.0
Homicide,Fraser Valley,Independent Municipal,Abbotsford Mun,2006,3.0
Homicide,Fraser Valley,RCMP Provincial,Agassiz Prov,2006,2.0
Homicide,Mount Waddington,RCMP Provincial,Alert Bay Prov,2006,0.0
Homicide,Cariboo,RCMP Provincial,Alexis Creek Prov,2006,0.0
Homicide,Cariboo,RCMP Provincial,Anahim Lake Prov,2006,0.0
Homicide,North Okanagan,RCMP Provincial,Armstrong Prov,2006,0.0
Homicide,Thompson Nicola,RCMP Provincial,Ashcroft Prov,2006,0.0
Homicide,Kitimat Stikine,RCMP Provincial,Atlin Prov,2006,0.0
Homicide,Thompson Nicola,RCMP Provincial,Barriere Prov,2006,0.0
Homicide,Central Coast,RCMP Provincial,Bella Bella Prov,2006,1.0
Homicide,Central Coast,RCMP Provincial,Bella Coola Prov,2006,0.0
Homicide,Fraser Valley,RCMP Provincial,Boston Bar Prov,2006,0.0
Homicide,Kootenay Boundary,RCMP Provincial,Boundary/Grand Forks Prov,2006,0.0
Homicide,Kootenay Boundary,RCMP Provincial,Boundary/Midway Prov,2006,0.0
Homicide,Metro Vancouver,RCMP Provincial,Bowen Island Prov,2006,0.0
Homicide,Metro Vancouver,RCMP Municipal,Burnaby Mun,2006,5.0
Homicide,Bulkley Nechako,RCMP Provincial,Burns Lake Prov,2006,1.0
Homicide,Strathcona,RCMP Municipal,Campbell River Mun,2006,1.0
Homicide,Strathcona,RCMP Provincial,Campbell River Prov,2006,0.0
Homicide,Central Kootenay,RCMP Municipal,Castlegar Mun,2006,0.0
Homicide,Central Kootenay,RCMP Provincial,Castlegar Prov,2006,0.0
Homicide,Capital,Independent Municipal,Central Saanich Mun,2006,0.0
Homicide,Thompson Nicola,RCMP Provincial,Chase Prov,2006,0.0
Homicide,Peace River,RCMP Provincial,Chetwynd Prov,2006,0.0
Homicide,Fraser Valley,RCMP Municipal,Chilliwack Mun,2006,1.0
Homicide,Fraser Valley,RCMP Provincial,Chilliwack Prov,2006,0.0
Homicide,Thompson Nicola,RCMP Provincial,Clearwater Prov,2006,0.0
Homicide,Thompson Nicola,RCMP Provincial,Clinton Prov,2006,0.0
Homicide,North Okanagan,RCMP Municipal,Coldstream Mun,2006,0.0
Homicide,East Kootenay,RCMP Provincial,Columbia Valley Prov,2006,0.0
Homicide,Capital,RCMP Municipal,Colwood Mun,2006,0.0
Homicide,Comox Valley,RCMP Municipal,Comox Mun,2006,0.0
Homicide,Comox Valley,RCMP Provincial,Comox Valley Prov,2006,0.0
Homicide,Metro Vancouver,RCMP Municipal,Coquitlam Mun,2006,5.0
Homicide,Metro Vancouver,RCMP Provincial,Coquitlam Prov,2006,1.0
Homicide,Comox Valley,RCMP Municipal,Courtenay Mun,2006,0.0
Homicide,East Kootenay,RCMP Municipal,Cranbrook Mun,2006,1.0
Homicide,East Kootenay,RCMP Provincial,Cranbrook Prov,2006,0.0
Homicide,Central Kootenay,RCMP Municipal,Creston Mun,2006,NA
Homicide,Central Kootenay,RCMP Provincial,Creston Prov,2006,0.0
Homicide,Peace River,RCMP Municipal,Dawson Creek Mun,2006,1.0
Homicide,Peace River,RCMP Provincial,Dawson Creek Prov,2006,1.0
Homicide,Kitimat Stikine,RCMP Provincial,Dease Lake Prov,2006,0.0
Homicide,Metro Vancouver,Independent Municipal,Delta Mun,2006,2.0
Homicide,Cowichan Valley,RCMP Provincial,Duncan Prov,2006,2.0
Homicide,East Kootenay,RCMP Provincial,Elk Valley Prov,2006,0.0
Homicide,North Okanagan,RCMP Provincial,Enderby Prov,2006,0.0
Homicide,Columbia Shuswap,RCMP Provincial,Falkland Prov,2006,0.0
Homicide,Bulkley Nechako,RCMP Provincial,Fort St James Prov,2006,0.0
Homicide,Peace River,RCMP Municipal,Fort St John Mun,2006,1.0
Homicide,Peace River,RCMP Provincial,Fort St John Prov,2006,0.0
Homicide,Bulkley Nechako,RCMP Provincial,Fraser Lake Prov,2006,0.0
Homicide,Nanaimo,RCMP Provincial,Gabriola Island Prov,2006,0.0
Homicide,Columbia Shuswap,RCMP Provincial,Golden Prov,2006,0.0
Homicide,Fraser Valley,RCMP Municipal,Hope Mun,2006,0.0
Homicide,Fraser Valley,RCMP Provincial,Hope  Prov,2006,1.0
Homicide,Bulkley Nechako,RCMP Provincial,Houston/Granisle Prov,2006,0.0
Homicide,Peace River,RCMP Provincial,Hudson's Hope Prov,2006,0.0
Homicide,Thompson Nicola,RCMP Municipal,Kamloops Mun,2006,5.0
Homicide,Central Kootenay,RCMP Provincial,Kaslo Prov,2006,0.0
Homicide,Central Okanagan,RCMP Municipal,Kelowna Mun,2006,1.0
Homicide,Central Okanagan,RCMP Provincial,Kelowna Prov,2006,2.0
Homicide,Fraser Valley,RCMP Municipal,Kent Mun,2006,NA
Homicide,Okanagan Similkameen,RCMP Provincial,Keremeos Prov,2006,0.0
Homicide,East Kootenay,RCMP Municipal,Kimberley Mun,2006,0.0
Homicide,East Kootenay,RCMP Provincial,Kimberley Prov,2006,0.0
Homicide,Kitimat Stikine,RCMP Municipal,Kitimat Mun,2006,1.0
Homicide,Kitimat Stikine,RCMP Provincial,Kitimat Prov,2006,0.0
Homicide,Cowichan Valley,RCMP Municipal,Ladysmith Mun,2006,0.0
Homicide,Cowichan Valley,RCMP Provincial,Ladysmith Prov,2006,0.0
Homicide,Central Okanagan,RCMP Municipal,Lake Country Mun,2006,0.0
Homicide,Cowichan Valley,RCMP Provincial,Lake Cowichan Prov,2006,1.0
Homicide,Capital,RCMP Municipal,Langford Mun,2006,0.0
Homicide,Metro Vancouver,RCMP Municipal,Langley City Mun,2006,0.0
Homicide,Metro Vancouver,RCMP Municipal,Langley Township Mun,2006,1.0
Homicide,Squamish Lillooet,RCMP Provincial,Lillooet Prov,2006,0.0
Homicide,Kitimat Stikine,RCMP Provincial,Lisims/Nass Valley Prov,2006,0.0
Homicide,Thompson Nicola,RCMP Provincial,Logan Lake Prov,2006,0.0
Homicide,North Okanagan,RCMP Provincial,Lumby Prov,2006,0.0
Homicide,Thompson Nicola,RCMP Provincial,Lytton Prov,2006,0.0
Homicide,Fraser Fort George,RCMP Provincial,Mackenzie Prov,2006,0.0
Homicide,Metro Vancouver,RCMP Municipal,Maple Ridge Mun,2006,0.0
Homicide,North Coast Regional District (22),RCMP Provincial,Masset Prov,2006,0.0
Homicide,Fraser Fort George,RCMP Provincial,McBride Prov,2006,0.0
Homicide,Thompson Nicola,RCMP Municipal,Merritt Mun,2006,0.0
Homicide,Thompson Nicola,RCMP Provincial,Merritt Prov,2006,1.0
Homicide,Fraser Valley,RCMP Municipal,Mission Mun,2006,0.0
Homicide,Fraser Valley,RCMP Provincial,Mission Prov,2006,0.0
Homicide,Central Kootenay,RCMP Provincial,Nakusp Prov,2006,0.0
Homicide,Nanaimo,RCMP Municipal,Nanaimo Mun,2006,1.0
Homicide,Nanaimo,RCMP Provincial,Nanaimo Prov,2006,0.0
Homicide,Central Kootenay,Independent Municipal,Nelson Mun,2006,0.0
Homicide,Central Kootenay,RCMP Provincial,Nelson Prov,2006,0.0
Homicide,Kitimat Stikine,RCMP Provincial,New Hazelton Prov,2006,0.0
Homicide,Metro Vancouver,Independent Municipal,New Westminster Mun,2006,3.0
Homicide,Strathcona,RCMP Provincial,Nootka Sound Prov,2006,0.0
Homicide,Cowichan Valley,RCMP Municipal,North Cowichan Mun,2006,1.0
Homicide,Capital,RCMP Municipal,North Saanich Mun,2006,0.0
Homicide,Metro Vancouver,RCMP Municipal,North Vancouver City Mun,2006,2.0
Homicide,Metro Vancouver,RCMP Municipal,North Vancouver District Mun,2006,0.0
Homicide,Metro Vancouver,RCMP Provincial,North Vancouver Prov,2006,0.0
Homicide,Northern Rockies,RCMP Municipal,Northern Rockies Mun,2006,NA
Homicide,Northern Rockies,RCMP Provincial,Northern Rockies Prov,2006,0.0
Homicide,Capital,Independent Municipal,Oak Bay Mun,2006,0.0
Homicide,Nanaimo,RCMP Provincial,Oceanside Prov,2006,1.0
Homicide,Cariboo,RCMP Provincial,One Hundred Mile House Prov,2006,2.0
Homicide,Capital,RCMP Provincial,Outer Gulf  Islands Prov,2006,0.0
Homicide,Nanaimo,RCMP Municipal,Parksville Mun,2006,0.0
Homicide,Central Okanagan,RCMP Municipal,Peachland Mun,2006,NA
Homicide,Squamish Lillooet,RCMP Provincial,Pemberton Prov,2006,0.0
Homicide,Okanagan Similkameen,RCMP Municipal,Penticton Mun,2006,3.0
Homicide,Okanagan Similkameen,RCMP Provincial,Penticton Prov,2006,0.0
Homicide,Metro Vancouver,RCMP Municipal,Pitt Meadows Mun,2006,0.0
Homicide,Alberni Clayoquot,RCMP Municipal,Port Alberni Mun,2006,1.0
Homicide,Alberni Clayoquot,RCMP Provincial,Port Alberni Prov,2006,1.0
Homicide,Mount Waddington,RCMP Provincial,Port Alice Prov,2006,0.0
Homicide,Metro Vancouver,RCMP Municipal,Port Coquitlam Mun,2006,0.0
Homicide,Mount Waddington,RCMP Provincial,Port Hardy Prov,2006,0.0
Homicide,Mount Waddington,RCMP Provincial,Port McNeill Prov,2006,0.0
Homicide,Metro Vancouver,Independent Municipal,Port Moody Mun,2006,0.0
Homicide,Powell River,RCMP Municipal,Powell River Mun,2006,0.0
Homicide,Powell River,RCMP Provincial,Powell River Prov,2006,0.0
Homicide,Fraser Fort George,RCMP Municipal,Prince George Mun,2006,1.0
Homicide,Fraser Fort George,RCMP Provincial,Prince George Prov,2006,2.0
Homicide,North Coast Regional District (22),RCMP Municipal,Prince Rupert Mun,2006,0.0
Homicide,North Coast Regional District (22),RCMP Provincial,Prince Rupert Prov,2006,0.0
Homicide,Okanagan Similkameen,RCMP Provincial,Princeton Prov,2006,0.0
Homicide,Strathcona,RCMP Provincial,Quadra Island Prov,2006,0.0
Homicide,Nanaimo,RCMP Municipal,Qualicum Beach Mun,2006,0.0
Homicide,North Coast Regional District (22),RCMP Provincial,Queen Charlotte Prov,2006,0.0
Homicide,Cariboo,RCMP Municipal,Quesnel Mun,2006,2.0
Homicide,Cariboo,RCMP Provincial,Quesnel Prov,2006,0.0
Homicide,Columbia Shuswap,RCMP Municipal,Revelstoke Mun,2006,0.0
Homicide,Columbia Shuswap,RCMP Provincial,Revelstoke Prov,2006,0.0
Homicide,Metro Vancouver,RCMP Municipal,Richmond Mun,2006,4.0
Homicide,Metro Vancouver,RCMP Provincial,Ridge Meadows Prov,2006,0.0
Homicide,Capital,Independent Municipal,Saanich Mun,2006,1.0
Homicide,Central Kootenay,RCMP Provincial,Salmo Prov,2006,0.0
Homicide,Columbia Shuswap,RCMP Municipal,Salmon Arm Mun,2006,1.0
Homicide,Columbia Shuswap,RCMP Provincial,Salmon Arm Prov,2006,0.0
Homicide,Capital,RCMP Provincial,Saltspring Island Prov,2006,0.0
Homicide,Strathcona,RCMP Provincial,Sayward Prov,2006,0.0
Homicide,Sunshine Coast,RCMP Municipal,Sechelt Mun,2006,0.0
Homicide,Cowichan Valley,RCMP Provincial,Shawnigan Lake Prov,2006,0.0
Homicide,Columbia Shuswap,RCMP Provincial,Sicamous Prov,2006,0.0
Homicide,Capital,RCMP Municipal,Sidney Mun,2006,0.0
Homicide,Capital,RCMP Provincial,Sidney Prov,2006,0.0
Homicide,Central Kootenay,RCMP Provincial,Slocan Lake Prov,2006,0.0
Homicide,Bulkley Nechako,RCMP Municipal,Smithers Mun,2006,0.0
Homicide,Bulkley Nechako,RCMP Provincial,Smithers Prov,2006,0.0
Homicide,Capital,RCMP Municipal,Sooke Mun,2006,0.0
Homicide,Capital,RCMP Provincial,Sooke Prov,2006,0.0
Homicide,Okanagan Similkameen,RCMP Provincial,South Okanagan/Oliver,2006,0.0
Homicide,Okanagan Similkameen,RCMP Provincial,South Okanagan/Osoyoos,2006,0.0
Homicide,North Okanagan,RCMP Municipal,Spallumcheen Mun,2006,NA
Homicide,Squamish Lillooet,RCMP Municipal,Squamish Mun,2006,0.0
Homicide,Squamish Lillooet,RCMP Provincial,Squamish Prov,2006,0.0
Homicide,Kitimat Stikine,RCMP Provincial,Stewart Prov,2006,0.0
Homicide,Squamish Lillooet,First Nations Aboriginal Police Service,Stl'atl'imx FNAPS,2006,0.0
Homicide,Okanagan Similkameen,RCMP Municipal,Summerland Mun,2006,0.0
Homicide,Sunshine Coast,RCMP Provincial,Sunshine Coast Prov,2006,0.0
Homicide,Metro Vancouver,RCMP Municipal,Surrey Mun,2006,11.0
Homicide,Bulkley Nechako,RCMP Provincial,Takla Landing Prov,2006,0.0
Homicide,Kitimat Stikine,RCMP Municipal,Terrace Mun,2006,0.0
Homicide,Kitimat Stikine,RCMP Provincial,Terrace Prov,2006,0.0
Homicide,Powell River,RCMP Provincial,Texada Island Prov,2006,0.0
Homicide,Thompson Nicola,RCMP Provincial,T'Kumlups Prov,2006,0.0
Homicide,Alberni Clayoquot,RCMP Provincial,Tofino Prov,2006,0.0
Homicide,Kootenay Boundary,RCMP Municipal,Trail Mun,2006,1.0
Homicide,Kootenay Boundary,RCMP Provincial,Trail and Greater District,2006,0.0
Homicide,Fraser Fort George,RCMP Provincial,Tsay Keh Dene Prov,2006,0.0
Homicide,Peace River,RCMP Provincial,Tumbler Ridge Prov,2006,0.0
Homicide,Alberni Clayoquot,RCMP Provincial,Ucluelet Prov,2006,0.0
Homicide,Metro Vancouver,RCMP Provincial,University Prov,2006,1.0
Homicide,Fraser Fort George,RCMP Provincial,Valemount Prov,2006,0.0
Homicide,Metro Vancouver,Independent Municipal,Vancouver Mun,2006,19.0
Homicide,Bulkley Nechako,RCMP Provincial,Vanderhoof Prov,2006,0.0
Homicide,North Okanagan,RCMP Municipal,Vernon Mun,2006,0.0
Homicide,North Okanagan,RCMP Provincial,Vernon Prov,2006,0.0
Homicide,Capital,Independent Municipal,Victoria Mun,2006,3.0
Homicide,Capital,RCMP Municipal,View Royal Mun,2006,0.0
Homicide,Cariboo,RCMP Provincial,Wells Prov,2006,0.0
Homicide,Central Okanagan,RCMP Municipal,West Kelowna Mun,2006,NA
Homicide,Capital,RCMP Provincial,West Shore Prov,2006,0.0
Homicide,Metro Vancouver,Independent Municipal,West Vancouver Mun,2006,1.0
Homicide,Squamish Lillooet,RCMP Municipal,Whistler Mun,2006,0.0
Homicide,Squamish Lillooet,RCMP Provincial,Whistler Prov,2006,0.0
Homicide,Metro Vancouver,RCMP Municipal,White Rock Mun,2006,0.0
Homicide,Cariboo,RCMP Municipal,Williams Lake Mun,2006,4.0
Homicide,Cariboo,RCMP Provincial,Williams Lake Prov,2006,1.0
Motor Vehicle Theft,Fraser Valley,Independent Municipal,Abbotsford Mun,2006,1476.0
Motor Vehicle Theft,Fraser Valley,RCMP Provincial,Agassiz Prov,2006,118.0
Motor Vehicle Theft,Mount Waddington,RCMP Provincial,Alert Bay Prov,2006,1.0
Motor Vehicle Theft,Cariboo,RCMP Provincial,Alexis Creek Prov,2006,35.0
Motor Vehicle Theft,Cariboo,RCMP Provincial,Anahim Lake Prov,2006,6.0
Motor Vehicle Theft,North Okanagan,RCMP Provincial,Armstrong Prov,2006,35.0
Motor Vehicle Theft,Thompson Nicola,RCMP Provincial,Ashcroft Prov,2006,23.0
Motor Vehicle Theft,Kitimat Stikine,RCMP Provincial,Atlin Prov,2006,2.0
Motor Vehicle Theft,Thompson Nicola,RCMP Provincial,Barriere Prov,2006,6.0
Motor Vehicle Theft,Central Coast,RCMP Provincial,Bella Bella Prov,2006,3.0
Motor Vehicle Theft,Central Coast,RCMP Provincial,Bella Coola Prov,2006,8.0
Motor Vehicle Theft,Fraser Valley,RCMP Provincial,Boston Bar Prov,2006,2.0
Motor Vehicle Theft,Kootenay Boundary,RCMP Provincial,Boundary/Grand Forks Prov,2006,38.0
Motor Vehicle Theft,Kootenay Boundary,RCMP Provincial,Boundary/Midway Prov,2006,23.0
Motor Vehicle Theft,Metro Vancouver,RCMP Provincial,Bowen Island Prov,2006,2.0
Motor Vehicle Theft,Metro Vancouver,RCMP Municipal,Burnaby Mun,2006,1763.0
Motor Vehicle Theft,Bulkley Nechako,RCMP Provincial,Burns Lake Prov,2006,17.0
Motor Vehicle Theft,Strathcona,RCMP Municipal,Campbell River Mun,2006,136.0
Motor Vehicle Theft,Strathcona,RCMP Provincial,Campbell River Prov,2006,33.0
Motor Vehicle Theft,Central Kootenay,RCMP Municipal,Castlegar Mun,2006,24.0
Motor Vehicle Theft,Central Kootenay,RCMP Provincial,Castlegar Prov,2006,16.0
Motor Vehicle Theft,Capital,Independent Municipal,Central Saanich Mun,2006,16.0
Motor Vehicle Theft,Thompson Nicola,RCMP Provincial,Chase Prov,2006,37.0
Motor Vehicle Theft,Peace River,RCMP Provincial,Chetwynd Prov,2006,48.0
Motor Vehicle Theft,Fraser Valley,RCMP Municipal,Chilliwack Mun,2006,1106.0
Motor Vehicle Theft,Fraser Valley,RCMP Provincial,Chilliwack Prov,2006,35.0
Motor Vehicle Theft,Thompson Nicola,RCMP Provincial,Clearwater Prov,2006,17.0
Motor Vehicle Theft,Thompson Nicola,RCMP Provincial,Clinton Prov,2006,8.0
Motor Vehicle Theft,North Okanagan,RCMP Municipal,Coldstream Mun,2006,29.0
Motor Vehicle Theft,East Kootenay,RCMP Provincial,Columbia Valley Prov,2006,29.0
Motor Vehicle Theft,Capital,RCMP Municipal,Colwood Mun,2006,71.0
Motor Vehicle Theft,Comox Valley,RCMP Municipal,Comox Mun,2006,20.0
Motor Vehicle Theft,Comox Valley,RCMP Provincial,Comox Valley Prov,2006,53.0
Motor Vehicle Theft,Metro Vancouver,RCMP Municipal,Coquitlam Mun,2006,802.0
Motor Vehicle Theft,Metro Vancouver,RCMP Provincial,Coquitlam Prov,2006,4.0
Motor Vehicle Theft,Comox Valley,RCMP Municipal,Courtenay Mun,2006,109.0
Motor Vehicle Theft,East Kootenay,RCMP Municipal,Cranbrook Mun,2006,71.0
Motor Vehicle Theft,East Kootenay,RCMP Provincial,Cranbrook Prov,2006,30.0
Motor Vehicle Theft,Central Kootenay,RCMP Municipal,Creston Mun,2006,NA
Motor Vehicle Theft,Central Kootenay,RCMP Provincial,Creston Prov,2006,36.0
Motor Vehicle Theft,Peace River,RCMP Municipal,Dawson Creek Mun,2006,121.0
Motor Vehicle Theft,Peace River,RCMP Provincial,Dawson Creek Prov,2006,34.0
Motor Vehicle Theft,Kitimat Stikine,RCMP Provincial,Dease Lake Prov,2006,2.0
Motor Vehicle Theft,Metro Vancouver,Independent Municipal,Delta Mun,2006,522.0
Motor Vehicle Theft,Cowichan Valley,RCMP Provincial,Duncan Prov,2006,108.0
Motor Vehicle Theft,East Kootenay,RCMP Provincial,Elk Valley Prov,2006,46.0
Motor Vehicle Theft,North Okanagan,RCMP Provincial,Enderby Prov,2006,50.0
Motor Vehicle Theft,Columbia Shuswap,RCMP Provincial,Falkland Prov,2006,8.0
Motor Vehicle Theft,Bulkley Nechako,RCMP Provincial,Fort St James Prov,2006,17.0
Motor Vehicle Theft,Peace River,RCMP Municipal,Fort St John Mun,2006,261.0
Motor Vehicle Theft,Peace River,RCMP Provincial,Fort St John Prov,2006,118.0
Motor Vehicle Theft,Bulkley Nechako,RCMP Provincial,Fraser Lake Prov,2006,5.0
Motor Vehicle Theft,Nanaimo,RCMP Provincial,Gabriola Island Prov,2006,2.0
Motor Vehicle Theft,Columbia Shuswap,RCMP Provincial,Golden Prov,2006,30.0
Motor Vehicle Theft,Fraser Valley,RCMP Municipal,Hope Mun,2006,42.0
Motor Vehicle Theft,Fraser Valley,RCMP Provincial,Hope  Prov,2006,22.0
Motor Vehicle Theft,Bulkley Nechako,RCMP Provincial,Houston/Granisle Prov,2006,5.0
Motor Vehicle Theft,Peace River,RCMP Provincial,Hudson's Hope Prov,2006,2.0
Motor Vehicle Theft,Thompson Nicola,RCMP Municipal,Kamloops Mun,2006,631.0
Motor Vehicle Theft,Central Kootenay,RCMP Provincial,Kaslo Prov,2006,5.0
Motor Vehicle Theft,Central Okanagan,RCMP Municipal,Kelowna Mun,2006,929.0
Motor Vehicle Theft,Central Okanagan,RCMP Provincial,Kelowna Prov,2006,258.0
Motor Vehicle Theft,Fraser Valley,RCMP Municipal,Kent Mun,2006,NA
Motor Vehicle Theft,Okanagan Similkameen,RCMP Provincial,Keremeos Prov,2006,14.0
Motor Vehicle Theft,East Kootenay,RCMP Municipal,Kimberley Mun,2006,11.0
Motor Vehicle Theft,East Kootenay,RCMP Provincial,Kimberley Prov,2006,12.0
Motor Vehicle Theft,Kitimat Stikine,RCMP Municipal,Kitimat Mun,2006,8.0
Motor Vehicle Theft,Kitimat Stikine,RCMP Provincial,Kitimat Prov,2006,1.0
Motor Vehicle Theft,Cowichan Valley,RCMP Municipal,Ladysmith Mun,2006,33.0
Motor Vehicle Theft,Cowichan Valley,RCMP Provincial,Ladysmith Prov,2006,35.0
Motor Vehicle Theft,Central Okanagan,RCMP Municipal,Lake Country Mun,2006,63.0
Motor Vehicle Theft,Cowichan Valley,RCMP Provincial,Lake Cowichan Prov,2006,16.0
Motor Vehicle Theft,Capital,RCMP Municipal,Langford Mun,2006,156.0
Motor Vehicle Theft,Metro Vancouver,RCMP Municipal,Langley City Mun,2006,364.0
Motor Vehicle Theft,Metro Vancouver,RCMP Municipal,Langley Township Mun,2006,885.0
Motor Vehicle Theft,Squamish Lillooet,RCMP Provincial,Lillooet Prov,2006,10.0
Motor Vehicle Theft,Kitimat Stikine,RCMP Provincial,Lisims/Nass Valley Prov,2006,3.0
Motor Vehicle Theft,Thompson Nicola,RCMP Provincial,Logan Lake Prov,2006,18.0
Motor Vehicle Theft,North Okanagan,RCMP Provincial,Lumby Prov,2006,24.0
Motor Vehicle Theft,Thompson Nicola,RCMP Provincial,Lytton Prov,2006,8.0
Motor Vehicle Theft,Fraser Fort George,RCMP Provincial,Mackenzie Prov,2006,7.0
Motor Vehicle Theft,Metro Vancouver,RCMP Municipal,Maple Ridge Mun,2006,721.0
Motor Vehicle Theft,North Coast Regional District (22),RCMP Provincial,Masset Prov,2006,7.0
Motor Vehicle Theft,Fraser Fort George,RCMP Provincial,McBride Prov,2006,12.0
Motor Vehicle Theft,Thompson Nicola,RCMP Municipal,Merritt Mun,2006,62.0
Motor Vehicle Theft,Thompson Nicola,RCMP Provincial,Merritt Prov,2006,29.0
Motor Vehicle Theft,Fraser Valley,RCMP Municipal,Mission Mun,2006,443.0
Motor Vehicle Theft,Fraser Valley,RCMP Provincial,Mission Prov,2006,53.0
Motor Vehicle Theft,Central Kootenay,RCMP Provincial,Nakusp Prov,2006,5.0
Motor Vehicle Theft,Nanaimo,RCMP Municipal,Nanaimo Mun,2006,672.0
Motor Vehicle Theft,Nanaimo,RCMP Provincial,Nanaimo Prov,2006,59.0
Motor Vehicle Theft,Central Kootenay,Independent Municipal,Nelson Mun,2006,26.0
Motor Vehicle Theft,Central Kootenay,RCMP Provincial,Nelson Prov,2006,15.0
Motor Vehicle Theft,Kitimat Stikine,RCMP Provincial,New Hazelton Prov,2006,7.0
Motor Vehicle Theft,Metro Vancouver,Independent Municipal,New Westminster Mun,2006,592.0
Motor Vehicle Theft,Strathcona,RCMP Provincial,Nootka Sound Prov,2006,3.0
Motor Vehicle Theft,Cowichan Valley,RCMP Municipal,North Cowichan Mun,2006,142.0
Motor Vehicle Theft,Capital,RCMP Municipal,North Saanich Mun,2006,7.0
Motor Vehicle Theft,Metro Vancouver,RCMP Municipal,North Vancouver City Mun,2006,228.0
Motor Vehicle Theft,Metro Vancouver,RCMP Municipal,North Vancouver District Mun,2006,213.0
Motor Vehicle Theft,Metro Vancouver,RCMP Provincial,North Vancouver Prov,2006,6.0
Motor Vehicle Theft,Northern Rockies,RCMP Municipal,Northern Rockies Mun,2006,NA
Motor Vehicle Theft,Northern Rockies,RCMP Provincial,Northern Rockies Prov,2006,92.0
Motor Vehicle Theft,Capital,Independent Municipal,Oak Bay Mun,2006,26.0
Motor Vehicle Theft,Nanaimo,RCMP Provincial,Oceanside Prov,2006,85.0
Motor Vehicle Theft,Cariboo,RCMP Provincial,One Hundred Mile House Prov,2006,37.0
Motor Vehicle Theft,Capital,RCMP Provincial,Outer Gulf  Islands Prov,2006,1.0
Motor Vehicle Theft,Nanaimo,RCMP Municipal,Parksville Mun,2006,40.0
Motor Vehicle Theft,Central Okanagan,RCMP Municipal,Peachland Mun,2006,NA
Motor Vehicle Theft,Squamish Lillooet,RCMP Provincial,Pemberton Prov,2006,10.0
Motor Vehicle Theft,Okanagan Similkameen,RCMP Municipal,Penticton Mun,2006,395.0
Motor Vehicle Theft,Okanagan Similkameen,RCMP Provincial,Penticton Prov,2006,82.0
Motor Vehicle Theft,Metro Vancouver,RCMP Municipal,Pitt Meadows Mun,2006,108.0
Motor Vehicle Theft,Alberni Clayoquot,RCMP Municipal,Port Alberni Mun,2006,119.0
Motor Vehicle Theft,Alberni Clayoquot,RCMP Provincial,Port Alberni Prov,2006,40.0
Motor Vehicle Theft,Mount Waddington,RCMP Provincial,Port Alice Prov,2006,7.0
Motor Vehicle Theft,Metro Vancouver,RCMP Municipal,Port Coquitlam Mun,2006,402.0
Motor Vehicle Theft,Mount Waddington,RCMP Provincial,Port Hardy Prov,2006,16.0
Motor Vehicle Theft,Mount Waddington,RCMP Provincial,Port McNeill Prov,2006,20.0
Motor Vehicle Theft,Metro Vancouver,Independent Municipal,Port Moody Mun,2006,119.0
Motor Vehicle Theft,Powell River,RCMP Municipal,Powell River Mun,2006,34.0
Motor Vehicle Theft,Powell River,RCMP Provincial,Powell River Prov,2006,11.0
Motor Vehicle Theft,Fraser Fort George,RCMP Municipal,Prince George Mun,2006,1006.0
Motor Vehicle Theft,Fraser Fort George,RCMP Provincial,Prince George Prov,2006,80.0
Motor Vehicle Theft,North Coast Regional District (22),RCMP Municipal,Prince Rupert Mun,2006,21.0
Motor Vehicle Theft,North Coast Regional District (22),RCMP Provincial,Prince Rupert Prov,2006,0.0
Motor Vehicle Theft,Okanagan Similkameen,RCMP Provincial,Princeton Prov,2006,12.0
Motor Vehicle Theft,Strathcona,RCMP Provincial,Quadra Island Prov,2006,3.0
Motor Vehicle Theft,Nanaimo,RCMP Municipal,Qualicum Beach Mun,2006,13.0
Motor Vehicle Theft,North Coast Regional District (22),RCMP Provincial,Queen Charlotte Prov,2006,8.0
Motor Vehicle Theft,Cariboo,RCMP Municipal,Quesnel Mun,2006,63.0
Motor Vehicle Theft,Cariboo,RCMP Provincial,Quesnel Prov,2006,28.0
Motor Vehicle Theft,Columbia Shuswap,RCMP Municipal,Revelstoke Mun,2006,20.0
Motor Vehicle Theft,Columbia Shuswap,RCMP Provincial,Revelstoke Prov,2006,4.0
Motor Vehicle Theft,Metro Vancouver,RCMP Municipal,Richmond Mun,2006,784.0
Motor Vehicle Theft,Metro Vancouver,RCMP Provincial,Ridge Meadows Prov,2006,3.0
Motor Vehicle Theft,Capital,Independent Municipal,Saanich Mun,2006,245.0
Motor Vehicle Theft,Central Kootenay,RCMP Provincial,Salmo Prov,2006,3.0
Motor Vehicle Theft,Columbia Shuswap,RCMP Municipal,Salmon Arm Mun,2006,74.0
Motor Vehicle Theft,Columbia Shuswap,RCMP Provincial,Salmon Arm Prov,2006,39.0
Motor Vehicle Theft,Capital,RCMP Provincial,Saltspring Island Prov,2006,27.0
Motor Vehicle Theft,Strathcona,RCMP Provincial,Sayward Prov,2006,4.0
Motor Vehicle Theft,Sunshine Coast,RCMP Municipal,Sechelt Mun,2006,8.0
Motor Vehicle Theft,Cowichan Valley,RCMP Provincial,Shawnigan Lake Prov,2006,41.0
Motor Vehicle Theft,Columbia Shuswap,RCMP Provincial,Sicamous Prov,2006,18.0
Motor Vehicle Theft,Capital,RCMP Municipal,Sidney Mun,2006,15.0
Motor Vehicle Theft,Capital,RCMP Provincial,Sidney Prov,2006,3.0
Motor Vehicle Theft,Central Kootenay,RCMP Provincial,Slocan Lake Prov,2006,4.0
Motor Vehicle Theft,Bulkley Nechako,RCMP Municipal,Smithers Mun,2006,22.0
Motor Vehicle Theft,Bulkley Nechako,RCMP Provincial,Smithers Prov,2006,25.0
Motor Vehicle Theft,Capital,RCMP Municipal,Sooke Mun,2006,20.0
Motor Vehicle Theft,Capital,RCMP Provincial,Sooke Prov,2006,9.0
Motor Vehicle Theft,Okanagan Similkameen,RCMP Provincial,South Okanagan/Oliver,2006,94.0
Motor Vehicle Theft,Okanagan Similkameen,RCMP Provincial,South Okanagan/Osoyoos,2006,78.0
Motor Vehicle Theft,North Okanagan,RCMP Municipal,Spallumcheen Mun,2006,NA
Motor Vehicle Theft,Squamish Lillooet,RCMP Municipal,Squamish Mun,2006,86.0
Motor Vehicle Theft,Squamish Lillooet,RCMP Provincial,Squamish Prov,2006,9.0
Motor Vehicle Theft,Kitimat Stikine,RCMP Provincial,Stewart Prov,2006,0.0
Motor Vehicle Theft,Squamish Lillooet,First Nations Aboriginal Police Service,Stl'atl'imx FNAPS,2006,5.0
Motor Vehicle Theft,Okanagan Similkameen,RCMP Municipal,Summerland Mun,2006,51.0
Motor Vehicle Theft,Sunshine Coast,RCMP Provincial,Sunshine Coast Prov,2006,25.0
Motor Vehicle Theft,Metro Vancouver,RCMP Municipal,Surrey Mun,2006,4775.0
Motor Vehicle Theft,Bulkley Nechako,RCMP Provincial,Takla Landing Prov,2006,0.0
Motor Vehicle Theft,Kitimat Stikine,RCMP Municipal,Terrace Mun,2006,16.0
Motor Vehicle Theft,Kitimat Stikine,RCMP Provincial,Terrace Prov,2006,15.0
Motor Vehicle Theft,Powell River,RCMP Provincial,Texada Island Prov,2006,1.0
Motor Vehicle Theft,Thompson Nicola,RCMP Provincial,T'Kumlups Prov,2006,61.0
Motor Vehicle Theft,Alberni Clayoquot,RCMP Provincial,Tofino Prov,2006,13.0
Motor Vehicle Theft,Kootenay Boundary,RCMP Municipal,Trail Mun,2006,17.0
Motor Vehicle Theft,Kootenay Boundary,RCMP Provincial,Trail and Greater District,2006,24.0
Motor Vehicle Theft,Fraser Fort George,RCMP Provincial,Tsay Keh Dene Prov,2006,4.0
Motor Vehicle Theft,Peace River,RCMP Provincial,Tumbler Ridge Prov,2006,18.0
Motor Vehicle Theft,Alberni Clayoquot,RCMP Provincial,Ucluelet Prov,2006,13.0
Motor Vehicle Theft,Metro Vancouver,RCMP Provincial,University Prov,2006,34.0
Motor Vehicle Theft,Fraser Fort George,RCMP Provincial,Valemount Prov,2006,9.0
Motor Vehicle Theft,Metro Vancouver,Independent Municipal,Vancouver Mun,2006,3697.0
Motor Vehicle Theft,Bulkley Nechako,RCMP Provincial,Vanderhoof Prov,2006,44.0
Motor Vehicle Theft,North Okanagan,RCMP Municipal,Vernon Mun,2006,345.0
Motor Vehicle Theft,North Okanagan,RCMP Provincial,Vernon Prov,2006,49.0
Motor Vehicle Theft,Capital,Independent Municipal,Victoria Mun,2006,647.0
Motor Vehicle Theft,Capital,RCMP Municipal,View Royal Mun,2006,40.0
Motor Vehicle Theft,Cariboo,RCMP Provincial,Wells Prov,2006,1.0
Motor Vehicle Theft,Central Okanagan,RCMP Municipal,West Kelowna Mun,2006,NA
Motor Vehicle Theft,Capital,RCMP Provincial,West Shore Prov,2006,29.0
Motor Vehicle Theft,Metro Vancouver,Independent Municipal,West Vancouver Mun,2006,77.0
Motor Vehicle Theft,Squamish Lillooet,RCMP Municipal,Whistler Mun,2006,66.0
Motor Vehicle Theft,Squamish Lillooet,RCMP Provincial,Whistler Prov,2006,1.0
Motor Vehicle Theft,Metro Vancouver,RCMP Municipal,White Rock Mun,2006,102.0
Motor Vehicle Theft,Cariboo,RCMP Municipal,Williams Lake Mun,2006,144.0
Motor Vehicle Theft,Cariboo,RCMP Provincial,Williams Lake Prov,2006,64.0
Administration of Justice Offenses,Fraser Valley,Independent Municipal,Abbotsford Mun,2006,352.0
Administration of Justice Offenses,Fraser Valley,RCMP Provincial,Agassiz Prov,2006,28.0
Administration of Justice Offenses,Mount Waddington,RCMP Provincial,Alert Bay Prov,2006,19.0
Administration of Justice Offenses,Cariboo,RCMP Provincial,Alexis Creek Prov,2006,29.0
Administration of Justice Offenses,Cariboo,RCMP Provincial,Anahim Lake Prov,2006,12.0
Administration of Justice Offenses,North Okanagan,RCMP Provincial,Armstrong Prov,2006,29.0
Administration of Justice Offenses,Thompson Nicola,RCMP Provincial,Ashcroft Prov,2006,27.0
Administration of Justice Offenses,Kitimat Stikine,RCMP Provincial,Atlin Prov,2006,5.0
Administration of Justice Offenses,Thompson Nicola,RCMP Provincial,Barriere Prov,2006,6.0
Administration of Justice Offenses,Central Coast,RCMP Provincial,Bella Bella Prov,2006,46.0
Administration of Justice Offenses,Central Coast,RCMP Provincial,Bella Coola Prov,2006,36.0
Administration of Justice Offenses,Fraser Valley,RCMP Provincial,Boston Bar Prov,2006,2.0
Administration of Justice Offenses,Kootenay Boundary,RCMP Provincial,Boundary/Grand Forks Prov,2006,9.0
Administration of Justice Offenses,Kootenay Boundary,RCMP Provincial,Boundary/Midway Prov,2006,3.0
Administration of Justice Offenses,Metro Vancouver,RCMP Provincial,Bowen Island Prov,2006,6.0
Administration of Justice Offenses,Metro Vancouver,RCMP Municipal,Burnaby Mun,2006,526.0
Administration of Justice Offenses,Bulkley Nechako,RCMP Provincial,Burns Lake Prov,2006,232.0
Administration of Justice Offenses,Strathcona,RCMP Municipal,Campbell River Mun,2006,313.0
Administration of Justice Offenses,Strathcona,RCMP Provincial,Campbell River Prov,2006,34.0
Administration of Justice Offenses,Central Kootenay,RCMP Municipal,Castlegar Mun,2006,53.0
Administration of Justice Offenses,Central Kootenay,RCMP Provincial,Castlegar Prov,2006,6.0
Administration of Justice Offenses,Capital,Independent Municipal,Central Saanich Mun,2006,10.0
Administration of Justice Offenses,Thompson Nicola,RCMP Provincial,Chase Prov,2006,24.0
Administration of Justice Offenses,Peace River,RCMP Provincial,Chetwynd Prov,2006,128.0
Administration of Justice Offenses,Fraser Valley,RCMP Municipal,Chilliwack Mun,2006,274.0
Administration of Justice Offenses,Fraser Valley,RCMP Provincial,Chilliwack Prov,2006,8.0
Administration of Justice Offenses,Thompson Nicola,RCMP Provincial,Clearwater Prov,2006,25.0
Administration of Justice Offenses,Thompson Nicola,RCMP Provincial,Clinton Prov,2006,4.0
Administration of Justice Offenses,North Okanagan,RCMP Municipal,Coldstream Mun,2006,7.0
Administration of Justice Offenses,East Kootenay,RCMP Provincial,Columbia Valley Prov,2006,65.0
Administration of Justice Offenses,Capital,RCMP Municipal,Colwood Mun,2006,102.0
Administration of Justice Offenses,Comox Valley,RCMP Municipal,Comox Mun,2006,34.0
Administration of Justice Offenses,Comox Valley,RCMP Provincial,Comox Valley Prov,2006,97.0
Administration of Justice Offenses,Metro Vancouver,RCMP Municipal,Coquitlam Mun,2006,372.0
Administration of Justice Offenses,Metro Vancouver,RCMP Provincial,Coquitlam Prov,2006,3.0
Administration of Justice Offenses,Comox Valley,RCMP Municipal,Courtenay Mun,2006,236.0
Administration of Justice Offenses,East Kootenay,RCMP Municipal,Cranbrook Mun,2006,139.0
Administration of Justice Offenses,East Kootenay,RCMP Provincial,Cranbrook Prov,2006,15.0
Administration of Justice Offenses,Central Kootenay,RCMP Municipal,Creston Mun,2006,NA
Administration of Justice Offenses,Central Kootenay,RCMP Provincial,Creston Prov,2006,85.0
Administration of Justice Offenses,Peace River,RCMP Municipal,Dawson Creek Mun,2006,186.0
Administration of Justice Offenses,Peace River,RCMP Provincial,Dawson Creek Prov,2006,19.0
Administration of Justice Offenses,Kitimat Stikine,RCMP Provincial,Dease Lake Prov,2006,24.0
Administration of Justice Offenses,Metro Vancouver,Independent Municipal,Delta Mun,2006,164.0
Administration of Justice Offenses,Cowichan Valley,RCMP Provincial,Duncan Prov,2006,132.0
Administration of Justice Offenses,East Kootenay,RCMP Provincial,Elk Valley Prov,2006,77.0
Administration of Justice Offenses,North Okanagan,RCMP Provincial,Enderby Prov,2006,24.0
Administration of Justice Offenses,Columbia Shuswap,RCMP Provincial,Falkland Prov,2006,6.0
Administration of Justice Offenses,Bulkley Nechako,RCMP Provincial,Fort St James Prov,2006,154.0
Administration of Justice Offenses,Peace River,RCMP Municipal,Fort St John Mun,2006,302.0
Administration of Justice Offenses,Peace River,RCMP Provincial,Fort St John Prov,2006,60.0
Administration of Justice Offenses,Bulkley Nechako,RCMP Provincial,Fraser Lake Prov,2006,8.0
Administration of Justice Offenses,Nanaimo,RCMP Provincial,Gabriola Island Prov,2006,8.0
Administration of Justice Offenses,Columbia Shuswap,RCMP Provincial,Golden Prov,2006,23.0
Administration of Justice Offenses,Fraser Valley,RCMP Municipal,Hope Mun,2006,41.0
Administration of Justice Offenses,Fraser Valley,RCMP Provincial,Hope  Prov,2006,6.0
Administration of Justice Offenses,Bulkley Nechako,RCMP Provincial,Houston/Granisle Prov,2006,61.0
Administration of Justice Offenses,Peace River,RCMP Provincial,Hudson's Hope Prov,2006,4.0
Administration of Justice Offenses,Thompson Nicola,RCMP Municipal,Kamloops Mun,2006,705.0
Administration of Justice Offenses,Central Kootenay,RCMP Provincial,Kaslo Prov,2006,3.0
Administration of Justice Offenses,Central Okanagan,RCMP Municipal,Kelowna Mun,2006,641.0
Administration of Justice Offenses,Central Okanagan,RCMP Provincial,Kelowna Prov,2006,112.0
Administration of Justice Offenses,Fraser Valley,RCMP Municipal,Kent Mun,2006,NA
Administration of Justice Offenses,Okanagan Similkameen,RCMP Provincial,Keremeos Prov,2006,12.0
Administration of Justice Offenses,East Kootenay,RCMP Municipal,Kimberley Mun,2006,21.0
Administration of Justice Offenses,East Kootenay,RCMP Provincial,Kimberley Prov,2006,5.0
Administration of Justice Offenses,Kitimat Stikine,RCMP Municipal,Kitimat Mun,2006,56.0
Administration of Justice Offenses,Kitimat Stikine,RCMP Provincial,Kitimat Prov,2006,6.0
Administration of Justice Offenses,Cowichan Valley,RCMP Municipal,Ladysmith Mun,2006,20.0
Administration of Justice Offenses,Cowichan Valley,RCMP Provincial,Ladysmith Prov,2006,12.0
Administration of Justice Offenses,Central Okanagan,RCMP Municipal,Lake Country Mun,2006,25.0
Administration of Justice Offenses,Cowichan Valley,RCMP Provincial,Lake Cowichan Prov,2006,47.0
Administration of Justice Offenses,Capital,RCMP Municipal,Langford Mun,2006,62.0
Administration of Justice Offenses,Metro Vancouver,RCMP Municipal,Langley City Mun,2006,101.0
Administration of Justice Offenses,Metro Vancouver,RCMP Municipal,Langley Township Mun,2006,216.0
Administration of Justice Offenses,Squamish Lillooet,RCMP Provincial,Lillooet Prov,2006,42.0
Administration of Justice Offenses,Kitimat Stikine,RCMP Provincial,Lisims/Nass Valley Prov,2006,54.0
Administration of Justice Offenses,Thompson Nicola,RCMP Provincial,Logan Lake Prov,2006,10.0
Administration of Justice Offenses,North Okanagan,RCMP Provincial,Lumby Prov,2006,14.0
Administration of Justice Offenses,Thompson Nicola,RCMP Provincial,Lytton Prov,2006,22.0
Administration of Justice Offenses,Fraser Fort George,RCMP Provincial,Mackenzie Prov,2006,45.0
Administration of Justice Offenses,Metro Vancouver,RCMP Municipal,Maple Ridge Mun,2006,272.0
Administration of Justice Offenses,North Coast Regional District (22),RCMP Provincial,Masset Prov,2006,38.0
Administration of Justice Offenses,Fraser Fort George,RCMP Provincial,McBride Prov,2006,7.0
Administration of Justice Offenses,Thompson Nicola,RCMP Municipal,Merritt Mun,2006,81.0
Administration of Justice Offenses,Thompson Nicola,RCMP Provincial,Merritt Prov,2006,19.0
Administration of Justice Offenses,Fraser Valley,RCMP Municipal,Mission Mun,2006,234.0
Administration of Justice Offenses,Fraser Valley,RCMP Provincial,Mission Prov,2006,24.0
Administration of Justice Offenses,Central Kootenay,RCMP Provincial,Nakusp Prov,2006,6.0
Administration of Justice Offenses,Nanaimo,RCMP Municipal,Nanaimo Mun,2006,734.0
Administration of Justice Offenses,Nanaimo,RCMP Provincial,Nanaimo Prov,2006,47.0
Administration of Justice Offenses,Central Kootenay,Independent Municipal,Nelson Mun,2006,48.0
Administration of Justice Offenses,Central Kootenay,RCMP Provincial,Nelson Prov,2006,24.0
Administration of Justice Offenses,Kitimat Stikine,RCMP Provincial,New Hazelton Prov,2006,82.0
Administration of Justice Offenses,Metro Vancouver,Independent Municipal,New Westminster Mun,2006,462.0
Administration of Justice Offenses,Strathcona,RCMP Provincial,Nootka Sound Prov,2006,12.0
Administration of Justice Offenses,Cowichan Valley,RCMP Municipal,North Cowichan Mun,2006,125.0
Administration of Justice Offenses,Capital,RCMP Municipal,North Saanich Mun,2006,16.0
Administration of Justice Offenses,Metro Vancouver,RCMP Municipal,North Vancouver City Mun,2006,168.0
Administration of Justice Offenses,Metro Vancouver,RCMP Municipal,North Vancouver District Mun,2006,128.0
Administration of Justice Offenses,Metro Vancouver,RCMP Provincial,North Vancouver Prov,2006,12.0
Administration of Justice Offenses,Northern Rockies,RCMP Municipal,Northern Rockies Mun,2006,NA
Administration of Justice Offenses,Northern Rockies,RCMP Provincial,Northern Rockies Prov,2006,158.0
Administration of Justice Offenses,Capital,Independent Municipal,Oak Bay Mun,2006,7.0
Administration of Justice Offenses,Nanaimo,RCMP Provincial,Oceanside Prov,2006,74.0
Administration of Justice Offenses,Cariboo,RCMP Provincial,One Hundred Mile House Prov,2006,68.0
Administration of Justice Offenses,Capital,RCMP Provincial,Outer Gulf  Islands Prov,2006,1.0
Administration of Justice Offenses,Nanaimo,RCMP Municipal,Parksville Mun,2006,49.0
Administration of Justice Offenses,Central Okanagan,RCMP Municipal,Peachland Mun,2006,NA
Administration of Justice Offenses,Squamish Lillooet,RCMP Provincial,Pemberton Prov,2006,10.0
Administration of Justice Offenses,Okanagan Similkameen,RCMP Municipal,Penticton Mun,2006,188.0
Administration of Justice Offenses,Okanagan Similkameen,RCMP Provincial,Penticton Prov,2006,27.0
Administration of Justice Offenses,Metro Vancouver,RCMP Municipal,Pitt Meadows Mun,2006,41.0
Administration of Justice Offenses,Alberni Clayoquot,RCMP Municipal,Port Alberni Mun,2006,307.0
Administration of Justice Offenses,Alberni Clayoquot,RCMP Provincial,Port Alberni Prov,2006,49.0
Administration of Justice Offenses,Mount Waddington,RCMP Provincial,Port Alice Prov,2006,4.0
Administration of Justice Offenses,Metro Vancouver,RCMP Municipal,Port Coquitlam Mun,2006,177.0
Administration of Justice Offenses,Mount Waddington,RCMP Provincial,Port Hardy Prov,2006,104.0
Administration of Justice Offenses,Mount Waddington,RCMP Provincial,Port McNeill Prov,2006,52.0
Administration of Justice Offenses,Metro Vancouver,Independent Municipal,Port Moody Mun,2006,46.0
Administration of Justice Offenses,Powell River,RCMP Municipal,Powell River Mun,2006,115.0
Administration of Justice Offenses,Powell River,RCMP Provincial,Powell River Prov,2006,38.0
Administration of Justice Offenses,Fraser Fort George,RCMP Municipal,Prince George Mun,2006,1072.0
Administration of Justice Offenses,Fraser Fort George,RCMP Provincial,Prince George Prov,2006,47.0
Administration of Justice Offenses,North Coast Regional District (22),RCMP Municipal,Prince Rupert Mun,2006,221.0
Administration of Justice Offenses,North Coast Regional District (22),RCMP Provincial,Prince Rupert Prov,2006,15.0
Administration of Justice Offenses,Okanagan Similkameen,RCMP Provincial,Princeton Prov,2006,19.0
Administration of Justice Offenses,Strathcona,RCMP Provincial,Quadra Island Prov,2006,16.0
Administration of Justice Offenses,Nanaimo,RCMP Municipal,Qualicum Beach Mun,2006,15.0
Administration of Justice Offenses,North Coast Regional District (22),RCMP Provincial,Queen Charlotte Prov,2006,20.0
Administration of Justice Offenses,Cariboo,RCMP Municipal,Quesnel Mun,2006,204.0
Administration of Justice Offenses,Cariboo,RCMP Provincial,Quesnel Prov,2006,39.0
Administration of Justice Offenses,Columbia Shuswap,RCMP Municipal,Revelstoke Mun,2006,30.0
Administration of Justice Offenses,Columbia Shuswap,RCMP Provincial,Revelstoke Prov,2006,2.0
Administration of Justice Offenses,Metro Vancouver,RCMP Municipal,Richmond Mun,2006,74.0
Administration of Justice Offenses,Metro Vancouver,RCMP Provincial,Ridge Meadows Prov,2006,3.0
Administration of Justice Offenses,Capital,Independent Municipal,Saanich Mun,2006,217.0
Administration of Justice Offenses,Central Kootenay,RCMP Provincial,Salmo Prov,2006,18.0
Administration of Justice Offenses,Columbia Shuswap,RCMP Municipal,Salmon Arm Mun,2006,57.0
Administration of Justice Offenses,Columbia Shuswap,RCMP Provincial,Salmon Arm Prov,2006,17.0
Administration of Justice Offenses,Capital,RCMP Provincial,Saltspring Island Prov,2006,26.0
Administration of Justice Offenses,Strathcona,RCMP Provincial,Sayward Prov,2006,4.0
Administration of Justice Offenses,Sunshine Coast,RCMP Municipal,Sechelt Mun,2006,44.0
Administration of Justice Offenses,Cowichan Valley,RCMP Provincial,Shawnigan Lake Prov,2006,26.0
Administration of Justice Offenses,Columbia Shuswap,RCMP Provincial,Sicamous Prov,2006,14.0
Administration of Justice Offenses,Capital,RCMP Municipal,Sidney Mun,2006,26.0
Administration of Justice Offenses,Capital,RCMP Provincial,Sidney Prov,2006,11.0
Administration of Justice Offenses,Central Kootenay,RCMP Provincial,Slocan Lake Prov,2006,7.0
Administration of Justice Offenses,Bulkley Nechako,RCMP Municipal,Smithers Mun,2006,88.0
Administration of Justice Offenses,Bulkley Nechako,RCMP Provincial,Smithers Prov,2006,33.0
Administration of Justice Offenses,Capital,RCMP Municipal,Sooke Mun,2006,28.0
Administration of Justice Offenses,Capital,RCMP Provincial,Sooke Prov,2006,11.0
Administration of Justice Offenses,Okanagan Similkameen,RCMP Provincial,South Okanagan/Oliver,2006,32.0
Administration of Justice Offenses,Okanagan Similkameen,RCMP Provincial,South Okanagan/Osoyoos,2006,31.0
Administration of Justice Offenses,North Okanagan,RCMP Municipal,Spallumcheen Mun,2006,NA
Administration of Justice Offenses,Squamish Lillooet,RCMP Municipal,Squamish Mun,2006,102.0
Administration of Justice Offenses,Squamish Lillooet,RCMP Provincial,Squamish Prov,2006,5.0
Administration of Justice Offenses,Kitimat Stikine,RCMP Provincial,Stewart Prov,2006,2.0
Administration of Justice Offenses,Squamish Lillooet,First Nations Aboriginal Police Service,Stl'atl'imx FNAPS,2006,21.0
Administration of Justice Offenses,Okanagan Similkameen,RCMP Municipal,Summerland Mun,2006,21.0
Administration of Justice Offenses,Sunshine Coast,RCMP Provincial,Sunshine Coast Prov,2006,58.0
Administration of Justice Offenses,Metro Vancouver,RCMP Municipal,Surrey Mun,2006,1601.0
Administration of Justice Offenses,Bulkley Nechako,RCMP Provincial,Takla Landing Prov,2006,8.0
Administration of Justice Offenses,Kitimat Stikine,RCMP Municipal,Terrace Mun,2006,187.0
Administration of Justice Offenses,Kitimat Stikine,RCMP Provincial,Terrace Prov,2006,38.0
Administration of Justice Offenses,Powell River,RCMP Provincial,Texada Island Prov,2006,3.0
Administration of Justice Offenses,Thompson Nicola,RCMP Provincial,T'Kumlups Prov,2006,35.0
Administration of Justice Offenses,Alberni Clayoquot,RCMP Provincial,Tofino Prov,2006,31.0
Administration of Justice Offenses,Kootenay Boundary,RCMP Municipal,Trail Mun,2006,99.0
Administration of Justice Offenses,Kootenay Boundary,RCMP Provincial,Trail and Greater District,2006,21.0
Administration of Justice Offenses,Fraser Fort George,RCMP Provincial,Tsay Keh Dene Prov,2006,39.0
Administration of Justice Offenses,Peace River,RCMP Provincial,Tumbler Ridge Prov,2006,34.0
Administration of Justice Offenses,Alberni Clayoquot,RCMP Provincial,Ucluelet Prov,2006,32.0
Administration of Justice Offenses,Metro Vancouver,RCMP Provincial,University Prov,2006,17.0
Administration of Justice Offenses,Fraser Fort George,RCMP Provincial,Valemount Prov,2006,9.0
Administration of Justice Offenses,Metro Vancouver,Independent Municipal,Vancouver Mun,2006,2852.0
Administration of Justice Offenses,Bulkley Nechako,RCMP Provincial,Vanderhoof Prov,2006,52.0
Administration of Justice Offenses,North Okanagan,RCMP Municipal,Vernon Mun,2006,207.0
Administration of Justice Offenses,North Okanagan,RCMP Provincial,Vernon Prov,2006,19.0
Administration of Justice Offenses,Capital,Independent Municipal,Victoria Mun,2006,963.0
Administration of Justice Offenses,Capital,RCMP Municipal,View Royal Mun,2006,29.0
Administration of Justice Offenses,Cariboo,RCMP Provincial,Wells Prov,2006,2.0
Administration of Justice Offenses,Central Okanagan,RCMP Municipal,West Kelowna Mun,2006,NA
Administration of Justice Offenses,Capital,RCMP Provincial,West Shore Prov,2006,13.0
Administration of Justice Offenses,Metro Vancouver,Independent Municipal,West Vancouver Mun,2006,63.0
Administration of Justice Offenses,Squamish Lillooet,RCMP Municipal,Whistler Mun,2006,25.0
Administration of Justice Offenses,Squamish Lillooet,RCMP Provincial,Whistler Prov,2006,1.0
Administration of Justice Offenses,Metro Vancouver,RCMP Municipal,White Rock Mun,2006,40.0
Administration of Justice Offenses,Cariboo,RCMP Municipal,Williams Lake Mun,2006,249.0
Administration of Justice Offenses,Cariboo,RCMP Provincial,Williams Lake Prov,2006,41.0
Drug Offenses,Fraser Valley,Independent Municipal,Abbotsford Mun,2006,383.0
Drug Offenses,Fraser Valley,RCMP Provincial,Agassiz Prov,2006,75.0
Drug Offenses,Mount Waddington,RCMP Provincial,Alert Bay Prov,2006,17.0
Drug Offenses,Cariboo,RCMP Provincial,Alexis Creek Prov,2006,12.0
Drug Offenses,Cariboo,RCMP Provincial,Anahim Lake Prov,2006,12.0
Drug Offenses,North Okanagan,RCMP Provincial,Armstrong Prov,2006,54.0
Drug Offenses,Thompson Nicola,RCMP Provincial,Ashcroft Prov,2006,38.0
Drug Offenses,Kitimat Stikine,RCMP Provincial,Atlin Prov,2006,1.0
Drug Offenses,Thompson Nicola,RCMP Provincial,Barriere Prov,2006,55.0
Drug Offenses,Central Coast,RCMP Provincial,Bella Bella Prov,2006,59.0
Drug Offenses,Central Coast,RCMP Provincial,Bella Coola Prov,2006,35.0
Drug Offenses,Fraser Valley,RCMP Provincial,Boston Bar Prov,2006,10.0
Drug Offenses,Kootenay Boundary,RCMP Provincial,Boundary/Grand Forks Prov,2006,54.0
Drug Offenses,Kootenay Boundary,RCMP Provincial,Boundary/Midway Prov,2006,46.0
Drug Offenses,Metro Vancouver,RCMP Provincial,Bowen Island Prov,2006,8.0
Drug Offenses,Metro Vancouver,RCMP Municipal,Burnaby Mun,2006,775.0
Drug Offenses,Bulkley Nechako,RCMP Provincial,Burns Lake Prov,2006,228.0
Drug Offenses,Strathcona,RCMP Municipal,Campbell River Mun,2006,239.0
Drug Offenses,Strathcona,RCMP Provincial,Campbell River Prov,2006,37.0
Drug Offenses,Central Kootenay,RCMP Municipal,Castlegar Mun,2006,70.0
Drug Offenses,Central Kootenay,RCMP Provincial,Castlegar Prov,2006,44.0
Drug Offenses,Capital,Independent Municipal,Central Saanich Mun,2006,28.0
Drug Offenses,Thompson Nicola,RCMP Provincial,Chase Prov,2006,56.0
Drug Offenses,Peace River,RCMP Provincial,Chetwynd Prov,2006,93.0
Drug Offenses,Fraser Valley,RCMP Municipal,Chilliwack Mun,2006,339.0
Drug Offenses,Fraser Valley,RCMP Provincial,Chilliwack Prov,2006,15.0
Drug Offenses,Thompson Nicola,RCMP Provincial,Clearwater Prov,2006,70.0
Drug Offenses,Thompson Nicola,RCMP Provincial,Clinton Prov,2006,13.0
Drug Offenses,North Okanagan,RCMP Municipal,Coldstream Mun,2006,13.0
Drug Offenses,East Kootenay,RCMP Provincial,Columbia Valley Prov,2006,82.0
Drug Offenses,Capital,RCMP Municipal,Colwood Mun,2006,45.0
Drug Offenses,Comox Valley,RCMP Municipal,Comox Mun,2006,34.0
Drug Offenses,Comox Valley,RCMP Provincial,Comox Valley Prov,2006,178.0
Drug Offenses,Metro Vancouver,RCMP Municipal,Coquitlam Mun,2006,368.0
Drug Offenses,Metro Vancouver,RCMP Provincial,Coquitlam Prov,2006,15.0
Drug Offenses,Comox Valley,RCMP Municipal,Courtenay Mun,2006,340.0
Drug Offenses,East Kootenay,RCMP Municipal,Cranbrook Mun,2006,116.0
Drug Offenses,East Kootenay,RCMP Provincial,Cranbrook Prov,2006,21.0
Drug Offenses,Central Kootenay,RCMP Municipal,Creston Mun,2006,NA
Drug Offenses,Central Kootenay,RCMP Provincial,Creston Prov,2006,87.0
Drug Offenses,Peace River,RCMP Municipal,Dawson Creek Mun,2006,158.0
Drug Offenses,Peace River,RCMP Provincial,Dawson Creek Prov,2006,79.0
Drug Offenses,Kitimat Stikine,RCMP Provincial,Dease Lake Prov,2006,14.0
Drug Offenses,Metro Vancouver,Independent Municipal,Delta Mun,2006,335.0
Drug Offenses,Cowichan Valley,RCMP Provincial,Duncan Prov,2006,86.0
Drug Offenses,East Kootenay,RCMP Provincial,Elk Valley Prov,2006,64.0
Drug Offenses,North Okanagan,RCMP Provincial,Enderby Prov,2006,77.0
Drug Offenses,Columbia Shuswap,RCMP Provincial,Falkland Prov,2006,16.0
Drug Offenses,Bulkley Nechako,RCMP Provincial,Fort St James Prov,2006,67.0
Drug Offenses,Peace River,RCMP Municipal,Fort St John Mun,2006,315.0
Drug Offenses,Peace River,RCMP Provincial,Fort St John Prov,2006,63.0
Drug Offenses,Bulkley Nechako,RCMP Provincial,Fraser Lake Prov,2006,29.0
Drug Offenses,Nanaimo,RCMP Provincial,Gabriola Island Prov,2006,6.0
Drug Offenses,Columbia Shuswap,RCMP Provincial,Golden Prov,2006,73.0
Drug Offenses,Fraser Valley,RCMP Municipal,Hope Mun,2006,107.0
Drug Offenses,Fraser Valley,RCMP Provincial,Hope  Prov,2006,45.0
Drug Offenses,Bulkley Nechako,RCMP Provincial,Houston/Granisle Prov,2006,42.0
Drug Offenses,Peace River,RCMP Provincial,Hudson's Hope Prov,2006,5.0
Drug Offenses,Thompson Nicola,RCMP Municipal,Kamloops Mun,2006,373.0
Drug Offenses,Central Kootenay,RCMP Provincial,Kaslo Prov,2006,60.0
Drug Offenses,Central Okanagan,RCMP Municipal,Kelowna Mun,2006,734.0
Drug Offenses,Central Okanagan,RCMP Provincial,Kelowna Prov,2006,135.0
Drug Offenses,Fraser Valley,RCMP Municipal,Kent Mun,2006,NA
Drug Offenses,Okanagan Similkameen,RCMP Provincial,Keremeos Prov,2006,12.0
Drug Offenses,East Kootenay,RCMP Municipal,Kimberley Mun,2006,41.0
Drug Offenses,East Kootenay,RCMP Provincial,Kimberley Prov,2006,10.0
Drug Offenses,Kitimat Stikine,RCMP Municipal,Kitimat Mun,2006,65.0
Drug Offenses,Kitimat Stikine,RCMP Provincial,Kitimat Prov,2006,8.0
Drug Offenses,Cowichan Valley,RCMP Municipal,Ladysmith Mun,2006,23.0
Drug Offenses,Cowichan Valley,RCMP Provincial,Ladysmith Prov,2006,37.0
Drug Offenses,Central Okanagan,RCMP Municipal,Lake Country Mun,2006,32.0
Drug Offenses,Cowichan Valley,RCMP Provincial,Lake Cowichan Prov,2006,73.0
Drug Offenses,Capital,RCMP Municipal,Langford Mun,2006,116.0
Drug Offenses,Metro Vancouver,RCMP Municipal,Langley City Mun,2006,283.0
Drug Offenses,Metro Vancouver,RCMP Municipal,Langley Township Mun,2006,513.0
Drug Offenses,Squamish Lillooet,RCMP Provincial,Lillooet Prov,2006,24.0
Drug Offenses,Kitimat Stikine,RCMP Provincial,Lisims/Nass Valley Prov,2006,30.0
Drug Offenses,Thompson Nicola,RCMP Provincial,Logan Lake Prov,2006,24.0
Drug Offenses,North Okanagan,RCMP Provincial,Lumby Prov,2006,52.0
Drug Offenses,Thompson Nicola,RCMP Provincial,Lytton Prov,2006,14.0
Drug Offenses,Fraser Fort George,RCMP Provincial,Mackenzie Prov,2006,145.0
Drug Offenses,Metro Vancouver,RCMP Municipal,Maple Ridge Mun,2006,349.0
Drug Offenses,North Coast Regional District (22),RCMP Provincial,Masset Prov,2006,54.0
Drug Offenses,Fraser Fort George,RCMP Provincial,McBride Prov,2006,33.0
Drug Offenses,Thompson Nicola,RCMP Municipal,Merritt Mun,2006,111.0
Drug Offenses,Thompson Nicola,RCMP Provincial,Merritt Prov,2006,33.0
Drug Offenses,Fraser Valley,RCMP Municipal,Mission Mun,2006,216.0
Drug Offenses,Fraser Valley,RCMP Provincial,Mission Prov,2006,26.0
Drug Offenses,Central Kootenay,RCMP Provincial,Nakusp Prov,2006,16.0
Drug Offenses,Nanaimo,RCMP Municipal,Nanaimo Mun,2006,532.0
Drug Offenses,Nanaimo,RCMP Provincial,Nanaimo Prov,2006,16.0
Drug Offenses,Central Kootenay,Independent Municipal,Nelson Mun,2006,61.0
Drug Offenses,Central Kootenay,RCMP Provincial,Nelson Prov,2006,92.0
Drug Offenses,Kitimat Stikine,RCMP Provincial,New Hazelton Prov,2006,91.0
Drug Offenses,Metro Vancouver,Independent Municipal,New Westminster Mun,2006,549.0
Drug Offenses,Strathcona,RCMP Provincial,Nootka Sound Prov,2006,18.0
Drug Offenses,Cowichan Valley,RCMP Municipal,North Cowichan Mun,2006,94.0
Drug Offenses,Capital,RCMP Municipal,North Saanich Mun,2006,44.0
Drug Offenses,Metro Vancouver,RCMP Municipal,North Vancouver City Mun,2006,290.0
Drug Offenses,Metro Vancouver,RCMP Municipal,North Vancouver District Mun,2006,227.0
Drug Offenses,Metro Vancouver,RCMP Provincial,North Vancouver Prov,2006,16.0
Drug Offenses,Northern Rockies,RCMP Municipal,Northern Rockies Mun,2006,NA
Drug Offenses,Northern Rockies,RCMP Provincial,Northern Rockies Prov,2006,153.0
Drug Offenses,Capital,Independent Municipal,Oak Bay Mun,2006,18.0
Drug Offenses,Nanaimo,RCMP Provincial,Oceanside Prov,2006,96.0
Drug Offenses,Cariboo,RCMP Provincial,One Hundred Mile House Prov,2006,77.0
Drug Offenses,Capital,RCMP Provincial,Outer Gulf  Islands Prov,2006,18.0
Drug Offenses,Nanaimo,RCMP Municipal,Parksville Mun,2006,57.0
Drug Offenses,Central Okanagan,RCMP Municipal,Peachland Mun,2006,NA
Drug Offenses,Squamish Lillooet,RCMP Provincial,Pemberton Prov,2006,36.0
Drug Offenses,Okanagan Similkameen,RCMP Municipal,Penticton Mun,2006,235.0
Drug Offenses,Okanagan Similkameen,RCMP Provincial,Penticton Prov,2006,42.0
Drug Offenses,Metro Vancouver,RCMP Municipal,Pitt Meadows Mun,2006,38.0
Drug Offenses,Alberni Clayoquot,RCMP Municipal,Port Alberni Mun,2006,151.0
Drug Offenses,Alberni Clayoquot,RCMP Provincial,Port Alberni Prov,2006,25.0
Drug Offenses,Mount Waddington,RCMP Provincial,Port Alice Prov,2006,15.0
Drug Offenses,Metro Vancouver,RCMP Municipal,Port Coquitlam Mun,2006,207.0
Drug Offenses,Mount Waddington,RCMP Provincial,Port Hardy Prov,2006,81.0
Drug Offenses,Mount Waddington,RCMP Provincial,Port McNeill Prov,2006,54.0
Drug Offenses,Metro Vancouver,Independent Municipal,Port Moody Mun,2006,123.0
Drug Offenses,Powell River,RCMP Municipal,Powell River Mun,2006,123.0
Drug Offenses,Powell River,RCMP Provincial,Powell River Prov,2006,53.0
Drug Offenses,Fraser Fort George,RCMP Municipal,Prince George Mun,2006,409.0
Drug Offenses,Fraser Fort George,RCMP Provincial,Prince George Prov,2006,55.0
Drug Offenses,North Coast Regional District (22),RCMP Municipal,Prince Rupert Mun,2006,151.0
Drug Offenses,North Coast Regional District (22),RCMP Provincial,Prince Rupert Prov,2006,17.0
Drug Offenses,Okanagan Similkameen,RCMP Provincial,Princeton Prov,2006,88.0
Drug Offenses,Strathcona,RCMP Provincial,Quadra Island Prov,2006,22.0
Drug Offenses,Nanaimo,RCMP Municipal,Qualicum Beach Mun,2006,12.0
Drug Offenses,North Coast Regional District (22),RCMP Provincial,Queen Charlotte Prov,2006,49.0
Drug Offenses,Cariboo,RCMP Municipal,Quesnel Mun,2006,74.0
Drug Offenses,Cariboo,RCMP Provincial,Quesnel Prov,2006,24.0
Drug Offenses,Columbia Shuswap,RCMP Municipal,Revelstoke Mun,2006,97.0
Drug Offenses,Columbia Shuswap,RCMP Provincial,Revelstoke Prov,2006,29.0
Drug Offenses,Metro Vancouver,RCMP Municipal,Richmond Mun,2006,960.0
Drug Offenses,Metro Vancouver,RCMP Provincial,Ridge Meadows Prov,2006,3.0
Drug Offenses,Capital,Independent Municipal,Saanich Mun,2006,274.0
Drug Offenses,Central Kootenay,RCMP Provincial,Salmo Prov,2006,39.0
Drug Offenses,Columbia Shuswap,RCMP Municipal,Salmon Arm Mun,2006,90.0
Drug Offenses,Columbia Shuswap,RCMP Provincial,Salmon Arm Prov,2006,54.0
Drug Offenses,Capital,RCMP Provincial,Saltspring Island Prov,2006,58.0
Drug Offenses,Strathcona,RCMP Provincial,Sayward Prov,2006,32.0
Drug Offenses,Sunshine Coast,RCMP Municipal,Sechelt Mun,2006,60.0
Drug Offenses,Cowichan Valley,RCMP Provincial,Shawnigan Lake Prov,2006,45.0
Drug Offenses,Columbia Shuswap,RCMP Provincial,Sicamous Prov,2006,40.0
Drug Offenses,Capital,RCMP Municipal,Sidney Mun,2006,80.0
Drug Offenses,Capital,RCMP Provincial,Sidney Prov,2006,18.0
Drug Offenses,Central Kootenay,RCMP Provincial,Slocan Lake Prov,2006,23.0
Drug Offenses,Bulkley Nechako,RCMP Municipal,Smithers Mun,2006,119.0
Drug Offenses,Bulkley Nechako,RCMP Provincial,Smithers Prov,2006,27.0
Drug Offenses,Capital,RCMP Municipal,Sooke Mun,2006,67.0
Drug Offenses,Capital,RCMP Provincial,Sooke Prov,2006,27.0
Drug Offenses,Okanagan Similkameen,RCMP Provincial,South Okanagan/Oliver,2006,68.0
Drug Offenses,Okanagan Similkameen,RCMP Provincial,South Okanagan/Osoyoos,2006,50.0
Drug Offenses,North Okanagan,RCMP Municipal,Spallumcheen Mun,2006,NA
Drug Offenses,Squamish Lillooet,RCMP Municipal,Squamish Mun,2006,167.0
Drug Offenses,Squamish Lillooet,RCMP Provincial,Squamish Prov,2006,13.0
Drug Offenses,Kitimat Stikine,RCMP Provincial,Stewart Prov,2006,5.0
Drug Offenses,Squamish Lillooet,First Nations Aboriginal Police Service,Stl'atl'imx FNAPS,2006,26.0
Drug Offenses,Okanagan Similkameen,RCMP Municipal,Summerland Mun,2006,76.0
Drug Offenses,Sunshine Coast,RCMP Provincial,Sunshine Coast Prov,2006,120.0
Drug Offenses,Metro Vancouver,RCMP Municipal,Surrey Mun,2006,2641.0
Drug Offenses,Bulkley Nechako,RCMP Provincial,Takla Landing Prov,2006,2.0
Drug Offenses,Kitimat Stikine,RCMP Municipal,Terrace Mun,2006,86.0
Drug Offenses,Kitimat Stikine,RCMP Provincial,Terrace Prov,2006,47.0
Drug Offenses,Powell River,RCMP Provincial,Texada Island Prov,2006,36.0
Drug Offenses,Thompson Nicola,RCMP Provincial,T'Kumlups Prov,2006,91.0
Drug Offenses,Alberni Clayoquot,RCMP Provincial,Tofino Prov,2006,48.0
Drug Offenses,Kootenay Boundary,RCMP Municipal,Trail Mun,2006,45.0
Drug Offenses,Kootenay Boundary,RCMP Provincial,Trail and Greater District,2006,31.0
Drug Offenses,Fraser Fort George,RCMP Provincial,Tsay Keh Dene Prov,2006,19.0
Drug Offenses,Peace River,RCMP Provincial,Tumbler Ridge Prov,2006,63.0
Drug Offenses,Alberni Clayoquot,RCMP Provincial,Ucluelet Prov,2006,51.0
Drug Offenses,Metro Vancouver,RCMP Provincial,University Prov,2006,102.0
Drug Offenses,Fraser Fort George,RCMP Provincial,Valemount Prov,2006,33.0
Drug Offenses,Metro Vancouver,Independent Municipal,Vancouver Mun,2006,3933.0
Drug Offenses,Bulkley Nechako,RCMP Provincial,Vanderhoof Prov,2006,69.0
Drug Offenses,North Okanagan,RCMP Municipal,Vernon Mun,2006,260.0
Drug Offenses,North Okanagan,RCMP Provincial,Vernon Prov,2006,39.0
Drug Offenses,Capital,Independent Municipal,Victoria Mun,2006,685.0
Drug Offenses,Capital,RCMP Municipal,View Royal Mun,2006,27.0
Drug Offenses,Cariboo,RCMP Provincial,Wells Prov,2006,2.0
Drug Offenses,Central Okanagan,RCMP Municipal,West Kelowna Mun,2006,NA
Drug Offenses,Capital,RCMP Provincial,West Shore Prov,2006,21.0
Drug Offenses,Metro Vancouver,Independent Municipal,West Vancouver Mun,2006,121.0
Drug Offenses,Squamish Lillooet,RCMP Municipal,Whistler Mun,2006,208.0
Drug Offenses,Squamish Lillooet,RCMP Provincial,Whistler Prov,2006,1.0
Drug Offenses,Metro Vancouver,RCMP Municipal,White Rock Mun,2006,198.0
Drug Offenses,Cariboo,RCMP Municipal,Williams Lake Mun,2006,125.0
Drug Offenses,Cariboo,RCMP Provincial,Williams Lake Prov,2006,35.0
Population,Fraser Valley,Independent Municipal,Abbotsford Mun,2006,129407.0
Population,Fraser Valley,RCMP Provincial,Agassiz Prov,2006,9317.0
Population,Mount Waddington,RCMP Provincial,Alert Bay Prov,2006,1447.0
Population,Cariboo,RCMP Provincial,Alexis Creek Prov,2006,1743.0
Population,Cariboo,RCMP Provincial,Anahim Lake Prov,2006,721.0
Population,North Okanagan,RCMP Provincial,Armstrong Prov,2006,9833.0
Population,Thompson Nicola,RCMP Provincial,Ashcroft Prov,2006,3778.0
Population,Kitimat Stikine,RCMP Provincial,Atlin Prov,2006,717.0
Population,Thompson Nicola,RCMP Provincial,Barriere Prov,2006,3810.0
Population,Central Coast,RCMP Provincial,Bella Bella Prov,2006,1617.0
Population,Central Coast,RCMP Provincial,Bella Coola Prov,2006,1923.0
Population,Fraser Valley,RCMP Provincial,Boston Bar Prov,2006,654.0
Population,Kootenay Boundary,RCMP Provincial,Boundary/Grand Forks Prov,2006,8856.0
Population,Kootenay Boundary,RCMP Provincial,Boundary/Midway Prov,2006,2818.0
Population,Metro Vancouver,RCMP Provincial,Bowen Island Prov,2006,3460.0
Population,Metro Vancouver,RCMP Municipal,Burnaby Mun,2006,210400.0
Population,Bulkley Nechako,RCMP Provincial,Burns Lake Prov,2006,6301.0
Population,Strathcona,RCMP Municipal,Campbell River Mun,2006,30064.0
Population,Strathcona,RCMP Provincial,Campbell River Prov,2006,5419.0
Population,Central Kootenay,RCMP Municipal,Castlegar Mun,2006,7368.0
Population,Central Kootenay,RCMP Provincial,Castlegar Prov,2006,5922.0
Population,Capital,Independent Municipal,Central Saanich Mun,2006,15982.0
Population,Thompson Nicola,RCMP Provincial,Chase Prov,2006,8293.0
Population,Peace River,RCMP Provincial,Chetwynd Prov,2006,5401.0
Population,Fraser Valley,RCMP Municipal,Chilliwack Mun,2006,74424.0
Population,Fraser Valley,RCMP Provincial,Chilliwack Prov,2006,4993.0
Population,Thompson Nicola,RCMP Provincial,Clearwater Prov,2006,4268.0
Population,Thompson Nicola,RCMP Provincial,Clinton Prov,2006,1764.0
Population,North Okanagan,RCMP Municipal,Coldstream Mun,2006,9672.0
Population,East Kootenay,RCMP Provincial,Columbia Valley Prov,2006,9161.0
Population,Capital,RCMP Municipal,Colwood Mun,2006,15259.0
Population,Comox Valley,RCMP Municipal,Comox Mun,2006,12275.0
Population,Comox Valley,RCMP Provincial,Comox Valley Prov,2006,25552.0
Population,Metro Vancouver,RCMP Municipal,Coquitlam Mun,2006,119651.0
Population,Metro Vancouver,RCMP Provincial,Coquitlam Prov,2006,2581.0
Population,Comox Valley,RCMP Municipal,Courtenay Mun,2006,22461.0
Population,East Kootenay,RCMP Municipal,Cranbrook Mun,2006,18471.0
Population,East Kootenay,RCMP Provincial,Cranbrook Prov,2006,6795.0
Population,Central Kootenay,RCMP Municipal,Creston Mun,2006,NA
Population,Central Kootenay,RCMP Provincial,Creston Prov,2006,12747.0
Population,Peace River,RCMP Municipal,Dawson Creek Mun,2006,11085.0
Population,Peace River,RCMP Provincial,Dawson Creek Prov,2006,6879.0
Population,Kitimat Stikine,RCMP Provincial,Dease Lake Prov,2006,1437.0
Population,Metro Vancouver,Independent Municipal,Delta Mun,2006,100104.0
Population,Cowichan Valley,RCMP Provincial,Duncan Prov,2006,14239.0
Population,East Kootenay,RCMP Provincial,Elk Valley Prov,2006,13466.0
Population,North Okanagan,RCMP Provincial,Enderby Prov,2006,6810.0
Population,Columbia Shuswap,RCMP Provincial,Falkland Prov,2006,2895.0
Population,Bulkley Nechako,RCMP Provincial,Fort St James Prov,2006,4e3
Population,Peace River,RCMP Municipal,Fort St John Mun,2006,17924.0
Population,Peace River,RCMP Provincial,Fort St John Prov,2006,13921.0
Population,Bulkley Nechako,RCMP Provincial,Fraser Lake Prov,2006,3293.0
Population,Nanaimo,RCMP Provincial,Gabriola Island Prov,2006,3919.0
Population,Columbia Shuswap,RCMP Provincial,Golden Prov,2006,7071.0
Population,Fraser Valley,RCMP Municipal,Hope Mun,2006,6242.0
Population,Fraser Valley,RCMP Provincial,Hope  Prov,2006,1187.0
Population,Bulkley Nechako,RCMP Provincial,Houston/Granisle Prov,2006,4614.0
Population,Peace River,RCMP Provincial,Hudson's Hope Prov,2006,1238.0
Population,Thompson Nicola,RCMP Municipal,Kamloops Mun,2006,83097.0
Population,Central Kootenay,RCMP Provincial,Kaslo Prov,2006,2370.0
Population,Central Okanagan,RCMP Municipal,Kelowna Mun,2006,110030.0
Population,Central Okanagan,RCMP Provincial,Kelowna Prov,2006,44072.0
Population,Fraser Valley,RCMP Municipal,Kent Mun,2006,NA
Population,Okanagan Similkameen,RCMP Provincial,Keremeos Prov,2006,4771.0
Population,East Kootenay,RCMP Municipal,Kimberley Mun,2006,6182.0
Population,East Kootenay,RCMP Provincial,Kimberley Prov,2006,1978.0
Population,Kitimat Stikine,RCMP Municipal,Kitimat Mun,2006,9327.0
Population,Kitimat Stikine,RCMP Provincial,Kitimat Prov,2006,529.0
Population,Cowichan Valley,RCMP Municipal,Ladysmith Mun,2006,7632.0
Population,Cowichan Valley,RCMP Provincial,Ladysmith Prov,2006,5514.0
Population,Central Okanagan,RCMP Municipal,Lake Country Mun,2006,9776.0
Population,Cowichan Valley,RCMP Provincial,Lake Cowichan Prov,2006,5796.0
Population,Capital,RCMP Municipal,Langford Mun,2006,23542.0
Population,Metro Vancouver,RCMP Municipal,Langley City Mun,2006,24851.0
Population,Metro Vancouver,RCMP Municipal,Langley Township Mun,2006,97293.0
Population,Squamish Lillooet,RCMP Provincial,Lillooet Prov,2006,3269.0
Population,Kitimat Stikine,RCMP Provincial,Lisims/Nass Valley Prov,2006,1959.0
Population,Thompson Nicola,RCMP Provincial,Logan Lake Prov,2006,2685.0
Population,North Okanagan,RCMP Provincial,Lumby Prov,2006,5798.0
Population,Thompson Nicola,RCMP Provincial,Lytton Prov,2006,1902.0
Population,Fraser Fort George,RCMP Provincial,Mackenzie Prov,2006,4743.0
Population,Metro Vancouver,RCMP Municipal,Maple Ridge Mun,2006,71645.0
Population,North Coast Regional District (22),RCMP Provincial,Masset Prov,2006,2275.0
Population,Fraser Fort George,RCMP Provincial,McBride Prov,2006,1773.0
Population,Thompson Nicola,RCMP Municipal,Merritt Mun,2006,7326.0
Population,Thompson Nicola,RCMP Provincial,Merritt Prov,2006,3814.0
Population,Fraser Valley,RCMP Municipal,Mission Mun,2006,35731.0
Population,Fraser Valley,RCMP Provincial,Mission Prov,2006,4357.0
Population,Central Kootenay,RCMP Provincial,Nakusp Prov,2006,3333.0
Population,Nanaimo,RCMP Municipal,Nanaimo Mun,2006,81152.0
Population,Nanaimo,RCMP Provincial,Nanaimo Prov,2006,13608.0
Population,Central Kootenay,Independent Municipal,Nelson Mun,2006,9301.0
Population,Central Kootenay,RCMP Provincial,Nelson Prov,2006,11709.0
Population,Kitimat Stikine,RCMP Provincial,New Hazelton Prov,2006,5528.0
Population,Metro Vancouver,Independent Municipal,New Westminster Mun,2006,60496.0
Population,Strathcona,RCMP Provincial,Nootka Sound Prov,2006,2091.0
Population,Cowichan Valley,RCMP Municipal,North Cowichan Mun,2006,28384.0
Population,Capital,RCMP Municipal,North Saanich Mun,2006,10920.0
Population,Metro Vancouver,RCMP Municipal,North Vancouver City Mun,2006,46855.0
Population,Metro Vancouver,RCMP Municipal,North Vancouver District Mun,2006,85427.0
Population,Metro Vancouver,RCMP Provincial,North Vancouver Prov,2006,2088.0
Population,Northern Rockies,RCMP Municipal,Northern Rockies Mun,2006,NA
Population,Northern Rockies,RCMP Provincial,Northern Rockies Prov,2006,6289.0
Population,Capital,Independent Municipal,Oak Bay Mun,2006,17996.0
Population,Nanaimo,RCMP Provincial,Oceanside Prov,2006,23428.0
Population,Cariboo,RCMP Provincial,One Hundred Mile House Prov,2006,13088.0
Population,Capital,RCMP Provincial,Outer Gulf  Islands Prov,2006,4636.0
Population,Nanaimo,RCMP Municipal,Parksville Mun,2006,11064.0
Population,Central Okanagan,RCMP Municipal,Peachland Mun,2006,NA
Population,Squamish Lillooet,RCMP Provincial,Pemberton Prov,2006,4161.0
Population,Okanagan Similkameen,RCMP Municipal,Penticton Mun,2006,32487.0
Population,Okanagan Similkameen,RCMP Provincial,Penticton Prov,2006,11772.0
Population,Metro Vancouver,RCMP Municipal,Pitt Meadows Mun,2006,16302.0
Population,Alberni Clayoquot,RCMP Municipal,Port Alberni Mun,2006,17600.0
Population,Alberni Clayoquot,RCMP Provincial,Port Alberni Prov,2006,8261.0
Population,Mount Waddington,RCMP Provincial,Port Alice Prov,2006,860.0
Population,Metro Vancouver,RCMP Municipal,Port Coquitlam Mun,2006,54586.0
Population,Mount Waddington,RCMP Provincial,Port Hardy Prov,2006,5330.0
Population,Mount Waddington,RCMP Provincial,Port McNeill Prov,2006,4774.0
Population,Metro Vancouver,Independent Municipal,Port Moody Mun,2006,28743.0
Population,Powell River,RCMP Municipal,Powell River Mun,2006,13024.0
Population,Powell River,RCMP Provincial,Powell River Prov,2006,5483.0
Population,Fraser Fort George,RCMP Municipal,Prince George Mun,2006,72915.0
Population,Fraser Fort George,RCMP Provincial,Prince George Prov,2006,13396.0
Population,North Coast Regional District (22),RCMP Municipal,Prince Rupert Mun,2006,13078.0
Population,North Coast Regional District (22),RCMP Provincial,Prince Rupert Prov,2006,2168.0
Population,Okanagan Similkameen,RCMP Provincial,Princeton Prov,2006,4952.0
Population,Strathcona,RCMP Provincial,Quadra Island Prov,2006,3596.0
Population,Nanaimo,RCMP Municipal,Qualicum Beach Mun,2006,8501.0
Population,North Coast Regional District (22),RCMP Provincial,Queen Charlotte Prov,2006,2507.0
Population,Cariboo,RCMP Municipal,Quesnel Mun,2006,9466.0
Population,Cariboo,RCMP Provincial,Quesnel Prov,2006,13547.0
Population,Columbia Shuswap,RCMP Municipal,Revelstoke Mun,2006,7293.0
Population,Columbia Shuswap,RCMP Provincial,Revelstoke Prov,2006,579.0
Population,Metro Vancouver,RCMP Municipal,Richmond Mun,2006,182638.0
Population,Metro Vancouver,RCMP Provincial,Ridge Meadows Prov,2006,97.0
Population,Capital,Independent Municipal,Saanich Mun,2006,111434.0
Population,Central Kootenay,RCMP Provincial,Salmo Prov,2006,2469.0
Population,Columbia Shuswap,RCMP Municipal,Salmon Arm Mun,2006,16306.0
Population,Columbia Shuswap,RCMP Provincial,Salmon Arm Prov,2006,9387.0
Population,Capital,RCMP Provincial,Saltspring Island Prov,2006,10054.0
Population,Strathcona,RCMP Provincial,Sayward Prov,2006,819.0
Population,Sunshine Coast,RCMP Municipal,Sechelt Mun,2006,8491.0
Population,Cowichan Valley,RCMP Provincial,Shawnigan Lake Prov,2006,16797.0
Population,Columbia Shuswap,RCMP Provincial,Sicamous Prov,2006,4046.0
Population,Capital,RCMP Municipal,Sidney Mun,2006,11458.0
Population,Capital,RCMP Provincial,Sidney Prov,2006,3409.0
Population,Central Kootenay,RCMP Provincial,Slocan Lake Prov,2006,1947.0
Population,Bulkley Nechako,RCMP Municipal,Smithers Mun,2006,5292.0
Population,Bulkley Nechako,RCMP Provincial,Smithers Prov,2006,7479.0
Population,Capital,RCMP Municipal,Sooke Mun,2006,10084.0
Population,Capital,RCMP Provincial,Sooke Prov,2006,4451.0
Population,Okanagan Similkameen,RCMP Provincial,South Okanagan/Oliver,2006,8384.0
Population,Okanagan Similkameen,RCMP Provincial,South Okanagan/Osoyoos,2006,7313.0
Population,North Okanagan,RCMP Municipal,Spallumcheen Mun,2006,NA
Population,Squamish Lillooet,RCMP Municipal,Squamish Mun,2006,15821.0
Population,Squamish Lillooet,RCMP Provincial,Squamish Prov,2006,2003.0
Population,Kitimat Stikine,RCMP Provincial,Stewart Prov,2006,496.0
Population,Squamish Lillooet,First Nations Aboriginal Police Service,Stl'atl'imx FNAPS,2006,2991.0
Population,Okanagan Similkameen,RCMP Municipal,Summerland Mun,2006,10896.0
Population,Sunshine Coast,RCMP Provincial,Sunshine Coast Prov,2006,19430.0
Population,Metro Vancouver,RCMP Municipal,Surrey Mun,2006,412922.0
Population,Bulkley Nechako,RCMP Provincial,Takla Landing Prov,2006,185.0
Population,Kitimat Stikine,RCMP Municipal,Terrace Mun,2006,11461.0
Population,Kitimat Stikine,RCMP Provincial,Terrace Prov,2006,7530.0
Population,Powell River,RCMP Provincial,Texada Island Prov,2006,1043.0
Population,Thompson Nicola,RCMP Provincial,T'Kumlups Prov,2006,7858.0
Population,Alberni Clayoquot,RCMP Provincial,Tofino Prov,2006,3096.0
Population,Kootenay Boundary,RCMP Municipal,Trail Mun,2006,7241.0
Population,Kootenay Boundary,RCMP Provincial,Trail and Greater District,2006,10758.0
Population,Fraser Fort George,RCMP Provincial,Tsay Keh Dene Prov,2006,372.0
Population,Peace River,RCMP Provincial,Tumbler Ridge Prov,2006,2493.0
Population,Alberni Clayoquot,RCMP Provincial,Ucluelet Prov,2006,2119.0
Population,Metro Vancouver,RCMP Provincial,University Prov,2006,11904.0
Population,Fraser Fort George,RCMP Provincial,Valemount Prov,2006,1610.0
Population,Metro Vancouver,Independent Municipal,Vancouver Mun,2006,601006.0
Population,Bulkley Nechako,RCMP Provincial,Vanderhoof Prov,2006,8241.0
Population,North Okanagan,RCMP Municipal,Vernon Mun,2006,36887.0
Population,North Okanagan,RCMP Provincial,Vernon Prov,2006,13524.0
Population,Capital,Independent Municipal,Victoria Mun,2006,98177.0
Population,Capital,RCMP Municipal,View Royal Mun,2006,9127.0
Population,Cariboo,RCMP Provincial,Wells Prov,2006,358.0
Population,Central Okanagan,RCMP Municipal,West Kelowna Mun,2006,NA
Population,Capital,RCMP Provincial,West Shore Prov,2006,8908.0
Population,Metro Vancouver,Independent Municipal,West Vancouver Mun,2006,45270.0
Population,Squamish Lillooet,RCMP Municipal,Whistler Mun,2006,9799.0
Population,Squamish Lillooet,RCMP Provincial,Whistler Prov,2006,298.0
Population,Metro Vancouver,RCMP Municipal,White Rock Mun,2006,18866.0
Population,Cariboo,RCMP Municipal,Williams Lake Mun,2006,11063.0
Population,Cariboo,RCMP Provincial,Williams Lake Prov,2006,13123.0
Criminal Code Offences,Fraser Valley,Independent Municipal,Abbotsford Mun,2007,12414.0
Criminal Code Offences,Fraser Valley,RCMP Provincial,Agassiz Prov,2007,1185.0
Criminal Code Offences,Mount Waddington,RCMP Provincial,Alert Bay Prov,2007,315.0
Criminal Code Offences,Cariboo,RCMP Provincial,Alexis Creek Prov,2007,475.0
Criminal Code Offences,Cariboo,RCMP Provincial,Anahim Lake Prov,2007,378.0
Criminal Code Offences,North Okanagan,RCMP Provincial,Armstrong Prov,2007,599.0
Criminal Code Offences,Thompson Nicola,RCMP Provincial,Ashcroft Prov,2007,593.0
Criminal Code Offences,Kitimat Stikine,RCMP Provincial,Atlin Prov,2007,71.0
Criminal Code Offences,Thompson Nicola,RCMP Provincial,Barriere Prov,2007,292.0
Criminal Code Offences,Central Coast,RCMP Provincial,Bella Bella Prov,2007,574.0
Criminal Code Offences,Central Coast,RCMP Provincial,Bella Coola Prov,2007,362.0
Criminal Code Offences,Fraser Valley,RCMP Provincial,Boston Bar Prov,2007,141.0
Criminal Code Offences,Kootenay Boundary,RCMP Provincial,Boundary/Grand Forks Prov,2007,667.0
Criminal Code Offences,Kootenay Boundary,RCMP Provincial,Boundary/Midway Prov,2007,170.0
Criminal Code Offences,Metro Vancouver,RCMP Provincial,Bowen Island Prov,2007,108.0
Criminal Code Offences,Metro Vancouver,RCMP Municipal,Burnaby Mun,2007,19595.0
Criminal Code Offences,Bulkley Nechako,RCMP Provincial,Burns Lake Prov,2007,1451.0
Criminal Code Offences,Strathcona,RCMP Municipal,Campbell River Mun,2007,4831.0
Criminal Code Offences,Strathcona,RCMP Provincial,Campbell River Prov,2007,451.0
Criminal Code Offences,Central Kootenay,RCMP Municipal,Castlegar Mun,2007,1200.0
Criminal Code Offences,Central Kootenay,RCMP Provincial,Castlegar Prov,2007,286.0
Criminal Code Offences,Capital,Independent Municipal,Central Saanich Mun,2007,833.0
Criminal Code Offences,Thompson Nicola,RCMP Provincial,Chase Prov,2007,833.0
Criminal Code Offences,Peace River,RCMP Provincial,Chetwynd Prov,2007,963.0
Criminal Code Offences,Fraser Valley,RCMP Municipal,Chilliwack Mun,2007,10949.0
Criminal Code Offences,Fraser Valley,RCMP Provincial,Chilliwack Prov,2007,742.0
Criminal Code Offences,Thompson Nicola,RCMP Provincial,Clearwater Prov,2007,368.0
Criminal Code Offences,Thompson Nicola,RCMP Provincial,Clinton Prov,2007,151.0
Criminal Code Offences,North Okanagan,RCMP Municipal,Coldstream Mun,2007,374.0
Criminal Code Offences,East Kootenay,RCMP Provincial,Columbia Valley Prov,2007,1207.0
Criminal Code Offences,Capital,RCMP Municipal,Colwood Mun,2007,1279.0
Criminal Code Offences,Comox Valley,RCMP Municipal,Comox Mun,2007,810.0
Criminal Code Offences,Comox Valley,RCMP Provincial,Comox Valley Prov,2007,1432.0
Criminal Code Offences,Metro Vancouver,RCMP Municipal,Coquitlam Mun,2007,9330.0
Criminal Code Offences,Metro Vancouver,RCMP Provincial,Coquitlam Prov,2007,86.0
Criminal Code Offences,Comox Valley,RCMP Municipal,Courtenay Mun,2007,3687.0
Criminal Code Offences,East Kootenay,RCMP Municipal,Cranbrook Mun,2007,2613.0
Criminal Code Offences,East Kootenay,RCMP Provincial,Cranbrook Prov,2007,319.0
Criminal Code Offences,Central Kootenay,RCMP Municipal,Creston Mun,2007,NA
Criminal Code Offences,Central Kootenay,RCMP Provincial,Creston Prov,2007,1139.0
Criminal Code Offences,Peace River,RCMP Municipal,Dawson Creek Mun,2007,2283.0
Criminal Code Offences,Peace River,RCMP Provincial,Dawson Creek Prov,2007,279.0
Criminal Code Offences,Kitimat Stikine,RCMP Provincial,Dease Lake Prov,2007,250.0
Criminal Code Offences,Metro Vancouver,Independent Municipal,Delta Mun,2007,6570.0
Criminal Code Offences,Cowichan Valley,RCMP Provincial,Duncan Prov,2007,2934.0
Criminal Code Offences,East Kootenay,RCMP Provincial,Elk Valley Prov,2007,1392.0
Criminal Code Offences,North Okanagan,RCMP Provincial,Enderby Prov,2007,757.0
Criminal Code Offences,Columbia Shuswap,RCMP Provincial,Falkland Prov,2007,196.0
Criminal Code Offences,Bulkley Nechako,RCMP Provincial,Fort St James Prov,2007,1264.0
Criminal Code Offences,Peace River,RCMP Municipal,Fort St John Mun,2007,3244.0
Criminal Code Offences,Peace River,RCMP Provincial,Fort St John Prov,2007,669.0
Criminal Code Offences,Bulkley Nechako,RCMP Provincial,Fraser Lake Prov,2007,207.0
Criminal Code Offences,Nanaimo,RCMP Provincial,Gabriola Island Prov,2007,291.0
Criminal Code Offences,Columbia Shuswap,RCMP Provincial,Golden Prov,2007,693.0
Criminal Code Offences,Fraser Valley,RCMP Municipal,Hope Mun,2007,1435.0
Criminal Code Offences,Fraser Valley,RCMP Provincial,Hope  Prov,2007,198.0
Criminal Code Offences,Bulkley Nechako,RCMP Provincial,Houston/Granisle Prov,2007,562.0
Criminal Code Offences,Peace River,RCMP Provincial,Hudson's Hope Prov,2007,45.0
Criminal Code Offences,Thompson Nicola,RCMP Municipal,Kamloops Mun,2007,12945.0
Criminal Code Offences,Central Kootenay,RCMP Provincial,Kaslo Prov,2007,175.0
Criminal Code Offences,Central Okanagan,RCMP Municipal,Kelowna Mun,2007,14865.0
Criminal Code Offences,Central Okanagan,RCMP Provincial,Kelowna Prov,2007,3429.0
Criminal Code Offences,Fraser Valley,RCMP Municipal,Kent Mun,2007,NA
Criminal Code Offences,Okanagan Similkameen,RCMP Provincial,Keremeos Prov,2007,380.0
Criminal Code Offences,East Kootenay,RCMP Municipal,Kimberley Mun,2007,472.0
Criminal Code Offences,East Kootenay,RCMP Provincial,Kimberley Prov,2007,85.0
Criminal Code Offences,Kitimat Stikine,RCMP Municipal,Kitimat Mun,2007,959.0
Criminal Code Offences,Kitimat Stikine,RCMP Provincial,Kitimat Prov,2007,64.0
Criminal Code Offences,Cowichan Valley,RCMP Municipal,Ladysmith Mun,2007,571.0
Criminal Code Offences,Cowichan Valley,RCMP Provincial,Ladysmith Prov,2007,362.0
Criminal Code Offences,Central Okanagan,RCMP Municipal,Lake Country Mun,2007,822.0
Criminal Code Offences,Cowichan Valley,RCMP Provincial,Lake Cowichan Prov,2007,639.0
Criminal Code Offences,Capital,RCMP Municipal,Langford Mun,2007,2873.0
Criminal Code Offences,Metro Vancouver,RCMP Municipal,Langley City Mun,2007,3593.0
Criminal Code Offences,Metro Vancouver,RCMP Municipal,Langley Township Mun,2007,9604.0
Criminal Code Offences,Squamish Lillooet,RCMP Provincial,Lillooet Prov,2007,440.0
Criminal Code Offences,Kitimat Stikine,RCMP Provincial,Lisims/Nass Valley Prov,2007,642.0
Criminal Code Offences,Thompson Nicola,RCMP Provincial,Logan Lake Prov,2007,229.0
Criminal Code Offences,North Okanagan,RCMP Provincial,Lumby Prov,2007,270.0
Criminal Code Offences,Thompson Nicola,RCMP Provincial,Lytton Prov,2007,371.0
Criminal Code Offences,Fraser Fort George,RCMP Provincial,Mackenzie Prov,2007,515.0
Criminal Code Offences,Metro Vancouver,RCMP Municipal,Maple Ridge Mun,2007,9211.0
Criminal Code Offences,North Coast Regional District (22),RCMP Provincial,Masset Prov,2007,651.0
Criminal Code Offences,Fraser Fort George,RCMP Provincial,McBride Prov,2007,163.0
Criminal Code Offences,Thompson Nicola,RCMP Municipal,Merritt Mun,2007,1793.0
Criminal Code Offences,Thompson Nicola,RCMP Provincial,Merritt Prov,2007,373.0
Criminal Code Offences,Fraser Valley,RCMP Municipal,Mission Mun,2007,4790.0
Criminal Code Offences,Fraser Valley,RCMP Provincial,Mission Prov,2007,418.0
Criminal Code Offences,Central Kootenay,RCMP Provincial,Nakusp Prov,2007,222.0
Criminal Code Offences,Nanaimo,RCMP Municipal,Nanaimo Mun,2007,12431.0
Criminal Code Offences,Nanaimo,RCMP Provincial,Nanaimo Prov,2007,797.0
Criminal Code Offences,Central Kootenay,Independent Municipal,Nelson Mun,2007,1084.0
Criminal Code Offences,Central Kootenay,RCMP Provincial,Nelson Prov,2007,389.0
Criminal Code Offences,Kitimat Stikine,RCMP Provincial,New Hazelton Prov,2007,1019.0
Criminal Code Offences,Metro Vancouver,Independent Municipal,New Westminster Mun,2007,7280.0
Criminal Code Offences,Strathcona,RCMP Provincial,Nootka Sound Prov,2007,281.0
Criminal Code Offences,Cowichan Valley,RCMP Municipal,North Cowichan Mun,2007,2624.0
Criminal Code Offences,Capital,RCMP Municipal,North Saanich Mun,2007,408.0
Criminal Code Offences,Metro Vancouver,RCMP Municipal,North Vancouver City Mun,2007,4298.0
Criminal Code Offences,Metro Vancouver,RCMP Municipal,North Vancouver District Mun,2007,4380.0
Criminal Code Offences,Metro Vancouver,RCMP Provincial,North Vancouver Prov,2007,322.0
Criminal Code Offences,Northern Rockies,RCMP Municipal,Northern Rockies Mun,2007,NA
Criminal Code Offences,Northern Rockies,RCMP Provincial,Northern Rockies Prov,2007,1211.0
Criminal Code Offences,Capital,Independent Municipal,Oak Bay Mun,2007,906.0
Criminal Code Offences,Nanaimo,RCMP Provincial,Oceanside Prov,2007,1381.0
Criminal Code Offences,Cariboo,RCMP Provincial,One Hundred Mile House Prov,2007,1110.0
Criminal Code Offences,Capital,RCMP Provincial,Outer Gulf  Islands Prov,2007,218.0
Criminal Code Offences,Nanaimo,RCMP Municipal,Parksville Mun,2007,1718.0
Criminal Code Offences,Central Okanagan,RCMP Municipal,Peachland Mun,2007,NA
Criminal Code Offences,Squamish Lillooet,RCMP Provincial,Pemberton Prov,2007,281.0
Criminal Code Offences,Okanagan Similkameen,RCMP Municipal,Penticton Mun,2007,4533.0
Criminal Code Offences,Okanagan Similkameen,RCMP Provincial,Penticton Prov,2007,741.0
Criminal Code Offences,Metro Vancouver,RCMP Municipal,Pitt Meadows Mun,2007,1920.0
Criminal Code Offences,Alberni Clayoquot,RCMP Municipal,Port Alberni Mun,2007,3438.0
Criminal Code Offences,Alberni Clayoquot,RCMP Provincial,Port Alberni Prov,2007,560.0
Criminal Code Offences,Mount Waddington,RCMP Provincial,Port Alice Prov,2007,87.0
Criminal Code Offences,Metro Vancouver,RCMP Municipal,Port Coquitlam Mun,2007,4934.0
Criminal Code Offences,Mount Waddington,RCMP Provincial,Port Hardy Prov,2007,1332.0
Criminal Code Offences,Mount Waddington,RCMP Provincial,Port McNeill Prov,2007,562.0
Criminal Code Offences,Metro Vancouver,Independent Municipal,Port Moody Mun,2007,1554.0
Criminal Code Offences,Powell River,RCMP Municipal,Powell River Mun,2007,1372.0
Criminal Code Offences,Powell River,RCMP Provincial,Powell River Prov,2007,360.0
Criminal Code Offences,Fraser Fort George,RCMP Municipal,Prince George Mun,2007,14079.0
Criminal Code Offences,Fraser Fort George,RCMP Provincial,Prince George Prov,2007,609.0
Criminal Code Offences,North Coast Regional District (22),RCMP Municipal,Prince Rupert Mun,2007,3450.0
Criminal Code Offences,North Coast Regional District (22),RCMP Provincial,Prince Rupert Prov,2007,422.0
Criminal Code Offences,Okanagan Similkameen,RCMP Provincial,Princeton Prov,2007,536.0
Criminal Code Offences,Strathcona,RCMP Provincial,Quadra Island Prov,2007,181.0
Criminal Code Offences,Nanaimo,RCMP Municipal,Qualicum Beach Mun,2007,739.0
Criminal Code Offences,North Coast Regional District (22),RCMP Provincial,Queen Charlotte Prov,2007,323.0
Criminal Code Offences,Cariboo,RCMP Municipal,Quesnel Mun,2007,2474.0
Criminal Code Offences,Cariboo,RCMP Provincial,Quesnel Prov,2007,827.0
Criminal Code Offences,Columbia Shuswap,RCMP Municipal,Revelstoke Mun,2007,761.0
Criminal Code Offences,Columbia Shuswap,RCMP Provincial,Revelstoke Prov,2007,85.0
Criminal Code Offences,Metro Vancouver,RCMP Municipal,Richmond Mun,2007,12817.0
Criminal Code Offences,Metro Vancouver,RCMP Provincial,Ridge Meadows Prov,2007,32.0
Criminal Code Offences,Capital,Independent Municipal,Saanich Mun,2007,5922.0
Criminal Code Offences,Central Kootenay,RCMP Provincial,Salmo Prov,2007,304.0
Criminal Code Offences,Columbia Shuswap,RCMP Municipal,Salmon Arm Mun,2007,2031.0
Criminal Code Offences,Columbia Shuswap,RCMP Provincial,Salmon Arm Prov,2007,637.0
Criminal Code Offences,Capital,RCMP Provincial,Saltspring Island Prov,2007,591.0
Criminal Code Offences,Strathcona,RCMP Provincial,Sayward Prov,2007,143.0
Criminal Code Offences,Sunshine Coast,RCMP Municipal,Sechelt Mun,2007,869.0
Criminal Code Offences,Cowichan Valley,RCMP Provincial,Shawnigan Lake Prov,2007,1031.0
Criminal Code Offences,Columbia Shuswap,RCMP Provincial,Sicamous Prov,2007,454.0
Criminal Code Offences,Capital,RCMP Municipal,Sidney Mun,2007,653.0
Criminal Code Offences,Capital,RCMP Provincial,Sidney Prov,2007,271.0
Criminal Code Offences,Central Kootenay,RCMP Provincial,Slocan Lake Prov,2007,84.0
Criminal Code Offences,Bulkley Nechako,RCMP Municipal,Smithers Mun,2007,1320.0
Criminal Code Offences,Bulkley Nechako,RCMP Provincial,Smithers Prov,2007,442.0
Criminal Code Offences,Capital,RCMP Municipal,Sooke Mun,2007,1058.0
Criminal Code Offences,Capital,RCMP Provincial,Sooke Prov,2007,340.0
Criminal Code Offences,Okanagan Similkameen,RCMP Provincial,South Okanagan/Oliver,2007,934.0
Criminal Code Offences,Okanagan Similkameen,RCMP Provincial,South Okanagan/Osoyoos,2007,831.0
Criminal Code Offences,North Okanagan,RCMP Municipal,Spallumcheen Mun,2007,NA
Criminal Code Offences,Squamish Lillooet,RCMP Municipal,Squamish Mun,2007,2438.0
Criminal Code Offences,Squamish Lillooet,RCMP Provincial,Squamish Prov,2007,174.0
Criminal Code Offences,Kitimat Stikine,RCMP Provincial,Stewart Prov,2007,55.0
Criminal Code Offences,Squamish Lillooet,First Nations Aboriginal Police Service,Stl'atl'imx FNAPS,2007,574.0
Criminal Code Offences,Okanagan Similkameen,RCMP Municipal,Summerland Mun,2007,754.0
Criminal Code Offences,Sunshine Coast,RCMP Provincial,Sunshine Coast Prov,2007,1477.0
Criminal Code Offences,Metro Vancouver,RCMP Municipal,Surrey Mun,2007,46397.0
Criminal Code Offences,Bulkley Nechako,RCMP Provincial,Takla Landing Prov,2007,96.0
Criminal Code Offences,Kitimat Stikine,RCMP Municipal,Terrace Mun,2007,2462.0
Criminal Code Offences,Kitimat Stikine,RCMP Provincial,Terrace Prov,2007,608.0
Criminal Code Offences,Powell River,RCMP Provincial,Texada Island Prov,2007,48.0
Criminal Code Offences,Thompson Nicola,RCMP Provincial,T'Kumlups Prov,2007,970.0
Criminal Code Offences,Alberni Clayoquot,RCMP Provincial,Tofino Prov,2007,837.0
Criminal Code Offences,Kootenay Boundary,RCMP Municipal,Trail Mun,2007,926.0
Criminal Code Offences,Kootenay Boundary,RCMP Provincial,Trail and Greater District,2007,586.0
Criminal Code Offences,Fraser Fort George,RCMP Provincial,Tsay Keh Dene Prov,2007,243.0
Criminal Code Offences,Peace River,RCMP Provincial,Tumbler Ridge Prov,2007,461.0
Criminal Code Offences,Alberni Clayoquot,RCMP Provincial,Ucluelet Prov,2007,422.0
Criminal Code Offences,Metro Vancouver,RCMP Provincial,University Prov,2007,1245.0
Criminal Code Offences,Fraser Fort George,RCMP Provincial,Valemount Prov,2007,171.0
Criminal Code Offences,Metro Vancouver,Independent Municipal,Vancouver Mun,2007,58428.0
Criminal Code Offences,Bulkley Nechako,RCMP Provincial,Vanderhoof Prov,2007,1110.0
Criminal Code Offences,North Okanagan,RCMP Municipal,Vernon Mun,2007,5081.0
Criminal Code Offences,North Okanagan,RCMP Provincial,Vernon Prov,2007,587.0
Criminal Code Offences,Capital,Independent Municipal,Victoria Mun,2007,15312.0
Criminal Code Offences,Capital,RCMP Municipal,View Royal Mun,2007,690.0
Criminal Code Offences,Cariboo,RCMP Provincial,Wells Prov,2007,21.0
Criminal Code Offences,Central Okanagan,RCMP Municipal,West Kelowna Mun,2007,NA
Criminal Code Offences,Capital,RCMP Provincial,West Shore Prov,2007,543.0
Criminal Code Offences,Metro Vancouver,Independent Municipal,West Vancouver Mun,2007,2452.0
Criminal Code Offences,Squamish Lillooet,RCMP Municipal,Whistler Mun,2007,2301.0
Criminal Code Offences,Squamish Lillooet,RCMP Provincial,Whistler Prov,2007,113.0
Criminal Code Offences,Metro Vancouver,RCMP Municipal,White Rock Mun,2007,1407.0
Criminal Code Offences,Cariboo,RCMP Municipal,Williams Lake Mun,2007,3520.0
Criminal Code Offences,Cariboo,RCMP Provincial,Williams Lake Prov,2007,746.0
Crime Rates,Fraser Valley,Independent Municipal,Abbotsford Mun,2007,94.81
Crime Rates,Fraser Valley,RCMP Provincial,Agassiz Prov,2007,126.71000000000001
Crime Rates,Mount Waddington,RCMP Provincial,Alert Bay Prov,2007,221.05
Crime Rates,Cariboo,RCMP Provincial,Alexis Creek Prov,2007,275.68
Crime Rates,Cariboo,RCMP Provincial,Anahim Lake Prov,2007,530.9
Crime Rates,North Okanagan,RCMP Provincial,Armstrong Prov,2007,60.379999999999995
Crime Rates,Thompson Nicola,RCMP Provincial,Ashcroft Prov,2007,155.52
Crime Rates,Kitimat Stikine,RCMP Provincial,Atlin Prov,2007,96.21000000000001
Crime Rates,Thompson Nicola,RCMP Provincial,Barriere Prov,2007,76.52
Crime Rates,Central Coast,RCMP Provincial,Bella Bella Prov,2007,359.65000000000003
Crime Rates,Central Coast,RCMP Provincial,Bella Coola Prov,2007,190.53
Crime Rates,Fraser Valley,RCMP Provincial,Boston Bar Prov,2007,216.92000000000002
Crime Rates,Kootenay Boundary,RCMP Provincial,Boundary/Grand Forks Prov,2007,74.83
Crime Rates,Kootenay Boundary,RCMP Provincial,Boundary/Midway Prov,2007,59.61
Crime Rates,Metro Vancouver,RCMP Provincial,Bowen Island Prov,2007,31.24
Crime Rates,Metro Vancouver,RCMP Municipal,Burnaby Mun,2007,91.3
Crime Rates,Bulkley Nechako,RCMP Provincial,Burns Lake Prov,2007,232.68
Crime Rates,Strathcona,RCMP Municipal,Campbell River Mun,2007,159.08
Crime Rates,Strathcona,RCMP Provincial,Campbell River Prov,2007,84.13
Crime Rates,Central Kootenay,RCMP Municipal,Castlegar Mun,2007,160.06
Crime Rates,Central Kootenay,RCMP Provincial,Castlegar Prov,2007,48.160000000000004
Crime Rates,Capital,Independent Municipal,Central Saanich Mun,2007,52.11
Crime Rates,Thompson Nicola,RCMP Provincial,Chase Prov,2007,100.85
Crime Rates,Peace River,RCMP Provincial,Chetwynd Prov,2007,180.98000000000002
Crime Rates,Fraser Valley,RCMP Municipal,Chilliwack Mun,2007,143.03
Crime Rates,Fraser Valley,RCMP Provincial,Chilliwack Prov,2007,149.54
Crime Rates,Thompson Nicola,RCMP Provincial,Clearwater Prov,2007,86.08
Crime Rates,Thompson Nicola,RCMP Provincial,Clinton Prov,2007,85.6
Crime Rates,North Okanagan,RCMP Municipal,Coldstream Mun,2007,37.75
Crime Rates,East Kootenay,RCMP Provincial,Columbia Valley Prov,2007,130.47
Crime Rates,Capital,RCMP Municipal,Colwood Mun,2007,82.35
Crime Rates,Comox Valley,RCMP Municipal,Comox Mun,2007,63.52
Crime Rates,Comox Valley,RCMP Provincial,Comox Valley Prov,2007,56.18
Crime Rates,Metro Vancouver,RCMP Municipal,Coquitlam Mun,2007,77.23
Crime Rates,Metro Vancouver,RCMP Provincial,Coquitlam Prov,2007,32.13
Crime Rates,Comox Valley,RCMP Municipal,Courtenay Mun,2007,158.58
Crime Rates,East Kootenay,RCMP Municipal,Cranbrook Mun,2007,139.87
Crime Rates,East Kootenay,RCMP Provincial,Cranbrook Prov,2007,47.41
Crime Rates,Central Kootenay,RCMP Municipal,Creston Mun,2007,NA
Crime Rates,Central Kootenay,RCMP Provincial,Creston Prov,2007,87.98
Crime Rates,Peace River,RCMP Municipal,Dawson Creek Mun,2007,204.53
Crime Rates,Peace River,RCMP Provincial,Dawson Creek Prov,2007,40.52
Crime Rates,Kitimat Stikine,RCMP Provincial,Dease Lake Prov,2007,174.7
Crime Rates,Metro Vancouver,Independent Municipal,Delta Mun,2007,65.57
Crime Rates,Cowichan Valley,RCMP Provincial,Duncan Prov,2007,205.46
Crime Rates,East Kootenay,RCMP Provincial,Elk Valley Prov,2007,103.74000000000001
Crime Rates,North Okanagan,RCMP Provincial,Enderby Prov,2007,110.36999999999999
Crime Rates,Columbia Shuswap,RCMP Provincial,Falkland Prov,2007,67.73
Crime Rates,Bulkley Nechako,RCMP Provincial,Fort St James Prov,2007,313.26
Crime Rates,Peace River,RCMP Municipal,Fort St John Mun,2007,179.18
Crime Rates,Peace River,RCMP Provincial,Fort St John Prov,2007,48.0
Crime Rates,Bulkley Nechako,RCMP Provincial,Fraser Lake Prov,2007,63.32
Crime Rates,Nanaimo,RCMP Provincial,Gabriola Island Prov,2007,73.39
Crime Rates,Columbia Shuswap,RCMP Provincial,Golden Prov,2007,98.75
Crime Rates,Fraser Valley,RCMP Municipal,Hope Mun,2007,234.70999999999998
Crime Rates,Fraser Valley,RCMP Provincial,Hope  Prov,2007,167.94
Crime Rates,Bulkley Nechako,RCMP Provincial,Houston/Granisle Prov,2007,125.42
Crime Rates,Peace River,RCMP Provincial,Hudson's Hope Prov,2007,37.07
Crime Rates,Thompson Nicola,RCMP Municipal,Kamloops Mun,2007,153.48000000000002
Crime Rates,Central Kootenay,RCMP Provincial,Kaslo Prov,2007,71.84
Crime Rates,Central Okanagan,RCMP Municipal,Kelowna Mun,2007,130.20999999999998
Crime Rates,Central Okanagan,RCMP Provincial,Kelowna Prov,2007,76.29
Crime Rates,Fraser Valley,RCMP Municipal,Kent Mun,2007,NA
Crime Rates,Okanagan Similkameen,RCMP Provincial,Keremeos Prov,2007,79.71000000000001
Crime Rates,East Kootenay,RCMP Municipal,Kimberley Mun,2007,74.72
Crime Rates,East Kootenay,RCMP Provincial,Kimberley Prov,2007,43.41
Crime Rates,Kitimat Stikine,RCMP Municipal,Kitimat Mun,2007,106.84
Crime Rates,Kitimat Stikine,RCMP Provincial,Kitimat Prov,2007,123.08
Crime Rates,Cowichan Valley,RCMP Municipal,Ladysmith Mun,2007,73.0
Crime Rates,Cowichan Valley,RCMP Provincial,Ladysmith Prov,2007,64.99000000000001
Crime Rates,Central Okanagan,RCMP Municipal,Lake Country Mun,2007,80.34
Crime Rates,Cowichan Valley,RCMP Provincial,Lake Cowichan Prov,2007,110.46000000000001
Crime Rates,Capital,RCMP Municipal,Langford Mun,2007,115.91000000000001
Crime Rates,Metro Vancouver,RCMP Municipal,Langley City Mun,2007,143.04
Crime Rates,Metro Vancouver,RCMP Municipal,Langley Township Mun,2007,96.39
Crime Rates,Squamish Lillooet,RCMP Provincial,Lillooet Prov,2007,136.9
Crime Rates,Kitimat Stikine,RCMP Provincial,Lisims/Nass Valley Prov,2007,333.51
Crime Rates,Thompson Nicola,RCMP Provincial,Logan Lake Prov,2007,86.38
Crime Rates,North Okanagan,RCMP Provincial,Lumby Prov,2007,46.190000000000005
Crime Rates,Thompson Nicola,RCMP Provincial,Lytton Prov,2007,195.26
Crime Rates,Fraser Fort George,RCMP Provincial,Mackenzie Prov,2007,111.69
Crime Rates,Metro Vancouver,RCMP Municipal,Maple Ridge Mun,2007,126.56
Crime Rates,North Coast Regional District (22),RCMP Provincial,Masset Prov,2007,292.06
Crime Rates,Fraser Fort George,RCMP Provincial,McBride Prov,2007,93.3
Crime Rates,Thompson Nicola,RCMP Municipal,Merritt Mun,2007,242.95000000000002
Crime Rates,Thompson Nicola,RCMP Provincial,Merritt Prov,2007,97.64
Crime Rates,Fraser Valley,RCMP Municipal,Mission Mun,2007,132.13
Crime Rates,Fraser Valley,RCMP Provincial,Mission Prov,2007,96.56
Crime Rates,Central Kootenay,RCMP Provincial,Nakusp Prov,2007,66.64999999999999
Crime Rates,Nanaimo,RCMP Municipal,Nanaimo Mun,2007,152.68
Crime Rates,Nanaimo,RCMP Provincial,Nanaimo Prov,2007,57.94
Crime Rates,Central Kootenay,Independent Municipal,Nelson Mun,2007,113.33
Crime Rates,Central Kootenay,RCMP Provincial,Nelson Prov,2007,33.120000000000005
Crime Rates,Kitimat Stikine,RCMP Provincial,New Hazelton Prov,2007,187.42000000000002
Crime Rates,Metro Vancouver,Independent Municipal,New Westminster Mun,2007,118.1
Crime Rates,Strathcona,RCMP Provincial,Nootka Sound Prov,2007,135.62
Crime Rates,Cowichan Valley,RCMP Municipal,North Cowichan Mun,2007,91.7
Crime Rates,Capital,RCMP Municipal,North Saanich Mun,2007,37.56
Crime Rates,Metro Vancouver,RCMP Municipal,North Vancouver City Mun,2007,91.56
Crime Rates,Metro Vancouver,RCMP Municipal,North Vancouver District Mun,2007,51.28
Crime Rates,Metro Vancouver,RCMP Provincial,North Vancouver Prov,2007,153.7
Crime Rates,Northern Rockies,RCMP Municipal,Northern Rockies Mun,2007,NA
Crime Rates,Northern Rockies,RCMP Provincial,Northern Rockies Prov,2007,200.07
Crime Rates,Capital,Independent Municipal,Oak Bay Mun,2007,50.43
Crime Rates,Nanaimo,RCMP Provincial,Oceanside Prov,2007,58.27
Crime Rates,Cariboo,RCMP Provincial,One Hundred Mile House Prov,2007,85.66999999999999
Crime Rates,Capital,RCMP Provincial,Outer Gulf  Islands Prov,2007,47.260000000000005
Crime Rates,Nanaimo,RCMP Municipal,Parksville Mun,2007,150.89000000000001
Crime Rates,Central Okanagan,RCMP Municipal,Peachland Mun,2007,NA
Crime Rates,Squamish Lillooet,RCMP Provincial,Pemberton Prov,2007,67.53
Crime Rates,Okanagan Similkameen,RCMP Municipal,Penticton Mun,2007,137.95000000000002
Crime Rates,Okanagan Similkameen,RCMP Provincial,Penticton Prov,2007,62.91
Crime Rates,Metro Vancouver,RCMP Municipal,Pitt Meadows Mun,2007,115.96000000000001
Crime Rates,Alberni Clayoquot,RCMP Municipal,Port Alberni Mun,2007,195.23
Crime Rates,Alberni Clayoquot,RCMP Provincial,Port Alberni Prov,2007,68.59
Crime Rates,Mount Waddington,RCMP Provincial,Port Alice Prov,2007,100.23
Crime Rates,Metro Vancouver,RCMP Municipal,Port Coquitlam Mun,2007,89.86999999999999
Crime Rates,Mount Waddington,RCMP Provincial,Port Hardy Prov,2007,251.18
Crime Rates,Mount Waddington,RCMP Provincial,Port McNeill Prov,2007,119.93
Crime Rates,Metro Vancouver,Independent Municipal,Port Moody Mun,2007,52.05
Crime Rates,Powell River,RCMP Municipal,Powell River Mun,2007,105.08
Crime Rates,Powell River,RCMP Provincial,Powell River Prov,2007,66.4
Crime Rates,Fraser Fort George,RCMP Municipal,Prince George Mun,2007,193.36
Crime Rates,Fraser Fort George,RCMP Provincial,Prince George Prov,2007,45.46
Crime Rates,North Coast Regional District (22),RCMP Municipal,Prince Rupert Mun,2007,268.5
Crime Rates,North Coast Regional District (22),RCMP Provincial,Prince Rupert Prov,2007,198.31
Crime Rates,Okanagan Similkameen,RCMP Provincial,Princeton Prov,2007,109.52
Crime Rates,Strathcona,RCMP Provincial,Quadra Island Prov,2007,50.87
Crime Rates,Nanaimo,RCMP Municipal,Qualicum Beach Mun,2007,85.8
Crime Rates,North Coast Regional District (22),RCMP Provincial,Queen Charlotte Prov,2007,130.60999999999999
Crime Rates,Cariboo,RCMP Municipal,Quesnel Mun,2007,259.55
Crime Rates,Cariboo,RCMP Provincial,Quesnel Prov,2007,61.75
Crime Rates,Columbia Shuswap,RCMP Municipal,Revelstoke Mun,2007,105.08
Crime Rates,Columbia Shuswap,RCMP Provincial,Revelstoke Prov,2007,147.06
Crime Rates,Metro Vancouver,RCMP Municipal,Richmond Mun,2007,68.98
Crime Rates,Metro Vancouver,RCMP Provincial,Ridge Meadows Prov,2007,333.33
Crime Rates,Capital,Independent Municipal,Saanich Mun,2007,53.06
Crime Rates,Central Kootenay,RCMP Provincial,Salmo Prov,2007,121.5
Crime Rates,Columbia Shuswap,RCMP Municipal,Salmon Arm Mun,2007,121.56
Crime Rates,Columbia Shuswap,RCMP Provincial,Salmon Arm Prov,2007,67.92
Crime Rates,Capital,RCMP Provincial,Saltspring Island Prov,2007,59.08
Crime Rates,Strathcona,RCMP Provincial,Sayward Prov,2007,179.87
Crime Rates,Sunshine Coast,RCMP Municipal,Sechelt Mun,2007,100.16
Crime Rates,Cowichan Valley,RCMP Provincial,Shawnigan Lake Prov,2007,60.75
Crime Rates,Columbia Shuswap,RCMP Provincial,Sicamous Prov,2007,112.96000000000001
Crime Rates,Capital,RCMP Municipal,Sidney Mun,2007,56.94
Crime Rates,Capital,RCMP Provincial,Sidney Prov,2007,79.89
Crime Rates,Central Kootenay,RCMP Provincial,Slocan Lake Prov,2007,43.03
Crime Rates,Bulkley Nechako,RCMP Municipal,Smithers Mun,2007,252.68
Crime Rates,Bulkley Nechako,RCMP Provincial,Smithers Prov,2007,59.89
Crime Rates,Capital,RCMP Municipal,Sooke Mun,2007,100.95
Crime Rates,Capital,RCMP Provincial,Sooke Prov,2007,76.77
Crime Rates,Okanagan Similkameen,RCMP Provincial,South Okanagan/Oliver,2007,109.47
Crime Rates,Okanagan Similkameen,RCMP Provincial,South Okanagan/Osoyoos,2007,112.57
Crime Rates,North Okanagan,RCMP Municipal,Spallumcheen Mun,2007,NA
Crime Rates,Squamish Lillooet,RCMP Municipal,Squamish Mun,2007,151.58
Crime Rates,Squamish Lillooet,RCMP Provincial,Squamish Prov,2007,88.01
Crime Rates,Kitimat Stikine,RCMP Provincial,Stewart Prov,2007,114.82
Crime Rates,Squamish Lillooet,First Nations Aboriginal Police Service,Stl'atl'imx FNAPS,2007,194.31
Crime Rates,Okanagan Similkameen,RCMP Municipal,Summerland Mun,2007,68.05
Crime Rates,Sunshine Coast,RCMP Provincial,Sunshine Coast Prov,2007,75.66
Crime Rates,Metro Vancouver,RCMP Municipal,Surrey Mun,2007,109.16999999999999
Crime Rates,Bulkley Nechako,RCMP Provincial,Takla Landing Prov,2007,524.59
Crime Rates,Kitimat Stikine,RCMP Municipal,Terrace Mun,2007,218.63
Crime Rates,Kitimat Stikine,RCMP Provincial,Terrace Prov,2007,82.17999999999999
Crime Rates,Powell River,RCMP Provincial,Texada Island Prov,2007,46.56
Crime Rates,Thompson Nicola,RCMP Provincial,T'Kumlups Prov,2007,123.24000000000001
Crime Rates,Alberni Clayoquot,RCMP Provincial,Tofino Prov,2007,269.74
Crime Rates,Kootenay Boundary,RCMP Municipal,Trail Mun,2007,124.36
Crime Rates,Kootenay Boundary,RCMP Provincial,Trail and Greater District,2007,53.86
Crime Rates,Fraser Fort George,RCMP Provincial,Tsay Keh Dene Prov,2007,651.47
Crime Rates,Peace River,RCMP Provincial,Tumbler Ridge Prov,2007,182.36
Crime Rates,Alberni Clayoquot,RCMP Provincial,Ucluelet Prov,2007,198.12
Crime Rates,Metro Vancouver,RCMP Provincial,University Prov,2007,104.25
Crime Rates,Fraser Fort George,RCMP Provincial,Valemount Prov,2007,107.67999999999999
Crime Rates,Metro Vancouver,Independent Municipal,Vancouver Mun,2007,96.56
Crime Rates,Bulkley Nechako,RCMP Provincial,Vanderhoof Prov,2007,134.63
Crime Rates,North Okanagan,RCMP Municipal,Vernon Mun,2007,135.66
Crime Rates,North Okanagan,RCMP Provincial,Vernon Prov,2007,43.02
Crime Rates,Capital,Independent Municipal,Victoria Mun,2007,155.32000000000002
Crime Rates,Capital,RCMP Municipal,View Royal Mun,2007,75.73
Crime Rates,Cariboo,RCMP Provincial,Wells Prov,2007,59.660000000000004
Crime Rates,Central Okanagan,RCMP Municipal,West Kelowna Mun,2007,NA
Crime Rates,Capital,RCMP Provincial,West Shore Prov,2007,61.2
Crime Rates,Metro Vancouver,Independent Municipal,West Vancouver Mun,2007,54.25
Crime Rates,Squamish Lillooet,RCMP Municipal,Whistler Mun,2007,236.73
Crime Rates,Squamish Lillooet,RCMP Provincial,Whistler Prov,2007,384.35
Crime Rates,Metro Vancouver,RCMP Municipal,White Rock Mun,2007,74.1
Crime Rates,Cariboo,RCMP Municipal,Williams Lake Mun,2007,316.63
Crime Rates,Cariboo,RCMP Provincial,Williams Lake Prov,2007,57.5
Violent Offenses,Fraser Valley,Independent Municipal,Abbotsford Mun,2007,1811.0
Violent Offenses,Fraser Valley,RCMP Provincial,Agassiz Prov,2007,180.0
Violent Offenses,Mount Waddington,RCMP Provincial,Alert Bay Prov,2007,121.0
Violent Offenses,Cariboo,RCMP Provincial,Alexis Creek Prov,2007,164.0
Violent Offenses,Cariboo,RCMP Provincial,Anahim Lake Prov,2007,86.0
Violent Offenses,North Okanagan,RCMP Provincial,Armstrong Prov,2007,54.0
Violent Offenses,Thompson Nicola,RCMP Provincial,Ashcroft Prov,2007,145.0
Violent Offenses,Kitimat Stikine,RCMP Provincial,Atlin Prov,2007,26.0
Violent Offenses,Thompson Nicola,RCMP Provincial,Barriere Prov,2007,67.0
Violent Offenses,Central Coast,RCMP Provincial,Bella Bella Prov,2007,130.0
Violent Offenses,Central Coast,RCMP Provincial,Bella Coola Prov,2007,113.0
Violent Offenses,Fraser Valley,RCMP Provincial,Boston Bar Prov,2007,25.0
Violent Offenses,Kootenay Boundary,RCMP Provincial,Boundary/Grand Forks Prov,2007,104.0
Violent Offenses,Kootenay Boundary,RCMP Provincial,Boundary/Midway Prov,2007,31.0
Violent Offenses,Metro Vancouver,RCMP Provincial,Bowen Island Prov,2007,14.0
Violent Offenses,Metro Vancouver,RCMP Municipal,Burnaby Mun,2007,3035.0
Violent Offenses,Bulkley Nechako,RCMP Provincial,Burns Lake Prov,2007,411.0
Violent Offenses,Strathcona,RCMP Municipal,Campbell River Mun,2007,913.0
Violent Offenses,Strathcona,RCMP Provincial,Campbell River Prov,2007,112.0
Violent Offenses,Central Kootenay,RCMP Municipal,Castlegar Mun,2007,164.0
Violent Offenses,Central Kootenay,RCMP Provincial,Castlegar Prov,2007,57.0
Violent Offenses,Capital,Independent Municipal,Central Saanich Mun,2007,119.0
Violent Offenses,Thompson Nicola,RCMP Provincial,Chase Prov,2007,148.0
Violent Offenses,Peace River,RCMP Provincial,Chetwynd Prov,2007,228.0
Violent Offenses,Fraser Valley,RCMP Municipal,Chilliwack Mun,2007,1195.0
Violent Offenses,Fraser Valley,RCMP Provincial,Chilliwack Prov,2007,87.0
Violent Offenses,Thompson Nicola,RCMP Provincial,Clearwater Prov,2007,80.0
Violent Offenses,Thompson Nicola,RCMP Provincial,Clinton Prov,2007,34.0
Violent Offenses,North Okanagan,RCMP Municipal,Coldstream Mun,2007,48.0
Violent Offenses,East Kootenay,RCMP Provincial,Columbia Valley Prov,2007,119.0
Violent Offenses,Capital,RCMP Municipal,Colwood Mun,2007,170.0
Violent Offenses,Comox Valley,RCMP Municipal,Comox Mun,2007,92.0
Violent Offenses,Comox Valley,RCMP Provincial,Comox Valley Prov,2007,264.0
Violent Offenses,Metro Vancouver,RCMP Municipal,Coquitlam Mun,2007,1201.0
Violent Offenses,Metro Vancouver,RCMP Provincial,Coquitlam Prov,2007,5.0
Violent Offenses,Comox Valley,RCMP Municipal,Courtenay Mun,2007,611.0
Violent Offenses,East Kootenay,RCMP Municipal,Cranbrook Mun,2007,451.0
Violent Offenses,East Kootenay,RCMP Provincial,Cranbrook Prov,2007,79.0
Violent Offenses,Central Kootenay,RCMP Municipal,Creston Mun,2007,NA
Violent Offenses,Central Kootenay,RCMP Provincial,Creston Prov,2007,215.0
Violent Offenses,Peace River,RCMP Municipal,Dawson Creek Mun,2007,345.0
Violent Offenses,Peace River,RCMP Provincial,Dawson Creek Prov,2007,46.0
Violent Offenses,Kitimat Stikine,RCMP Provincial,Dease Lake Prov,2007,105.0
Violent Offenses,Metro Vancouver,Independent Municipal,Delta Mun,2007,927.0
Violent Offenses,Cowichan Valley,RCMP Provincial,Duncan Prov,2007,550.0
Violent Offenses,East Kootenay,RCMP Provincial,Elk Valley Prov,2007,227.0
Violent Offenses,North Okanagan,RCMP Provincial,Enderby Prov,2007,120.0
Violent Offenses,Columbia Shuswap,RCMP Provincial,Falkland Prov,2007,49.0
Violent Offenses,Bulkley Nechako,RCMP Provincial,Fort St James Prov,2007,372.0
Violent Offenses,Peace River,RCMP Municipal,Fort St John Mun,2007,634.0
Violent Offenses,Peace River,RCMP Provincial,Fort St John Prov,2007,185.0
Violent Offenses,Bulkley Nechako,RCMP Provincial,Fraser Lake Prov,2007,88.0
Violent Offenses,Nanaimo,RCMP Provincial,Gabriola Island Prov,2007,55.0
Violent Offenses,Columbia Shuswap,RCMP Provincial,Golden Prov,2007,139.0
Violent Offenses,Fraser Valley,RCMP Municipal,Hope Mun,2007,160.0
Violent Offenses,Fraser Valley,RCMP Provincial,Hope  Prov,2007,29.0
Violent Offenses,Bulkley Nechako,RCMP Provincial,Houston/Granisle Prov,2007,142.0
Violent Offenses,Peace River,RCMP Provincial,Hudson's Hope Prov,2007,16.0
Violent Offenses,Thompson Nicola,RCMP Municipal,Kamloops Mun,2007,2313.0
Violent Offenses,Central Kootenay,RCMP Provincial,Kaslo Prov,2007,34.0
Violent Offenses,Central Okanagan,RCMP Municipal,Kelowna Mun,2007,2580.0
Violent Offenses,Central Okanagan,RCMP Provincial,Kelowna Prov,2007,743.0
Violent Offenses,Fraser Valley,RCMP Municipal,Kent Mun,2007,NA
Violent Offenses,Okanagan Similkameen,RCMP Provincial,Keremeos Prov,2007,74.0
Violent Offenses,East Kootenay,RCMP Municipal,Kimberley Mun,2007,75.0
Violent Offenses,East Kootenay,RCMP Provincial,Kimberley Prov,2007,25.0
Violent Offenses,Kitimat Stikine,RCMP Municipal,Kitimat Mun,2007,198.0
Violent Offenses,Kitimat Stikine,RCMP Provincial,Kitimat Prov,2007,26.0
Violent Offenses,Cowichan Valley,RCMP Municipal,Ladysmith Mun,2007,63.0
Violent Offenses,Cowichan Valley,RCMP Provincial,Ladysmith Prov,2007,77.0
Violent Offenses,Central Okanagan,RCMP Municipal,Lake Country Mun,2007,156.0
Violent Offenses,Cowichan Valley,RCMP Provincial,Lake Cowichan Prov,2007,136.0
Violent Offenses,Capital,RCMP Municipal,Langford Mun,2007,443.0
Violent Offenses,Metro Vancouver,RCMP Municipal,Langley City Mun,2007,431.0
Violent Offenses,Metro Vancouver,RCMP Municipal,Langley Township Mun,2007,1153.0
Violent Offenses,Squamish Lillooet,RCMP Provincial,Lillooet Prov,2007,85.0
Violent Offenses,Kitimat Stikine,RCMP Provincial,Lisims/Nass Valley Prov,2007,212.0
Violent Offenses,Thompson Nicola,RCMP Provincial,Logan Lake Prov,2007,59.0
Violent Offenses,North Okanagan,RCMP Provincial,Lumby Prov,2007,56.0
Violent Offenses,Thompson Nicola,RCMP Provincial,Lytton Prov,2007,100.0
Violent Offenses,Fraser Fort George,RCMP Provincial,Mackenzie Prov,2007,137.0
Violent Offenses,Metro Vancouver,RCMP Municipal,Maple Ridge Mun,2007,1233.0
Violent Offenses,North Coast Regional District (22),RCMP Provincial,Masset Prov,2007,137.0
Violent Offenses,Fraser Fort George,RCMP Provincial,McBride Prov,2007,23.0
Violent Offenses,Thompson Nicola,RCMP Municipal,Merritt Mun,2007,307.0
Violent Offenses,Thompson Nicola,RCMP Provincial,Merritt Prov,2007,97.0
Violent Offenses,Fraser Valley,RCMP Municipal,Mission Mun,2007,683.0
Violent Offenses,Fraser Valley,RCMP Provincial,Mission Prov,2007,62.0
Violent Offenses,Central Kootenay,RCMP Provincial,Nakusp Prov,2007,45.0
Violent Offenses,Nanaimo,RCMP Municipal,Nanaimo Mun,2007,1737.0
Violent Offenses,Nanaimo,RCMP Provincial,Nanaimo Prov,2007,131.0
Violent Offenses,Central Kootenay,Independent Municipal,Nelson Mun,2007,163.0
Violent Offenses,Central Kootenay,RCMP Provincial,Nelson Prov,2007,93.0
Violent Offenses,Kitimat Stikine,RCMP Provincial,New Hazelton Prov,2007,292.0
Violent Offenses,Metro Vancouver,Independent Municipal,New Westminster Mun,2007,1314.0
Violent Offenses,Strathcona,RCMP Provincial,Nootka Sound Prov,2007,67.0
Violent Offenses,Cowichan Valley,RCMP Municipal,North Cowichan Mun,2007,499.0
Violent Offenses,Capital,RCMP Municipal,North Saanich Mun,2007,43.0
Violent Offenses,Metro Vancouver,RCMP Municipal,North Vancouver City Mun,2007,639.0
Violent Offenses,Metro Vancouver,RCMP Municipal,North Vancouver District Mun,2007,591.0
Violent Offenses,Metro Vancouver,RCMP Provincial,North Vancouver Prov,2007,62.0
Violent Offenses,Northern Rockies,RCMP Municipal,Northern Rockies Mun,2007,NA
Violent Offenses,Northern Rockies,RCMP Provincial,Northern Rockies Prov,2007,359.0
Violent Offenses,Capital,Independent Municipal,Oak Bay Mun,2007,74.0
Violent Offenses,Nanaimo,RCMP Provincial,Oceanside Prov,2007,244.0
Violent Offenses,Cariboo,RCMP Provincial,One Hundred Mile House Prov,2007,190.0
Violent Offenses,Capital,RCMP Provincial,Outer Gulf  Islands Prov,2007,38.0
Violent Offenses,Nanaimo,RCMP Municipal,Parksville Mun,2007,179.0
Violent Offenses,Central Okanagan,RCMP Municipal,Peachland Mun,2007,NA
Violent Offenses,Squamish Lillooet,RCMP Provincial,Pemberton Prov,2007,51.0
Violent Offenses,Okanagan Similkameen,RCMP Municipal,Penticton Mun,2007,806.0
Violent Offenses,Okanagan Similkameen,RCMP Provincial,Penticton Prov,2007,129.0
Violent Offenses,Metro Vancouver,RCMP Municipal,Pitt Meadows Mun,2007,257.0
Violent Offenses,Alberni Clayoquot,RCMP Municipal,Port Alberni Mun,2007,660.0
Violent Offenses,Alberni Clayoquot,RCMP Provincial,Port Alberni Prov,2007,125.0
Violent Offenses,Mount Waddington,RCMP Provincial,Port Alice Prov,2007,18.0
Violent Offenses,Metro Vancouver,RCMP Municipal,Port Coquitlam Mun,2007,660.0
Violent Offenses,Mount Waddington,RCMP Provincial,Port Hardy Prov,2007,243.0
Violent Offenses,Mount Waddington,RCMP Provincial,Port McNeill Prov,2007,146.0
Violent Offenses,Metro Vancouver,Independent Municipal,Port Moody Mun,2007,216.0
Violent Offenses,Powell River,RCMP Municipal,Powell River Mun,2007,321.0
Violent Offenses,Powell River,RCMP Provincial,Powell River Prov,2007,116.0
Violent Offenses,Fraser Fort George,RCMP Municipal,Prince George Mun,2007,2516.0
Violent Offenses,Fraser Fort George,RCMP Provincial,Prince George Prov,2007,132.0
Violent Offenses,North Coast Regional District (22),RCMP Municipal,Prince Rupert Mun,2007,893.0
Violent Offenses,North Coast Regional District (22),RCMP Provincial,Prince Rupert Prov,2007,129.0
Violent Offenses,Okanagan Similkameen,RCMP Provincial,Princeton Prov,2007,100.0
Violent Offenses,Strathcona,RCMP Provincial,Quadra Island Prov,2007,48.0
Violent Offenses,Nanaimo,RCMP Municipal,Qualicum Beach Mun,2007,93.0
Violent Offenses,North Coast Regional District (22),RCMP Provincial,Queen Charlotte Prov,2007,94.0
Violent Offenses,Cariboo,RCMP Municipal,Quesnel Mun,2007,504.0
Violent Offenses,Cariboo,RCMP Provincial,Quesnel Prov,2007,209.0
Violent Offenses,Columbia Shuswap,RCMP Municipal,Revelstoke Mun,2007,135.0
Violent Offenses,Columbia Shuswap,RCMP Provincial,Revelstoke Prov,2007,18.0
Violent Offenses,Metro Vancouver,RCMP Municipal,Richmond Mun,2007,1842.0
Violent Offenses,Metro Vancouver,RCMP Provincial,Ridge Meadows Prov,2007,6.0
Violent Offenses,Capital,Independent Municipal,Saanich Mun,2007,853.0
Violent Offenses,Central Kootenay,RCMP Provincial,Salmo Prov,2007,60.0
Violent Offenses,Columbia Shuswap,RCMP Municipal,Salmon Arm Mun,2007,359.0
Violent Offenses,Columbia Shuswap,RCMP Provincial,Salmon Arm Prov,2007,131.0
Violent Offenses,Capital,RCMP Provincial,Saltspring Island Prov,2007,141.0
Violent Offenses,Strathcona,RCMP Provincial,Sayward Prov,2007,27.0
Violent Offenses,Sunshine Coast,RCMP Municipal,Sechelt Mun,2007,109.0
Violent Offenses,Cowichan Valley,RCMP Provincial,Shawnigan Lake Prov,2007,157.0
Violent Offenses,Columbia Shuswap,RCMP Provincial,Sicamous Prov,2007,64.0
Violent Offenses,Capital,RCMP Municipal,Sidney Mun,2007,113.0
Violent Offenses,Capital,RCMP Provincial,Sidney Prov,2007,99.0
Violent Offenses,Central Kootenay,RCMP Provincial,Slocan Lake Prov,2007,23.0
Violent Offenses,Bulkley Nechako,RCMP Municipal,Smithers Mun,2007,236.0
Violent Offenses,Bulkley Nechako,RCMP Provincial,Smithers Prov,2007,150.0
Violent Offenses,Capital,RCMP Municipal,Sooke Mun,2007,196.0
Violent Offenses,Capital,RCMP Provincial,Sooke Prov,2007,67.0
Violent Offenses,Okanagan Similkameen,RCMP Provincial,South Okanagan/Oliver,2007,134.0
Violent Offenses,Okanagan Similkameen,RCMP Provincial,South Okanagan/Osoyoos,2007,107.0
Violent Offenses,North Okanagan,RCMP Municipal,Spallumcheen Mun,2007,NA
Violent Offenses,Squamish Lillooet,RCMP Municipal,Squamish Mun,2007,461.0
Violent Offenses,Squamish Lillooet,RCMP Provincial,Squamish Prov,2007,23.0
Violent Offenses,Kitimat Stikine,RCMP Provincial,Stewart Prov,2007,16.0
Violent Offenses,Squamish Lillooet,First Nations Aboriginal Police Service,Stl'atl'imx FNAPS,2007,208.0
Violent Offenses,Okanagan Similkameen,RCMP Municipal,Summerland Mun,2007,141.0
Violent Offenses,Sunshine Coast,RCMP Provincial,Sunshine Coast Prov,2007,251.0
Violent Offenses,Metro Vancouver,RCMP Municipal,Surrey Mun,2007,8471.0
Violent Offenses,Bulkley Nechako,RCMP Provincial,Takla Landing Prov,2007,24.0
Violent Offenses,Kitimat Stikine,RCMP Municipal,Terrace Mun,2007,553.0
Violent Offenses,Kitimat Stikine,RCMP Provincial,Terrace Prov,2007,178.0
Violent Offenses,Powell River,RCMP Provincial,Texada Island Prov,2007,7.0
Violent Offenses,Thompson Nicola,RCMP Provincial,T'Kumlups Prov,2007,188.0
Violent Offenses,Alberni Clayoquot,RCMP Provincial,Tofino Prov,2007,168.0
Violent Offenses,Kootenay Boundary,RCMP Municipal,Trail Mun,2007,209.0
Violent Offenses,Kootenay Boundary,RCMP Provincial,Trail and Greater District,2007,133.0
Violent Offenses,Fraser Fort George,RCMP Provincial,Tsay Keh Dene Prov,2007,95.0
Violent Offenses,Peace River,RCMP Provincial,Tumbler Ridge Prov,2007,99.0
Violent Offenses,Alberni Clayoquot,RCMP Provincial,Ucluelet Prov,2007,83.0
Violent Offenses,Metro Vancouver,RCMP Provincial,University Prov,2007,96.0
Violent Offenses,Fraser Fort George,RCMP Provincial,Valemount Prov,2007,31.0
Violent Offenses,Metro Vancouver,Independent Municipal,Vancouver Mun,2007,10769.0
Violent Offenses,Bulkley Nechako,RCMP Provincial,Vanderhoof Prov,2007,287.0
Violent Offenses,North Okanagan,RCMP Municipal,Vernon Mun,2007,908.0
Violent Offenses,North Okanagan,RCMP Provincial,Vernon Prov,2007,110.0
Violent Offenses,Capital,Independent Municipal,Victoria Mun,2007,2383.0
Violent Offenses,Capital,RCMP Municipal,View Royal Mun,2007,89.0
Violent Offenses,Cariboo,RCMP Provincial,Wells Prov,2007,1.0
Violent Offenses,Central Okanagan,RCMP Municipal,West Kelowna Mun,2007,NA
Violent Offenses,Capital,RCMP Provincial,West Shore Prov,2007,105.0
Violent Offenses,Metro Vancouver,Independent Municipal,West Vancouver Mun,2007,384.0
Violent Offenses,Squamish Lillooet,RCMP Municipal,Whistler Mun,2007,303.0
Violent Offenses,Squamish Lillooet,RCMP Provincial,Whistler Prov,2007,3.0
Violent Offenses,Metro Vancouver,RCMP Municipal,White Rock Mun,2007,180.0
Violent Offenses,Cariboo,RCMP Municipal,Williams Lake Mun,2007,575.0
Violent Offenses,Cariboo,RCMP Provincial,Williams Lake Prov,2007,181.0
Property Offenses,Fraser Valley,Independent Municipal,Abbotsford Mun,2007,9476.0
Property Offenses,Fraser Valley,RCMP Provincial,Agassiz Prov,2007,724.0
Property Offenses,Mount Waddington,RCMP Provincial,Alert Bay Prov,2007,104.0
Property Offenses,Cariboo,RCMP Provincial,Alexis Creek Prov,2007,166.0
Property Offenses,Cariboo,RCMP Provincial,Anahim Lake Prov,2007,98.0
Property Offenses,North Okanagan,RCMP Provincial,Armstrong Prov,2007,399.0
Property Offenses,Thompson Nicola,RCMP Provincial,Ashcroft Prov,2007,277.0
Property Offenses,Kitimat Stikine,RCMP Provincial,Atlin Prov,2007,23.0
Property Offenses,Thompson Nicola,RCMP Provincial,Barriere Prov,2007,178.0
Property Offenses,Central Coast,RCMP Provincial,Bella Bella Prov,2007,231.0
Property Offenses,Central Coast,RCMP Provincial,Bella Coola Prov,2007,114.0
Property Offenses,Fraser Valley,RCMP Provincial,Boston Bar Prov,2007,80.0
Property Offenses,Kootenay Boundary,RCMP Provincial,Boundary/Grand Forks Prov,2007,486.0
Property Offenses,Kootenay Boundary,RCMP Provincial,Boundary/Midway Prov,2007,114.0
Property Offenses,Metro Vancouver,RCMP Provincial,Bowen Island Prov,2007,79.0
Property Offenses,Metro Vancouver,RCMP Municipal,Burnaby Mun,2007,14529.0
Property Offenses,Bulkley Nechako,RCMP Provincial,Burns Lake Prov,2007,413.0
Property Offenses,Strathcona,RCMP Municipal,Campbell River Mun,2007,2478.0
Property Offenses,Strathcona,RCMP Provincial,Campbell River Prov,2007,195.0
Property Offenses,Central Kootenay,RCMP Municipal,Castlegar Mun,2007,732.0
Property Offenses,Central Kootenay,RCMP Provincial,Castlegar Prov,2007,173.0
Property Offenses,Capital,Independent Municipal,Central Saanich Mun,2007,640.0
Property Offenses,Thompson Nicola,RCMP Provincial,Chase Prov,2007,497.0
Property Offenses,Peace River,RCMP Provincial,Chetwynd Prov,2007,399.0
Property Offenses,Fraser Valley,RCMP Municipal,Chilliwack Mun,2007,7273.0
Property Offenses,Fraser Valley,RCMP Provincial,Chilliwack Prov,2007,499.0
Property Offenses,Thompson Nicola,RCMP Provincial,Clearwater Prov,2007,204.0
Property Offenses,Thompson Nicola,RCMP Provincial,Clinton Prov,2007,95.0
Property Offenses,North Okanagan,RCMP Municipal,Coldstream Mun,2007,297.0
Property Offenses,East Kootenay,RCMP Provincial,Columbia Valley Prov,2007,769.0
Property Offenses,Capital,RCMP Municipal,Colwood Mun,2007,1040.0
Property Offenses,Comox Valley,RCMP Municipal,Comox Mun,2007,555.0
Property Offenses,Comox Valley,RCMP Provincial,Comox Valley Prov,2007,892.0
Property Offenses,Metro Vancouver,RCMP Municipal,Coquitlam Mun,2007,6354.0
Property Offenses,Metro Vancouver,RCMP Provincial,Coquitlam Prov,2007,65.0
Property Offenses,Comox Valley,RCMP Municipal,Courtenay Mun,2007,2208.0
Property Offenses,East Kootenay,RCMP Municipal,Cranbrook Mun,2007,1668.0
Property Offenses,East Kootenay,RCMP Provincial,Cranbrook Prov,2007,173.0
Property Offenses,Central Kootenay,RCMP Municipal,Creston Mun,2007,NA
Property Offenses,Central Kootenay,RCMP Provincial,Creston Prov,2007,718.0
Property Offenses,Peace River,RCMP Municipal,Dawson Creek Mun,2007,1218.0
Property Offenses,Peace River,RCMP Provincial,Dawson Creek Prov,2007,177.0
Property Offenses,Kitimat Stikine,RCMP Provincial,Dease Lake Prov,2007,56.0
Property Offenses,Metro Vancouver,Independent Municipal,Delta Mun,2007,4629.0
Property Offenses,Cowichan Valley,RCMP Provincial,Duncan Prov,2007,1865.0
Property Offenses,East Kootenay,RCMP Provincial,Elk Valley Prov,2007,943.0
Property Offenses,North Okanagan,RCMP Provincial,Enderby Prov,2007,460.0
Property Offenses,Columbia Shuswap,RCMP Provincial,Falkland Prov,2007,124.0
Property Offenses,Bulkley Nechako,RCMP Provincial,Fort St James Prov,2007,514.0
Property Offenses,Peace River,RCMP Municipal,Fort St John Mun,2007,1841.0
Property Offenses,Peace River,RCMP Provincial,Fort St John Prov,2007,361.0
Property Offenses,Bulkley Nechako,RCMP Provincial,Fraser Lake Prov,2007,87.0
Property Offenses,Nanaimo,RCMP Provincial,Gabriola Island Prov,2007,197.0
Property Offenses,Columbia Shuswap,RCMP Provincial,Golden Prov,2007,414.0
Property Offenses,Fraser Valley,RCMP Municipal,Hope Mun,2007,943.0
Property Offenses,Fraser Valley,RCMP Provincial,Hope  Prov,2007,137.0
Property Offenses,Bulkley Nechako,RCMP Provincial,Houston/Granisle Prov,2007,171.0
Property Offenses,Peace River,RCMP Provincial,Hudson's Hope Prov,2007,12.0
Property Offenses,Thompson Nicola,RCMP Municipal,Kamloops Mun,2007,8214.0
Property Offenses,Central Kootenay,RCMP Provincial,Kaslo Prov,2007,126.0
Property Offenses,Central Okanagan,RCMP Municipal,Kelowna Mun,2007,9149.0
Property Offenses,Central Okanagan,RCMP Provincial,Kelowna Prov,2007,2168.0
Property Offenses,Fraser Valley,RCMP Municipal,Kent Mun,2007,NA
Property Offenses,Okanagan Similkameen,RCMP Provincial,Keremeos Prov,2007,210.0
Property Offenses,East Kootenay,RCMP Municipal,Kimberley Mun,2007,302.0
Property Offenses,East Kootenay,RCMP Provincial,Kimberley Prov,2007,37.0
Property Offenses,Kitimat Stikine,RCMP Municipal,Kitimat Mun,2007,474.0
Property Offenses,Kitimat Stikine,RCMP Provincial,Kitimat Prov,2007,24.0
Property Offenses,Cowichan Valley,RCMP Municipal,Ladysmith Mun,2007,441.0
Property Offenses,Cowichan Valley,RCMP Provincial,Ladysmith Prov,2007,224.0
Property Offenses,Central Okanagan,RCMP Municipal,Lake Country Mun,2007,496.0
Property Offenses,Cowichan Valley,RCMP Provincial,Lake Cowichan Prov,2007,369.0
Property Offenses,Capital,RCMP Municipal,Langford Mun,2007,2201.0
Property Offenses,Metro Vancouver,RCMP Municipal,Langley City Mun,2007,2360.0
Property Offenses,Metro Vancouver,RCMP Municipal,Langley Township Mun,2007,7153.0
Property Offenses,Squamish Lillooet,RCMP Provincial,Lillooet Prov,2007,217.0
Property Offenses,Kitimat Stikine,RCMP Provincial,Lisims/Nass Valley Prov,2007,180.0
Property Offenses,Thompson Nicola,RCMP Provincial,Logan Lake Prov,2007,121.0
Property Offenses,North Okanagan,RCMP Provincial,Lumby Prov,2007,179.0
Property Offenses,Thompson Nicola,RCMP Provincial,Lytton Prov,2007,119.0
Property Offenses,Fraser Fort George,RCMP Provincial,Mackenzie Prov,2007,253.0
Property Offenses,Metro Vancouver,RCMP Municipal,Maple Ridge Mun,2007,5959.0
Property Offenses,North Coast Regional District (22),RCMP Provincial,Masset Prov,2007,262.0
Property Offenses,Fraser Fort George,RCMP Provincial,McBride Prov,2007,117.0
Property Offenses,Thompson Nicola,RCMP Municipal,Merritt Mun,2007,930.0
Property Offenses,Thompson Nicola,RCMP Provincial,Merritt Prov,2007,181.0
Property Offenses,Fraser Valley,RCMP Municipal,Mission Mun,2007,3030.0
Property Offenses,Fraser Valley,RCMP Provincial,Mission Prov,2007,301.0
Property Offenses,Central Kootenay,RCMP Provincial,Nakusp Prov,2007,115.0
Property Offenses,Nanaimo,RCMP Municipal,Nanaimo Mun,2007,7919.0
Property Offenses,Nanaimo,RCMP Provincial,Nanaimo Prov,2007,543.0
Property Offenses,Central Kootenay,Independent Municipal,Nelson Mun,2007,754.0
Property Offenses,Central Kootenay,RCMP Provincial,Nelson Prov,2007,244.0
Property Offenses,Kitimat Stikine,RCMP Provincial,New Hazelton Prov,2007,320.0
Property Offenses,Metro Vancouver,Independent Municipal,New Westminster Mun,2007,4329.0
Property Offenses,Strathcona,RCMP Provincial,Nootka Sound Prov,2007,153.0
Property Offenses,Cowichan Valley,RCMP Municipal,North Cowichan Mun,2007,1750.0
Property Offenses,Capital,RCMP Municipal,North Saanich Mun,2007,302.0
Property Offenses,Metro Vancouver,RCMP Municipal,North Vancouver City Mun,2007,2764.0
Property Offenses,Metro Vancouver,RCMP Municipal,North Vancouver District Mun,2007,3048.0
Property Offenses,Metro Vancouver,RCMP Provincial,North Vancouver Prov,2007,182.0
Property Offenses,Northern Rockies,RCMP Municipal,Northern Rockies Mun,2007,NA
Property Offenses,Northern Rockies,RCMP Provincial,Northern Rockies Prov,2007,486.0
Property Offenses,Capital,Independent Municipal,Oak Bay Mun,2007,798.0
Property Offenses,Nanaimo,RCMP Provincial,Oceanside Prov,2007,995.0
Property Offenses,Cariboo,RCMP Provincial,One Hundred Mile House Prov,2007,668.0
Property Offenses,Capital,RCMP Provincial,Outer Gulf  Islands Prov,2007,137.0
Property Offenses,Nanaimo,RCMP Municipal,Parksville Mun,2007,1318.0
Property Offenses,Central Okanagan,RCMP Municipal,Peachland Mun,2007,NA
Property Offenses,Squamish Lillooet,RCMP Provincial,Pemberton Prov,2007,139.0
Property Offenses,Okanagan Similkameen,RCMP Municipal,Penticton Mun,2007,2769.0
Property Offenses,Okanagan Similkameen,RCMP Provincial,Penticton Prov,2007,506.0
Property Offenses,Metro Vancouver,RCMP Municipal,Pitt Meadows Mun,2007,1299.0
Property Offenses,Alberni Clayoquot,RCMP Municipal,Port Alberni Mun,2007,1849.0
Property Offenses,Alberni Clayoquot,RCMP Provincial,Port Alberni Prov,2007,341.0
Property Offenses,Mount Waddington,RCMP Provincial,Port Alice Prov,2007,50.0
Property Offenses,Metro Vancouver,RCMP Municipal,Port Coquitlam Mun,2007,3271.0
Property Offenses,Mount Waddington,RCMP Provincial,Port Hardy Prov,2007,553.0
Property Offenses,Mount Waddington,RCMP Provincial,Port McNeill Prov,2007,293.0
Property Offenses,Metro Vancouver,Independent Municipal,Port Moody Mun,2007,1169.0
Property Offenses,Powell River,RCMP Municipal,Powell River Mun,2007,846.0
Property Offenses,Powell River,RCMP Provincial,Powell River Prov,2007,174.0
Property Offenses,Fraser Fort George,RCMP Municipal,Prince George Mun,2007,8085.0
Property Offenses,Fraser Fort George,RCMP Provincial,Prince George Prov,2007,381.0
Property Offenses,North Coast Regional District (22),RCMP Municipal,Prince Rupert Mun,2007,1241.0
Property Offenses,North Coast Regional District (22),RCMP Provincial,Prince Rupert Prov,2007,173.0
Property Offenses,Okanagan Similkameen,RCMP Provincial,Princeton Prov,2007,335.0
Property Offenses,Strathcona,RCMP Provincial,Quadra Island Prov,2007,101.0
Property Offenses,Nanaimo,RCMP Municipal,Qualicum Beach Mun,2007,591.0
Property Offenses,North Coast Regional District (22),RCMP Provincial,Queen Charlotte Prov,2007,126.0
Property Offenses,Cariboo,RCMP Municipal,Quesnel Mun,2007,1229.0
Property Offenses,Cariboo,RCMP Provincial,Quesnel Prov,2007,464.0
Property Offenses,Columbia Shuswap,RCMP Municipal,Revelstoke Mun,2007,442.0
Property Offenses,Columbia Shuswap,RCMP Provincial,Revelstoke Prov,2007,46.0
Property Offenses,Metro Vancouver,RCMP Municipal,Richmond Mun,2007,9157.0
Property Offenses,Metro Vancouver,RCMP Provincial,Ridge Meadows Prov,2007,16.0
Property Offenses,Capital,Independent Municipal,Saanich Mun,2007,4748.0
Property Offenses,Central Kootenay,RCMP Provincial,Salmo Prov,2007,181.0
Property Offenses,Columbia Shuswap,RCMP Municipal,Salmon Arm Mun,2007,1414.0
Property Offenses,Columbia Shuswap,RCMP Provincial,Salmon Arm Prov,2007,450.0
Property Offenses,Capital,RCMP Provincial,Saltspring Island Prov,2007,312.0
Property Offenses,Strathcona,RCMP Provincial,Sayward Prov,2007,72.0
Property Offenses,Sunshine Coast,RCMP Municipal,Sechelt Mun,2007,551.0
Property Offenses,Cowichan Valley,RCMP Provincial,Shawnigan Lake Prov,2007,788.0
Property Offenses,Columbia Shuswap,RCMP Provincial,Sicamous Prov,2007,297.0
Property Offenses,Capital,RCMP Municipal,Sidney Mun,2007,451.0
Property Offenses,Capital,RCMP Provincial,Sidney Prov,2007,124.0
Property Offenses,Central Kootenay,RCMP Provincial,Slocan Lake Prov,2007,47.0
Property Offenses,Bulkley Nechako,RCMP Municipal,Smithers Mun,2007,606.0
Property Offenses,Bulkley Nechako,RCMP Provincial,Smithers Prov,2007,155.0
Property Offenses,Capital,RCMP Municipal,Sooke Mun,2007,641.0
Property Offenses,Capital,RCMP Provincial,Sooke Prov,2007,234.0
Property Offenses,Okanagan Similkameen,RCMP Provincial,South Okanagan/Oliver,2007,589.0
Property Offenses,Okanagan Similkameen,RCMP Provincial,South Okanagan/Osoyoos,2007,554.0
Property Offenses,North Okanagan,RCMP Municipal,Spallumcheen Mun,2007,NA
Property Offenses,Squamish Lillooet,RCMP Municipal,Squamish Mun,2007,1294.0
Property Offenses,Squamish Lillooet,RCMP Provincial,Squamish Prov,2007,128.0
Property Offenses,Kitimat Stikine,RCMP Provincial,Stewart Prov,2007,26.0
Property Offenses,Squamish Lillooet,First Nations Aboriginal Police Service,Stl'atl'imx FNAPS,2007,137.0
Property Offenses,Okanagan Similkameen,RCMP Municipal,Summerland Mun,2007,465.0
Property Offenses,Sunshine Coast,RCMP Provincial,Sunshine Coast Prov,2007,873.0
Property Offenses,Metro Vancouver,RCMP Municipal,Surrey Mun,2007,30453.0
Property Offenses,Bulkley Nechako,RCMP Provincial,Takla Landing Prov,2007,20.0
Property Offenses,Kitimat Stikine,RCMP Municipal,Terrace Mun,2007,1153.0
Property Offenses,Kitimat Stikine,RCMP Provincial,Terrace Prov,2007,300.0
Property Offenses,Powell River,RCMP Provincial,Texada Island Prov,2007,32.0
Property Offenses,Thompson Nicola,RCMP Provincial,T'Kumlups Prov,2007,592.0
Property Offenses,Alberni Clayoquot,RCMP Provincial,Tofino Prov,2007,315.0
Property Offenses,Kootenay Boundary,RCMP Municipal,Trail Mun,2007,475.0
Property Offenses,Kootenay Boundary,RCMP Provincial,Trail and Greater District,2007,327.0
Property Offenses,Fraser Fort George,RCMP Provincial,Tsay Keh Dene Prov,2007,47.0
Property Offenses,Peace River,RCMP Provincial,Tumbler Ridge Prov,2007,200.0
Property Offenses,Alberni Clayoquot,RCMP Provincial,Ucluelet Prov,2007,187.0
Property Offenses,Metro Vancouver,RCMP Provincial,University Prov,2007,982.0
Property Offenses,Fraser Fort George,RCMP Provincial,Valemount Prov,2007,103.0
Property Offenses,Metro Vancouver,Independent Municipal,Vancouver Mun,2007,41187.0
Property Offenses,Bulkley Nechako,RCMP Provincial,Vanderhoof Prov,2007,441.0
Property Offenses,North Okanagan,RCMP Municipal,Vernon Mun,2007,3577.0
Property Offenses,North Okanagan,RCMP Provincial,Vernon Prov,2007,434.0
Property Offenses,Capital,Independent Municipal,Victoria Mun,2007,10398.0
Property Offenses,Capital,RCMP Municipal,View Royal Mun,2007,521.0
Property Offenses,Cariboo,RCMP Provincial,Wells Prov,2007,19.0
Property Offenses,Central Okanagan,RCMP Municipal,West Kelowna Mun,2007,NA
Property Offenses,Capital,RCMP Provincial,West Shore Prov,2007,396.0
Property Offenses,Metro Vancouver,Independent Municipal,West Vancouver Mun,2007,1818.0
Property Offenses,Squamish Lillooet,RCMP Municipal,Whistler Mun,2007,1408.0
Property Offenses,Squamish Lillooet,RCMP Provincial,Whistler Prov,2007,109.0
Property Offenses,Metro Vancouver,RCMP Municipal,White Rock Mun,2007,933.0
Property Offenses,Cariboo,RCMP Municipal,Williams Lake Mun,2007,2106.0
Property Offenses,Cariboo,RCMP Provincial,Williams Lake Prov,2007,440.0
Other CCC Offenses,Fraser Valley,Independent Municipal,Abbotsford Mun,2007,1127.0
Other CCC Offenses,Fraser Valley,RCMP Provincial,Agassiz Prov,2007,281.0
Other CCC Offenses,Mount Waddington,RCMP Provincial,Alert Bay Prov,2007,90.0
Other CCC Offenses,Cariboo,RCMP Provincial,Alexis Creek Prov,2007,145.0
Other CCC Offenses,Cariboo,RCMP Provincial,Anahim Lake Prov,2007,194.0
Other CCC Offenses,North Okanagan,RCMP Provincial,Armstrong Prov,2007,146.0
Other CCC Offenses,Thompson Nicola,RCMP Provincial,Ashcroft Prov,2007,171.0
Other CCC Offenses,Kitimat Stikine,RCMP Provincial,Atlin Prov,2007,22.0
Other CCC Offenses,Thompson Nicola,RCMP Provincial,Barriere Prov,2007,47.0
Other CCC Offenses,Central Coast,RCMP Provincial,Bella Bella Prov,2007,213.0
Other CCC Offenses,Central Coast,RCMP Provincial,Bella Coola Prov,2007,135.0
Other CCC Offenses,Fraser Valley,RCMP Provincial,Boston Bar Prov,2007,36.0
Other CCC Offenses,Kootenay Boundary,RCMP Provincial,Boundary/Grand Forks Prov,2007,77.0
Other CCC Offenses,Kootenay Boundary,RCMP Provincial,Boundary/Midway Prov,2007,25.0
Other CCC Offenses,Metro Vancouver,RCMP Provincial,Bowen Island Prov,2007,15.0
Other CCC Offenses,Metro Vancouver,RCMP Municipal,Burnaby Mun,2007,2031.0
Other CCC Offenses,Bulkley Nechako,RCMP Provincial,Burns Lake Prov,2007,627.0
Other CCC Offenses,Strathcona,RCMP Municipal,Campbell River Mun,2007,1440.0
Other CCC Offenses,Strathcona,RCMP Provincial,Campbell River Prov,2007,144.0
Other CCC Offenses,Central Kootenay,RCMP Municipal,Castlegar Mun,2007,304.0
Other CCC Offenses,Central Kootenay,RCMP Provincial,Castlegar Prov,2007,56.0
Other CCC Offenses,Capital,Independent Municipal,Central Saanich Mun,2007,74.0
Other CCC Offenses,Thompson Nicola,RCMP Provincial,Chase Prov,2007,188.0
Other CCC Offenses,Peace River,RCMP Provincial,Chetwynd Prov,2007,336.0
Other CCC Offenses,Fraser Valley,RCMP Municipal,Chilliwack Mun,2007,2481.0
Other CCC Offenses,Fraser Valley,RCMP Provincial,Chilliwack Prov,2007,156.0
Other CCC Offenses,Thompson Nicola,RCMP Provincial,Clearwater Prov,2007,84.0
Other CCC Offenses,Thompson Nicola,RCMP Provincial,Clinton Prov,2007,22.0
Other CCC Offenses,North Okanagan,RCMP Municipal,Coldstream Mun,2007,29.0
Other CCC Offenses,East Kootenay,RCMP Provincial,Columbia Valley Prov,2007,319.0
Other CCC Offenses,Capital,RCMP Municipal,Colwood Mun,2007,69.0
Other CCC Offenses,Comox Valley,RCMP Municipal,Comox Mun,2007,163.0
Other CCC Offenses,Comox Valley,RCMP Provincial,Comox Valley Prov,2007,276.0
Other CCC Offenses,Metro Vancouver,RCMP Municipal,Coquitlam Mun,2007,1775.0
Other CCC Offenses,Metro Vancouver,RCMP Provincial,Coquitlam Prov,2007,16.0
Other CCC Offenses,Comox Valley,RCMP Municipal,Courtenay Mun,2007,868.0
Other CCC Offenses,East Kootenay,RCMP Municipal,Cranbrook Mun,2007,494.0
Other CCC Offenses,East Kootenay,RCMP Provincial,Cranbrook Prov,2007,67.0
Other CCC Offenses,Central Kootenay,RCMP Municipal,Creston Mun,2007,NA
Other CCC Offenses,Central Kootenay,RCMP Provincial,Creston Prov,2007,206.0
Other CCC Offenses,Peace River,RCMP Municipal,Dawson Creek Mun,2007,720.0
Other CCC Offenses,Peace River,RCMP Provincial,Dawson Creek Prov,2007,56.0
Other CCC Offenses,Kitimat Stikine,RCMP Provincial,Dease Lake Prov,2007,89.0
Other CCC Offenses,Metro Vancouver,Independent Municipal,Delta Mun,2007,1014.0
Other CCC Offenses,Cowichan Valley,RCMP Provincial,Duncan Prov,2007,519.0
Other CCC Offenses,East Kootenay,RCMP Provincial,Elk Valley Prov,2007,222.0
Other CCC Offenses,North Okanagan,RCMP Provincial,Enderby Prov,2007,177.0
Other CCC Offenses,Columbia Shuswap,RCMP Provincial,Falkland Prov,2007,23.0
Other CCC Offenses,Bulkley Nechako,RCMP Provincial,Fort St James Prov,2007,378.0
Other CCC Offenses,Peace River,RCMP Municipal,Fort St John Mun,2007,769.0
Other CCC Offenses,Peace River,RCMP Provincial,Fort St John Prov,2007,123.0
Other CCC Offenses,Bulkley Nechako,RCMP Provincial,Fraser Lake Prov,2007,32.0
Other CCC Offenses,Nanaimo,RCMP Provincial,Gabriola Island Prov,2007,39.0
Other CCC Offenses,Columbia Shuswap,RCMP Provincial,Golden Prov,2007,140.0
Other CCC Offenses,Fraser Valley,RCMP Municipal,Hope Mun,2007,332.0
Other CCC Offenses,Fraser Valley,RCMP Provincial,Hope  Prov,2007,32.0
Other CCC Offenses,Bulkley Nechako,RCMP Provincial,Houston/Granisle Prov,2007,249.0
Other CCC Offenses,Peace River,RCMP Provincial,Hudson's Hope Prov,2007,17.0
Other CCC Offenses,Thompson Nicola,RCMP Municipal,Kamloops Mun,2007,2418.0
Other CCC Offenses,Central Kootenay,RCMP Provincial,Kaslo Prov,2007,15.0
Other CCC Offenses,Central Okanagan,RCMP Municipal,Kelowna Mun,2007,3136.0
Other CCC Offenses,Central Okanagan,RCMP Provincial,Kelowna Prov,2007,518.0
Other CCC Offenses,Fraser Valley,RCMP Municipal,Kent Mun,2007,NA
Other CCC Offenses,Okanagan Similkameen,RCMP Provincial,Keremeos Prov,2007,96.0
Other CCC Offenses,East Kootenay,RCMP Municipal,Kimberley Mun,2007,95.0
Other CCC Offenses,East Kootenay,RCMP Provincial,Kimberley Prov,2007,23.0
Other CCC Offenses,Kitimat Stikine,RCMP Municipal,Kitimat Mun,2007,287.0
Other CCC Offenses,Kitimat Stikine,RCMP Provincial,Kitimat Prov,2007,14.0
Other CCC Offenses,Cowichan Valley,RCMP Municipal,Ladysmith Mun,2007,67.0
Other CCC Offenses,Cowichan Valley,RCMP Provincial,Ladysmith Prov,2007,61.0
Other CCC Offenses,Central Okanagan,RCMP Municipal,Lake Country Mun,2007,170.0
Other CCC Offenses,Cowichan Valley,RCMP Provincial,Lake Cowichan Prov,2007,134.0
Other CCC Offenses,Capital,RCMP Municipal,Langford Mun,2007,229.0
Other CCC Offenses,Metro Vancouver,RCMP Municipal,Langley City Mun,2007,802.0
Other CCC Offenses,Metro Vancouver,RCMP Municipal,Langley Township Mun,2007,1298.0
Other CCC Offenses,Squamish Lillooet,RCMP Provincial,Lillooet Prov,2007,138.0
Other CCC Offenses,Kitimat Stikine,RCMP Provincial,Lisims/Nass Valley Prov,2007,250.0
Other CCC Offenses,Thompson Nicola,RCMP Provincial,Logan Lake Prov,2007,49.0
Other CCC Offenses,North Okanagan,RCMP Provincial,Lumby Prov,2007,35.0
Other CCC Offenses,Thompson Nicola,RCMP Provincial,Lytton Prov,2007,152.0
Other CCC Offenses,Fraser Fort George,RCMP Provincial,Mackenzie Prov,2007,125.0
Other CCC Offenses,Metro Vancouver,RCMP Municipal,Maple Ridge Mun,2007,2019.0
Other CCC Offenses,North Coast Regional District (22),RCMP Provincial,Masset Prov,2007,252.0
Other CCC Offenses,Fraser Fort George,RCMP Provincial,McBride Prov,2007,23.0
Other CCC Offenses,Thompson Nicola,RCMP Municipal,Merritt Mun,2007,556.0
Other CCC Offenses,Thompson Nicola,RCMP Provincial,Merritt Prov,2007,95.0
Other CCC Offenses,Fraser Valley,RCMP Municipal,Mission Mun,2007,1077.0
Other CCC Offenses,Fraser Valley,RCMP Provincial,Mission Prov,2007,55.0
Other CCC Offenses,Central Kootenay,RCMP Provincial,Nakusp Prov,2007,62.0
Other CCC Offenses,Nanaimo,RCMP Municipal,Nanaimo Mun,2007,2775.0
Other CCC Offenses,Nanaimo,RCMP Provincial,Nanaimo Prov,2007,123.0
Other CCC Offenses,Central Kootenay,Independent Municipal,Nelson Mun,2007,167.0
Other CCC Offenses,Central Kootenay,RCMP Provincial,Nelson Prov,2007,52.0
Other CCC Offenses,Kitimat Stikine,RCMP Provincial,New Hazelton Prov,2007,407.0
Other CCC Offenses,Metro Vancouver,Independent Municipal,New Westminster Mun,2007,1637.0
Other CCC Offenses,Strathcona,RCMP Provincial,Nootka Sound Prov,2007,61.0
Other CCC Offenses,Cowichan Valley,RCMP Municipal,North Cowichan Mun,2007,375.0
Other CCC Offenses,Capital,RCMP Municipal,North Saanich Mun,2007,63.0
Other CCC Offenses,Metro Vancouver,RCMP Municipal,North Vancouver City Mun,2007,895.0
Other CCC Offenses,Metro Vancouver,RCMP Municipal,North Vancouver District Mun,2007,741.0
Other CCC Offenses,Metro Vancouver,RCMP Provincial,North Vancouver Prov,2007,78.0
Other CCC Offenses,Northern Rockies,RCMP Municipal,Northern Rockies Mun,2007,NA
Other CCC Offenses,Northern Rockies,RCMP Provincial,Northern Rockies Prov,2007,366.0
Other CCC Offenses,Capital,Independent Municipal,Oak Bay Mun,2007,34.0
Other CCC Offenses,Nanaimo,RCMP Provincial,Oceanside Prov,2007,142.0
Other CCC Offenses,Cariboo,RCMP Provincial,One Hundred Mile House Prov,2007,252.0
Other CCC Offenses,Capital,RCMP Provincial,Outer Gulf  Islands Prov,2007,43.0
Other CCC Offenses,Nanaimo,RCMP Municipal,Parksville Mun,2007,221.0
Other CCC Offenses,Central Okanagan,RCMP Municipal,Peachland Mun,2007,NA
Other CCC Offenses,Squamish Lillooet,RCMP Provincial,Pemberton Prov,2007,91.0
Other CCC Offenses,Okanagan Similkameen,RCMP Municipal,Penticton Mun,2007,958.0
Other CCC Offenses,Okanagan Similkameen,RCMP Provincial,Penticton Prov,2007,106.0
Other CCC Offenses,Metro Vancouver,RCMP Municipal,Pitt Meadows Mun,2007,364.0
Other CCC Offenses,Alberni Clayoquot,RCMP Municipal,Port Alberni Mun,2007,929.0
Other CCC Offenses,Alberni Clayoquot,RCMP Provincial,Port Alberni Prov,2007,94.0
Other CCC Offenses,Mount Waddington,RCMP Provincial,Port Alice Prov,2007,19.0
Other CCC Offenses,Metro Vancouver,RCMP Municipal,Port Coquitlam Mun,2007,1003.0
Other CCC Offenses,Mount Waddington,RCMP Provincial,Port Hardy Prov,2007,536.0
Other CCC Offenses,Mount Waddington,RCMP Provincial,Port McNeill Prov,2007,123.0
Other CCC Offenses,Metro Vancouver,Independent Municipal,Port Moody Mun,2007,169.0
Other CCC Offenses,Powell River,RCMP Municipal,Powell River Mun,2007,205.0
Other CCC Offenses,Powell River,RCMP Provincial,Powell River Prov,2007,70.0
Other CCC Offenses,Fraser Fort George,RCMP Municipal,Prince George Mun,2007,3478.0
Other CCC Offenses,Fraser Fort George,RCMP Provincial,Prince George Prov,2007,96.0
Other CCC Offenses,North Coast Regional District (22),RCMP Municipal,Prince Rupert Mun,2007,1316.0
Other CCC Offenses,North Coast Regional District (22),RCMP Provincial,Prince Rupert Prov,2007,120.0
Other CCC Offenses,Okanagan Similkameen,RCMP Provincial,Princeton Prov,2007,101.0
Other CCC Offenses,Strathcona,RCMP Provincial,Quadra Island Prov,2007,32.0
Other CCC Offenses,Nanaimo,RCMP Municipal,Qualicum Beach Mun,2007,55.0
Other CCC Offenses,North Coast Regional District (22),RCMP Provincial,Queen Charlotte Prov,2007,103.0
Other CCC Offenses,Cariboo,RCMP Municipal,Quesnel Mun,2007,741.0
Other CCC Offenses,Cariboo,RCMP Provincial,Quesnel Prov,2007,154.0
Other CCC Offenses,Columbia Shuswap,RCMP Municipal,Revelstoke Mun,2007,184.0
Other CCC Offenses,Columbia Shuswap,RCMP Provincial,Revelstoke Prov,2007,21.0
Other CCC Offenses,Metro Vancouver,RCMP Municipal,Richmond Mun,2007,1818.0
Other CCC Offenses,Metro Vancouver,RCMP Provincial,Ridge Meadows Prov,2007,10.0
Other CCC Offenses,Capital,Independent Municipal,Saanich Mun,2007,321.0
Other CCC Offenses,Central Kootenay,RCMP Provincial,Salmo Prov,2007,63.0
Other CCC Offenses,Columbia Shuswap,RCMP Municipal,Salmon Arm Mun,2007,258.0
Other CCC Offenses,Columbia Shuswap,RCMP Provincial,Salmon Arm Prov,2007,56.0
Other CCC Offenses,Capital,RCMP Provincial,Saltspring Island Prov,2007,138.0
Other CCC Offenses,Strathcona,RCMP Provincial,Sayward Prov,2007,44.0
Other CCC Offenses,Sunshine Coast,RCMP Municipal,Sechelt Mun,2007,209.0
Other CCC Offenses,Cowichan Valley,RCMP Provincial,Shawnigan Lake Prov,2007,86.0
Other CCC Offenses,Columbia Shuswap,RCMP Provincial,Sicamous Prov,2007,93.0
Other CCC Offenses,Capital,RCMP Municipal,Sidney Mun,2007,89.0
Other CCC Offenses,Capital,RCMP Provincial,Sidney Prov,2007,48.0
Other CCC Offenses,Central Kootenay,RCMP Provincial,Slocan Lake Prov,2007,14.0
Other CCC Offenses,Bulkley Nechako,RCMP Municipal,Smithers Mun,2007,478.0
Other CCC Offenses,Bulkley Nechako,RCMP Provincial,Smithers Prov,2007,137.0
Other CCC Offenses,Capital,RCMP Municipal,Sooke Mun,2007,221.0
Other CCC Offenses,Capital,RCMP Provincial,Sooke Prov,2007,39.0
Other CCC Offenses,Okanagan Similkameen,RCMP Provincial,South Okanagan/Oliver,2007,211.0
Other CCC Offenses,Okanagan Similkameen,RCMP Provincial,South Okanagan/Osoyoos,2007,170.0
Other CCC Offenses,North Okanagan,RCMP Municipal,Spallumcheen Mun,2007,NA
Other CCC Offenses,Squamish Lillooet,RCMP Municipal,Squamish Mun,2007,683.0
Other CCC Offenses,Squamish Lillooet,RCMP Provincial,Squamish Prov,2007,23.0
Other CCC Offenses,Kitimat Stikine,RCMP Provincial,Stewart Prov,2007,13.0
Other CCC Offenses,Squamish Lillooet,First Nations Aboriginal Police Service,Stl'atl'imx FNAPS,2007,229.0
Other CCC Offenses,Okanagan Similkameen,RCMP Municipal,Summerland Mun,2007,148.0
Other CCC Offenses,Sunshine Coast,RCMP Provincial,Sunshine Coast Prov,2007,353.0
Other CCC Offenses,Metro Vancouver,RCMP Municipal,Surrey Mun,2007,7473.0
Other CCC Offenses,Bulkley Nechako,RCMP Provincial,Takla Landing Prov,2007,52.0
Other CCC Offenses,Kitimat Stikine,RCMP Municipal,Terrace Mun,2007,756.0
Other CCC Offenses,Kitimat Stikine,RCMP Provincial,Terrace Prov,2007,130.0
Other CCC Offenses,Powell River,RCMP Provincial,Texada Island Prov,2007,9.0
Other CCC Offenses,Thompson Nicola,RCMP Provincial,T'Kumlups Prov,2007,190.0
Other CCC Offenses,Alberni Clayoquot,RCMP Provincial,Tofino Prov,2007,354.0
Other CCC Offenses,Kootenay Boundary,RCMP Municipal,Trail Mun,2007,242.0
Other CCC Offenses,Kootenay Boundary,RCMP Provincial,Trail and Greater District,2007,126.0
Other CCC Offenses,Fraser Fort George,RCMP Provincial,Tsay Keh Dene Prov,2007,101.0
Other CCC Offenses,Peace River,RCMP Provincial,Tumbler Ridge Prov,2007,162.0
Other CCC Offenses,Alberni Clayoquot,RCMP Provincial,Ucluelet Prov,2007,152.0
Other CCC Offenses,Metro Vancouver,RCMP Provincial,University Prov,2007,167.0
Other CCC Offenses,Fraser Fort George,RCMP Provincial,Valemount Prov,2007,37.0
Other CCC Offenses,Metro Vancouver,Independent Municipal,Vancouver Mun,2007,6472.0
Other CCC Offenses,Bulkley Nechako,RCMP Provincial,Vanderhoof Prov,2007,382.0
Other CCC Offenses,North Okanagan,RCMP Municipal,Vernon Mun,2007,596.0
Other CCC Offenses,North Okanagan,RCMP Provincial,Vernon Prov,2007,43.0
Other CCC Offenses,Capital,Independent Municipal,Victoria Mun,2007,2531.0
Other CCC Offenses,Capital,RCMP Municipal,View Royal Mun,2007,80.0
Other CCC Offenses,Cariboo,RCMP Provincial,Wells Prov,2007,1.0
Other CCC Offenses,Central Okanagan,RCMP Municipal,West Kelowna Mun,2007,NA
Other CCC Offenses,Capital,RCMP Provincial,West Shore Prov,2007,42.0
Other CCC Offenses,Metro Vancouver,Independent Municipal,West Vancouver Mun,2007,250.0
Other CCC Offenses,Squamish Lillooet,RCMP Municipal,Whistler Mun,2007,590.0
Other CCC Offenses,Squamish Lillooet,RCMP Provincial,Whistler Prov,2007,1.0
Other CCC Offenses,Metro Vancouver,RCMP Municipal,White Rock Mun,2007,294.0
Other CCC Offenses,Cariboo,RCMP Municipal,Williams Lake Mun,2007,839.0
Other CCC Offenses,Cariboo,RCMP Provincial,Williams Lake Prov,2007,125.0
Homicide,Fraser Valley,Independent Municipal,Abbotsford Mun,2007,1.0
Homicide,Fraser Valley,RCMP Provincial,Agassiz Prov,2007,2.0
Homicide,Mount Waddington,RCMP Provincial,Alert Bay Prov,2007,0.0
Homicide,Cariboo,RCMP Provincial,Alexis Creek Prov,2007,0.0
Homicide,Cariboo,RCMP Provincial,Anahim Lake Prov,2007,0.0
Homicide,North Okanagan,RCMP Provincial,Armstrong Prov,2007,0.0
Homicide,Thompson Nicola,RCMP Provincial,Ashcroft Prov,2007,0.0
Homicide,Kitimat Stikine,RCMP Provincial,Atlin Prov,2007,0.0
Homicide,Thompson Nicola,RCMP Provincial,Barriere Prov,2007,0.0
Homicide,Central Coast,RCMP Provincial,Bella Bella Prov,2007,0.0
Homicide,Central Coast,RCMP Provincial,Bella Coola Prov,2007,0.0
Homicide,Fraser Valley,RCMP Provincial,Boston Bar Prov,2007,0.0
Homicide,Kootenay Boundary,RCMP Provincial,Boundary/Grand Forks Prov,2007,0.0
Homicide,Kootenay Boundary,RCMP Provincial,Boundary/Midway Prov,2007,0.0
Homicide,Metro Vancouver,RCMP Provincial,Bowen Island Prov,2007,0.0
Homicide,Metro Vancouver,RCMP Municipal,Burnaby Mun,2007,4.0
Homicide,Bulkley Nechako,RCMP Provincial,Burns Lake Prov,2007,1.0
Homicide,Strathcona,RCMP Municipal,Campbell River Mun,2007,0.0
Homicide,Strathcona,RCMP Provincial,Campbell River Prov,2007,0.0
Homicide,Central Kootenay,RCMP Municipal,Castlegar Mun,2007,0.0
Homicide,Central Kootenay,RCMP Provincial,Castlegar Prov,2007,0.0
Homicide,Capital,Independent Municipal,Central Saanich Mun,2007,0.0
Homicide,Thompson Nicola,RCMP Provincial,Chase Prov,2007,0.0
Homicide,Peace River,RCMP Provincial,Chetwynd Prov,2007,0.0
Homicide,Fraser Valley,RCMP Municipal,Chilliwack Mun,2007,2.0
Homicide,Fraser Valley,RCMP Provincial,Chilliwack Prov,2007,0.0
Homicide,Thompson Nicola,RCMP Provincial,Clearwater Prov,2007,0.0
Homicide,Thompson Nicola,RCMP Provincial,Clinton Prov,2007,0.0
Homicide,North Okanagan,RCMP Municipal,Coldstream Mun,2007,0.0
Homicide,East Kootenay,RCMP Provincial,Columbia Valley Prov,2007,0.0
Homicide,Capital,RCMP Municipal,Colwood Mun,2007,0.0
Homicide,Comox Valley,RCMP Municipal,Comox Mun,2007,0.0
Homicide,Comox Valley,RCMP Provincial,Comox Valley Prov,2007,0.0
Homicide,Metro Vancouver,RCMP Municipal,Coquitlam Mun,2007,1.0
Homicide,Metro Vancouver,RCMP Provincial,Coquitlam Prov,2007,0.0
Homicide,Comox Valley,RCMP Municipal,Courtenay Mun,2007,0.0
Homicide,East Kootenay,RCMP Municipal,Cranbrook Mun,2007,2.0
Homicide,East Kootenay,RCMP Provincial,Cranbrook Prov,2007,0.0
Homicide,Central Kootenay,RCMP Municipal,Creston Mun,2007,NA
Homicide,Central Kootenay,RCMP Provincial,Creston Prov,2007,0.0
Homicide,Peace River,RCMP Municipal,Dawson Creek Mun,2007,3.0
Homicide,Peace River,RCMP Provincial,Dawson Creek Prov,2007,0.0
Homicide,Kitimat Stikine,RCMP Provincial,Dease Lake Prov,2007,0.0
Homicide,Metro Vancouver,Independent Municipal,Delta Mun,2007,0.0
Homicide,Cowichan Valley,RCMP Provincial,Duncan Prov,2007,0.0
Homicide,East Kootenay,RCMP Provincial,Elk Valley Prov,2007,0.0
Homicide,North Okanagan,RCMP Provincial,Enderby Prov,2007,0.0
Homicide,Columbia Shuswap,RCMP Provincial,Falkland Prov,2007,0.0
Homicide,Bulkley Nechako,RCMP Provincial,Fort St James Prov,2007,0.0
Homicide,Peace River,RCMP Municipal,Fort St John Mun,2007,0.0
Homicide,Peace River,RCMP Provincial,Fort St John Prov,2007,0.0
Homicide,Bulkley Nechako,RCMP Provincial,Fraser Lake Prov,2007,0.0
Homicide,Nanaimo,RCMP Provincial,Gabriola Island Prov,2007,0.0
Homicide,Columbia Shuswap,RCMP Provincial,Golden Prov,2007,0.0
Homicide,Fraser Valley,RCMP Municipal,Hope Mun,2007,0.0
Homicide,Fraser Valley,RCMP Provincial,Hope  Prov,2007,0.0
Homicide,Bulkley Nechako,RCMP Provincial,Houston/Granisle Prov,2007,0.0
Homicide,Peace River,RCMP Provincial,Hudson's Hope Prov,2007,0.0
Homicide,Thompson Nicola,RCMP Municipal,Kamloops Mun,2007,1.0
Homicide,Central Kootenay,RCMP Provincial,Kaslo Prov,2007,0.0
Homicide,Central Okanagan,RCMP Municipal,Kelowna Mun,2007,2.0
Homicide,Central Okanagan,RCMP Provincial,Kelowna Prov,2007,1.0
Homicide,Fraser Valley,RCMP Municipal,Kent Mun,2007,NA
Homicide,Okanagan Similkameen,RCMP Provincial,Keremeos Prov,2007,0.0
Homicide,East Kootenay,RCMP Municipal,Kimberley Mun,2007,0.0
Homicide,East Kootenay,RCMP Provincial,Kimberley Prov,2007,0.0
Homicide,Kitimat Stikine,RCMP Municipal,Kitimat Mun,2007,0.0
Homicide,Kitimat Stikine,RCMP Provincial,Kitimat Prov,2007,0.0
Homicide,Cowichan Valley,RCMP Municipal,Ladysmith Mun,2007,0.0
Homicide,Cowichan Valley,RCMP Provincial,Ladysmith Prov,2007,0.0
Homicide,Central Okanagan,RCMP Municipal,Lake Country Mun,2007,0.0
Homicide,Cowichan Valley,RCMP Provincial,Lake Cowichan Prov,2007,0.0
Homicide,Capital,RCMP Municipal,Langford Mun,2007,0.0
Homicide,Metro Vancouver,RCMP Municipal,Langley City Mun,2007,0.0
Homicide,Metro Vancouver,RCMP Municipal,Langley Township Mun,2007,3.0
Homicide,Squamish Lillooet,RCMP Provincial,Lillooet Prov,2007,0.0
Homicide,Kitimat Stikine,RCMP Provincial,Lisims/Nass Valley Prov,2007,0.0
Homicide,Thompson Nicola,RCMP Provincial,Logan Lake Prov,2007,0.0
Homicide,North Okanagan,RCMP Provincial,Lumby Prov,2007,0.0
Homicide,Thompson Nicola,RCMP Provincial,Lytton Prov,2007,0.0
Homicide,Fraser Fort George,RCMP Provincial,Mackenzie Prov,2007,0.0
Homicide,Metro Vancouver,RCMP Municipal,Maple Ridge Mun,2007,2.0
Homicide,North Coast Regional District (22),RCMP Provincial,Masset Prov,2007,0.0
Homicide,Fraser Fort George,RCMP Provincial,McBride Prov,2007,0.0
Homicide,Thompson Nicola,RCMP Municipal,Merritt Mun,2007,0.0
Homicide,Thompson Nicola,RCMP Provincial,Merritt Prov,2007,0.0
Homicide,Fraser Valley,RCMP Municipal,Mission Mun,2007,1.0
Homicide,Fraser Valley,RCMP Provincial,Mission Prov,2007,0.0
Homicide,Central Kootenay,RCMP Provincial,Nakusp Prov,2007,0.0
Homicide,Nanaimo,RCMP Municipal,Nanaimo Mun,2007,1.0
Homicide,Nanaimo,RCMP Provincial,Nanaimo Prov,2007,0.0
Homicide,Central Kootenay,Independent Municipal,Nelson Mun,2007,0.0
Homicide,Central Kootenay,RCMP Provincial,Nelson Prov,2007,0.0
Homicide,Kitimat Stikine,RCMP Provincial,New Hazelton Prov,2007,0.0
Homicide,Metro Vancouver,Independent Municipal,New Westminster Mun,2007,2.0
Homicide,Strathcona,RCMP Provincial,Nootka Sound Prov,2007,0.0
Homicide,Cowichan Valley,RCMP Municipal,North Cowichan Mun,2007,0.0
Homicide,Capital,RCMP Municipal,North Saanich Mun,2007,0.0
Homicide,Metro Vancouver,RCMP Municipal,North Vancouver City Mun,2007,0.0
Homicide,Metro Vancouver,RCMP Municipal,North Vancouver District Mun,2007,0.0
Homicide,Metro Vancouver,RCMP Provincial,North Vancouver Prov,2007,0.0
Homicide,Northern Rockies,RCMP Municipal,Northern Rockies Mun,2007,NA
Homicide,Northern Rockies,RCMP Provincial,Northern Rockies Prov,2007,1.0
Homicide,Capital,Independent Municipal,Oak Bay Mun,2007,4.0
Homicide,Nanaimo,RCMP Provincial,Oceanside Prov,2007,0.0
Homicide,Cariboo,RCMP Provincial,One Hundred Mile House Prov,2007,0.0
Homicide,Capital,RCMP Provincial,Outer Gulf  Islands Prov,2007,0.0
Homicide,Nanaimo,RCMP Municipal,Parksville Mun,2007,0.0
Homicide,Central Okanagan,RCMP Municipal,Peachland Mun,2007,NA
Homicide,Squamish Lillooet,RCMP Provincial,Pemberton Prov,2007,0.0
Homicide,Okanagan Similkameen,RCMP Municipal,Penticton Mun,2007,1.0
Homicide,Okanagan Similkameen,RCMP Provincial,Penticton Prov,2007,0.0
Homicide,Metro Vancouver,RCMP Municipal,Pitt Meadows Mun,2007,0.0
Homicide,Alberni Clayoquot,RCMP Municipal,Port Alberni Mun,2007,0.0
Homicide,Alberni Clayoquot,RCMP Provincial,Port Alberni Prov,2007,0.0
Homicide,Mount Waddington,RCMP Provincial,Port Alice Prov,2007,0.0
Homicide,Metro Vancouver,RCMP Municipal,Port Coquitlam Mun,2007,5.0
Homicide,Mount Waddington,RCMP Provincial,Port Hardy Prov,2007,0.0
Homicide,Mount Waddington,RCMP Provincial,Port McNeill Prov,2007,0.0
Homicide,Metro Vancouver,Independent Municipal,Port Moody Mun,2007,0.0
Homicide,Powell River,RCMP Municipal,Powell River Mun,2007,0.0
Homicide,Powell River,RCMP Provincial,Powell River Prov,2007,0.0
Homicide,Fraser Fort George,RCMP Municipal,Prince George Mun,2007,1.0
Homicide,Fraser Fort George,RCMP Provincial,Prince George Prov,2007,0.0
Homicide,North Coast Regional District (22),RCMP Municipal,Prince Rupert Mun,2007,0.0
Homicide,North Coast Regional District (22),RCMP Provincial,Prince Rupert Prov,2007,0.0
Homicide,Okanagan Similkameen,RCMP Provincial,Princeton Prov,2007,0.0
Homicide,Strathcona,RCMP Provincial,Quadra Island Prov,2007,0.0
Homicide,Nanaimo,RCMP Municipal,Qualicum Beach Mun,2007,0.0
Homicide,North Coast Regional District (22),RCMP Provincial,Queen Charlotte Prov,2007,0.0
Homicide,Cariboo,RCMP Municipal,Quesnel Mun,2007,0.0
Homicide,Cariboo,RCMP Provincial,Quesnel Prov,2007,0.0
Homicide,Columbia Shuswap,RCMP Municipal,Revelstoke Mun,2007,0.0
Homicide,Columbia Shuswap,RCMP Provincial,Revelstoke Prov,2007,0.0
Homicide,Metro Vancouver,RCMP Municipal,Richmond Mun,2007,2.0
Homicide,Metro Vancouver,RCMP Provincial,Ridge Meadows Prov,2007,1.0
Homicide,Capital,Independent Municipal,Saanich Mun,2007,0.0
Homicide,Central Kootenay,RCMP Provincial,Salmo Prov,2007,0.0
Homicide,Columbia Shuswap,RCMP Municipal,Salmon Arm Mun,2007,0.0
Homicide,Columbia Shuswap,RCMP Provincial,Salmon Arm Prov,2007,0.0
Homicide,Capital,RCMP Provincial,Saltspring Island Prov,2007,1.0
Homicide,Strathcona,RCMP Provincial,Sayward Prov,2007,0.0
Homicide,Sunshine Coast,RCMP Municipal,Sechelt Mun,2007,0.0
Homicide,Cowichan Valley,RCMP Provincial,Shawnigan Lake Prov,2007,1.0
Homicide,Columbia Shuswap,RCMP Provincial,Sicamous Prov,2007,0.0
Homicide,Capital,RCMP Municipal,Sidney Mun,2007,0.0
Homicide,Capital,RCMP Provincial,Sidney Prov,2007,0.0
Homicide,Central Kootenay,RCMP Provincial,Slocan Lake Prov,2007,0.0
Homicide,Bulkley Nechako,RCMP Municipal,Smithers Mun,2007,0.0
Homicide,Bulkley Nechako,RCMP Provincial,Smithers Prov,2007,0.0
Homicide,Capital,RCMP Municipal,Sooke Mun,2007,0.0
Homicide,Capital,RCMP Provincial,Sooke Prov,2007,0.0
Homicide,Okanagan Similkameen,RCMP Provincial,South Okanagan/Oliver,2007,0.0
Homicide,Okanagan Similkameen,RCMP Provincial,South Okanagan/Osoyoos,2007,1.0
Homicide,North Okanagan,RCMP Municipal,Spallumcheen Mun,2007,NA
Homicide,Squamish Lillooet,RCMP Municipal,Squamish Mun,2007,1.0
Homicide,Squamish Lillooet,RCMP Provincial,Squamish Prov,2007,0.0
Homicide,Kitimat Stikine,RCMP Provincial,Stewart Prov,2007,0.0
Homicide,Squamish Lillooet,First Nations Aboriginal Police Service,Stl'atl'imx FNAPS,2007,0.0
Homicide,Okanagan Similkameen,RCMP Municipal,Summerland Mun,2007,0.0
Homicide,Sunshine Coast,RCMP Provincial,Sunshine Coast Prov,2007,0.0
Homicide,Metro Vancouver,RCMP Municipal,Surrey Mun,2007,14.0
Homicide,Bulkley Nechako,RCMP Provincial,Takla Landing Prov,2007,0.0
Homicide,Kitimat Stikine,RCMP Municipal,Terrace Mun,2007,0.0
Homicide,Kitimat Stikine,RCMP Provincial,Terrace Prov,2007,0.0
Homicide,Powell River,RCMP Provincial,Texada Island Prov,2007,0.0
Homicide,Thompson Nicola,RCMP Provincial,T'Kumlups Prov,2007,2.0
Homicide,Alberni Clayoquot,RCMP Provincial,Tofino Prov,2007,0.0
Homicide,Kootenay Boundary,RCMP Municipal,Trail Mun,2007,0.0
Homicide,Kootenay Boundary,RCMP Provincial,Trail and Greater District,2007,0.0
Homicide,Fraser Fort George,RCMP Provincial,Tsay Keh Dene Prov,2007,0.0
Homicide,Peace River,RCMP Provincial,Tumbler Ridge Prov,2007,0.0
Homicide,Alberni Clayoquot,RCMP Provincial,Ucluelet Prov,2007,0.0
Homicide,Metro Vancouver,RCMP Provincial,University Prov,2007,0.0
Homicide,Fraser Fort George,RCMP Provincial,Valemount Prov,2007,0.0
Homicide,Metro Vancouver,Independent Municipal,Vancouver Mun,2007,22.0
Homicide,Bulkley Nechako,RCMP Provincial,Vanderhoof Prov,2007,0.0
Homicide,North Okanagan,RCMP Municipal,Vernon Mun,2007,1.0
Homicide,North Okanagan,RCMP Provincial,Vernon Prov,2007,0.0
Homicide,Capital,Independent Municipal,Victoria Mun,2007,0.0
Homicide,Capital,RCMP Municipal,View Royal Mun,2007,0.0
Homicide,Cariboo,RCMP Provincial,Wells Prov,2007,0.0
Homicide,Central Okanagan,RCMP Municipal,West Kelowna Mun,2007,NA
Homicide,Capital,RCMP Provincial,West Shore Prov,2007,0.0
Homicide,Metro Vancouver,Independent Municipal,West Vancouver Mun,2007,0.0
Homicide,Squamish Lillooet,RCMP Municipal,Whistler Mun,2007,0.0
Homicide,Squamish Lillooet,RCMP Provincial,Whistler Prov,2007,1.0
Homicide,Metro Vancouver,RCMP Municipal,White Rock Mun,2007,0.0
Homicide,Cariboo,RCMP Municipal,Williams Lake Mun,2007,0.0
Homicide,Cariboo,RCMP Provincial,Williams Lake Prov,2007,0.0
Motor Vehicle Theft,Fraser Valley,Independent Municipal,Abbotsford Mun,2007,1331.0
Motor Vehicle Theft,Fraser Valley,RCMP Provincial,Agassiz Prov,2007,88.0
Motor Vehicle Theft,Mount Waddington,RCMP Provincial,Alert Bay Prov,2007,1.0
Motor Vehicle Theft,Cariboo,RCMP Provincial,Alexis Creek Prov,2007,30.0
Motor Vehicle Theft,Cariboo,RCMP Provincial,Anahim Lake Prov,2007,3.0
Motor Vehicle Theft,North Okanagan,RCMP Provincial,Armstrong Prov,2007,39.0
Motor Vehicle Theft,Thompson Nicola,RCMP Provincial,Ashcroft Prov,2007,20.0
Motor Vehicle Theft,Kitimat Stikine,RCMP Provincial,Atlin Prov,2007,1.0
Motor Vehicle Theft,Thompson Nicola,RCMP Provincial,Barriere Prov,2007,7.0
Motor Vehicle Theft,Central Coast,RCMP Provincial,Bella Bella Prov,2007,2.0
Motor Vehicle Theft,Central Coast,RCMP Provincial,Bella Coola Prov,2007,11.0
Motor Vehicle Theft,Fraser Valley,RCMP Provincial,Boston Bar Prov,2007,4.0
Motor Vehicle Theft,Kootenay Boundary,RCMP Provincial,Boundary/Grand Forks Prov,2007,30.0
Motor Vehicle Theft,Kootenay Boundary,RCMP Provincial,Boundary/Midway Prov,2007,16.0
Motor Vehicle Theft,Metro Vancouver,RCMP Provincial,Bowen Island Prov,2007,7.0
Motor Vehicle Theft,Metro Vancouver,RCMP Municipal,Burnaby Mun,2007,1616.0
Motor Vehicle Theft,Bulkley Nechako,RCMP Provincial,Burns Lake Prov,2007,15.0
Motor Vehicle Theft,Strathcona,RCMP Municipal,Campbell River Mun,2007,169.0
Motor Vehicle Theft,Strathcona,RCMP Provincial,Campbell River Prov,2007,15.0
Motor Vehicle Theft,Central Kootenay,RCMP Municipal,Castlegar Mun,2007,19.0
Motor Vehicle Theft,Central Kootenay,RCMP Provincial,Castlegar Prov,2007,8.0
Motor Vehicle Theft,Capital,Independent Municipal,Central Saanich Mun,2007,19.0
Motor Vehicle Theft,Thompson Nicola,RCMP Provincial,Chase Prov,2007,76.0
Motor Vehicle Theft,Peace River,RCMP Provincial,Chetwynd Prov,2007,52.0
Motor Vehicle Theft,Fraser Valley,RCMP Municipal,Chilliwack Mun,2007,730.0
Motor Vehicle Theft,Fraser Valley,RCMP Provincial,Chilliwack Prov,2007,47.0
Motor Vehicle Theft,Thompson Nicola,RCMP Provincial,Clearwater Prov,2007,10.0
Motor Vehicle Theft,Thompson Nicola,RCMP Provincial,Clinton Prov,2007,6.0
Motor Vehicle Theft,North Okanagan,RCMP Municipal,Coldstream Mun,2007,32.0
Motor Vehicle Theft,East Kootenay,RCMP Provincial,Columbia Valley Prov,2007,41.0
Motor Vehicle Theft,Capital,RCMP Municipal,Colwood Mun,2007,67.0
Motor Vehicle Theft,Comox Valley,RCMP Municipal,Comox Mun,2007,14.0
Motor Vehicle Theft,Comox Valley,RCMP Provincial,Comox Valley Prov,2007,79.0
Motor Vehicle Theft,Metro Vancouver,RCMP Municipal,Coquitlam Mun,2007,702.0
Motor Vehicle Theft,Metro Vancouver,RCMP Provincial,Coquitlam Prov,2007,4.0
Motor Vehicle Theft,Comox Valley,RCMP Municipal,Courtenay Mun,2007,122.0
Motor Vehicle Theft,East Kootenay,RCMP Municipal,Cranbrook Mun,2007,82.0
Motor Vehicle Theft,East Kootenay,RCMP Provincial,Cranbrook Prov,2007,22.0
Motor Vehicle Theft,Central Kootenay,RCMP Municipal,Creston Mun,2007,NA
Motor Vehicle Theft,Central Kootenay,RCMP Provincial,Creston Prov,2007,26.0
Motor Vehicle Theft,Peace River,RCMP Municipal,Dawson Creek Mun,2007,103.0
Motor Vehicle Theft,Peace River,RCMP Provincial,Dawson Creek Prov,2007,37.0
Motor Vehicle Theft,Kitimat Stikine,RCMP Provincial,Dease Lake Prov,2007,2.0
Motor Vehicle Theft,Metro Vancouver,Independent Municipal,Delta Mun,2007,392.0
Motor Vehicle Theft,Cowichan Valley,RCMP Provincial,Duncan Prov,2007,103.0
Motor Vehicle Theft,East Kootenay,RCMP Provincial,Elk Valley Prov,2007,62.0
Motor Vehicle Theft,North Okanagan,RCMP Provincial,Enderby Prov,2007,45.0
Motor Vehicle Theft,Columbia Shuswap,RCMP Provincial,Falkland Prov,2007,19.0
Motor Vehicle Theft,Bulkley Nechako,RCMP Provincial,Fort St James Prov,2007,16.0
Motor Vehicle Theft,Peace River,RCMP Municipal,Fort St John Mun,2007,189.0
Motor Vehicle Theft,Peace River,RCMP Provincial,Fort St John Prov,2007,79.0
Motor Vehicle Theft,Bulkley Nechako,RCMP Provincial,Fraser Lake Prov,2007,8.0
Motor Vehicle Theft,Nanaimo,RCMP Provincial,Gabriola Island Prov,2007,8.0
Motor Vehicle Theft,Columbia Shuswap,RCMP Provincial,Golden Prov,2007,35.0
Motor Vehicle Theft,Fraser Valley,RCMP Municipal,Hope Mun,2007,80.0
Motor Vehicle Theft,Fraser Valley,RCMP Provincial,Hope  Prov,2007,9.0
Motor Vehicle Theft,Bulkley Nechako,RCMP Provincial,Houston/Granisle Prov,2007,16.0
Motor Vehicle Theft,Peace River,RCMP Provincial,Hudson's Hope Prov,2007,2.0
Motor Vehicle Theft,Thompson Nicola,RCMP Municipal,Kamloops Mun,2007,823.0
Motor Vehicle Theft,Central Kootenay,RCMP Provincial,Kaslo Prov,2007,6.0
Motor Vehicle Theft,Central Okanagan,RCMP Municipal,Kelowna Mun,2007,831.0
Motor Vehicle Theft,Central Okanagan,RCMP Provincial,Kelowna Prov,2007,268.0
Motor Vehicle Theft,Fraser Valley,RCMP Municipal,Kent Mun,2007,NA
Motor Vehicle Theft,Okanagan Similkameen,RCMP Provincial,Keremeos Prov,2007,12.0
Motor Vehicle Theft,East Kootenay,RCMP Municipal,Kimberley Mun,2007,10.0
Motor Vehicle Theft,East Kootenay,RCMP Provincial,Kimberley Prov,2007,3.0
Motor Vehicle Theft,Kitimat Stikine,RCMP Municipal,Kitimat Mun,2007,11.0
Motor Vehicle Theft,Kitimat Stikine,RCMP Provincial,Kitimat Prov,2007,0.0
Motor Vehicle Theft,Cowichan Valley,RCMP Municipal,Ladysmith Mun,2007,36.0
Motor Vehicle Theft,Cowichan Valley,RCMP Provincial,Ladysmith Prov,2007,23.0
Motor Vehicle Theft,Central Okanagan,RCMP Municipal,Lake Country Mun,2007,69.0
Motor Vehicle Theft,Cowichan Valley,RCMP Provincial,Lake Cowichan Prov,2007,30.0
Motor Vehicle Theft,Capital,RCMP Municipal,Langford Mun,2007,154.0
Motor Vehicle Theft,Metro Vancouver,RCMP Municipal,Langley City Mun,2007,236.0
Motor Vehicle Theft,Metro Vancouver,RCMP Municipal,Langley Township Mun,2007,896.0
Motor Vehicle Theft,Squamish Lillooet,RCMP Provincial,Lillooet Prov,2007,14.0
Motor Vehicle Theft,Kitimat Stikine,RCMP Provincial,Lisims/Nass Valley Prov,2007,4.0
Motor Vehicle Theft,Thompson Nicola,RCMP Provincial,Logan Lake Prov,2007,15.0
Motor Vehicle Theft,North Okanagan,RCMP Provincial,Lumby Prov,2007,20.0
Motor Vehicle Theft,Thompson Nicola,RCMP Provincial,Lytton Prov,2007,9.0
Motor Vehicle Theft,Fraser Fort George,RCMP Provincial,Mackenzie Prov,2007,27.0
Motor Vehicle Theft,Metro Vancouver,RCMP Municipal,Maple Ridge Mun,2007,710.0
Motor Vehicle Theft,North Coast Regional District (22),RCMP Provincial,Masset Prov,2007,5.0
Motor Vehicle Theft,Fraser Fort George,RCMP Provincial,McBride Prov,2007,10.0
Motor Vehicle Theft,Thompson Nicola,RCMP Municipal,Merritt Mun,2007,60.0
Motor Vehicle Theft,Thompson Nicola,RCMP Provincial,Merritt Prov,2007,22.0
Motor Vehicle Theft,Fraser Valley,RCMP Municipal,Mission Mun,2007,358.0
Motor Vehicle Theft,Fraser Valley,RCMP Provincial,Mission Prov,2007,48.0
Motor Vehicle Theft,Central Kootenay,RCMP Provincial,Nakusp Prov,2007,5.0
Motor Vehicle Theft,Nanaimo,RCMP Municipal,Nanaimo Mun,2007,743.0
Motor Vehicle Theft,Nanaimo,RCMP Provincial,Nanaimo Prov,2007,51.0
Motor Vehicle Theft,Central Kootenay,Independent Municipal,Nelson Mun,2007,26.0
Motor Vehicle Theft,Central Kootenay,RCMP Provincial,Nelson Prov,2007,16.0
Motor Vehicle Theft,Kitimat Stikine,RCMP Provincial,New Hazelton Prov,2007,3.0
Motor Vehicle Theft,Metro Vancouver,Independent Municipal,New Westminster Mun,2007,484.0
Motor Vehicle Theft,Strathcona,RCMP Provincial,Nootka Sound Prov,2007,4.0
Motor Vehicle Theft,Cowichan Valley,RCMP Municipal,North Cowichan Mun,2007,158.0
Motor Vehicle Theft,Capital,RCMP Municipal,North Saanich Mun,2007,12.0
Motor Vehicle Theft,Metro Vancouver,RCMP Municipal,North Vancouver City Mun,2007,157.0
Motor Vehicle Theft,Metro Vancouver,RCMP Municipal,North Vancouver District Mun,2007,147.0
Motor Vehicle Theft,Metro Vancouver,RCMP Provincial,North Vancouver Prov,2007,13.0
Motor Vehicle Theft,Northern Rockies,RCMP Municipal,Northern Rockies Mun,2007,NA
Motor Vehicle Theft,Northern Rockies,RCMP Provincial,Northern Rockies Prov,2007,53.0
Motor Vehicle Theft,Capital,Independent Municipal,Oak Bay Mun,2007,27.0
Motor Vehicle Theft,Nanaimo,RCMP Provincial,Oceanside Prov,2007,63.0
Motor Vehicle Theft,Cariboo,RCMP Provincial,One Hundred Mile House Prov,2007,45.0
Motor Vehicle Theft,Capital,RCMP Provincial,Outer Gulf  Islands Prov,2007,4.0
Motor Vehicle Theft,Nanaimo,RCMP Municipal,Parksville Mun,2007,39.0
Motor Vehicle Theft,Central Okanagan,RCMP Municipal,Peachland Mun,2007,NA
Motor Vehicle Theft,Squamish Lillooet,RCMP Provincial,Pemberton Prov,2007,7.0
Motor Vehicle Theft,Okanagan Similkameen,RCMP Municipal,Penticton Mun,2007,345.0
Motor Vehicle Theft,Okanagan Similkameen,RCMP Provincial,Penticton Prov,2007,74.0
Motor Vehicle Theft,Metro Vancouver,RCMP Municipal,Pitt Meadows Mun,2007,148.0
Motor Vehicle Theft,Alberni Clayoquot,RCMP Municipal,Port Alberni Mun,2007,116.0
Motor Vehicle Theft,Alberni Clayoquot,RCMP Provincial,Port Alberni Prov,2007,39.0
Motor Vehicle Theft,Mount Waddington,RCMP Provincial,Port Alice Prov,2007,3.0
Motor Vehicle Theft,Metro Vancouver,RCMP Municipal,Port Coquitlam Mun,2007,332.0
Motor Vehicle Theft,Mount Waddington,RCMP Provincial,Port Hardy Prov,2007,16.0
Motor Vehicle Theft,Mount Waddington,RCMP Provincial,Port McNeill Prov,2007,18.0
Motor Vehicle Theft,Metro Vancouver,Independent Municipal,Port Moody Mun,2007,77.0
Motor Vehicle Theft,Powell River,RCMP Municipal,Powell River Mun,2007,22.0
Motor Vehicle Theft,Powell River,RCMP Provincial,Powell River Prov,2007,7.0
Motor Vehicle Theft,Fraser Fort George,RCMP Municipal,Prince George Mun,2007,965.0
Motor Vehicle Theft,Fraser Fort George,RCMP Provincial,Prince George Prov,2007,66.0
Motor Vehicle Theft,North Coast Regional District (22),RCMP Municipal,Prince Rupert Mun,2007,21.0
Motor Vehicle Theft,North Coast Regional District (22),RCMP Provincial,Prince Rupert Prov,2007,1.0
Motor Vehicle Theft,Okanagan Similkameen,RCMP Provincial,Princeton Prov,2007,27.0
Motor Vehicle Theft,Strathcona,RCMP Provincial,Quadra Island Prov,2007,3.0
Motor Vehicle Theft,Nanaimo,RCMP Municipal,Qualicum Beach Mun,2007,36.0
Motor Vehicle Theft,North Coast Regional District (22),RCMP Provincial,Queen Charlotte Prov,2007,4.0
Motor Vehicle Theft,Cariboo,RCMP Municipal,Quesnel Mun,2007,97.0
Motor Vehicle Theft,Cariboo,RCMP Provincial,Quesnel Prov,2007,60.0
Motor Vehicle Theft,Columbia Shuswap,RCMP Municipal,Revelstoke Mun,2007,27.0
Motor Vehicle Theft,Columbia Shuswap,RCMP Provincial,Revelstoke Prov,2007,1.0
Motor Vehicle Theft,Metro Vancouver,RCMP Municipal,Richmond Mun,2007,656.0
Motor Vehicle Theft,Metro Vancouver,RCMP Provincial,Ridge Meadows Prov,2007,3.0
Motor Vehicle Theft,Capital,Independent Municipal,Saanich Mun,2007,243.0
Motor Vehicle Theft,Central Kootenay,RCMP Provincial,Salmo Prov,2007,18.0
Motor Vehicle Theft,Columbia Shuswap,RCMP Municipal,Salmon Arm Mun,2007,101.0
Motor Vehicle Theft,Columbia Shuswap,RCMP Provincial,Salmon Arm Prov,2007,28.0
Motor Vehicle Theft,Capital,RCMP Provincial,Saltspring Island Prov,2007,10.0
Motor Vehicle Theft,Strathcona,RCMP Provincial,Sayward Prov,2007,1.0
Motor Vehicle Theft,Sunshine Coast,RCMP Municipal,Sechelt Mun,2007,16.0
Motor Vehicle Theft,Cowichan Valley,RCMP Provincial,Shawnigan Lake Prov,2007,62.0
Motor Vehicle Theft,Columbia Shuswap,RCMP Provincial,Sicamous Prov,2007,21.0
Motor Vehicle Theft,Capital,RCMP Municipal,Sidney Mun,2007,16.0
Motor Vehicle Theft,Capital,RCMP Provincial,Sidney Prov,2007,13.0
Motor Vehicle Theft,Central Kootenay,RCMP Provincial,Slocan Lake Prov,2007,7.0
Motor Vehicle Theft,Bulkley Nechako,RCMP Municipal,Smithers Mun,2007,20.0
Motor Vehicle Theft,Bulkley Nechako,RCMP Provincial,Smithers Prov,2007,16.0
Motor Vehicle Theft,Capital,RCMP Municipal,Sooke Mun,2007,29.0
Motor Vehicle Theft,Capital,RCMP Provincial,Sooke Prov,2007,9.0
Motor Vehicle Theft,Okanagan Similkameen,RCMP Provincial,South Okanagan/Oliver,2007,70.0
Motor Vehicle Theft,Okanagan Similkameen,RCMP Provincial,South Okanagan/Osoyoos,2007,49.0
Motor Vehicle Theft,North Okanagan,RCMP Municipal,Spallumcheen Mun,2007,NA
Motor Vehicle Theft,Squamish Lillooet,RCMP Municipal,Squamish Mun,2007,49.0
Motor Vehicle Theft,Squamish Lillooet,RCMP Provincial,Squamish Prov,2007,7.0
Motor Vehicle Theft,Kitimat Stikine,RCMP Provincial,Stewart Prov,2007,2.0
Motor Vehicle Theft,Squamish Lillooet,First Nations Aboriginal Police Service,Stl'atl'imx FNAPS,2007,9.0
Motor Vehicle Theft,Okanagan Similkameen,RCMP Municipal,Summerland Mun,2007,36.0
Motor Vehicle Theft,Sunshine Coast,RCMP Provincial,Sunshine Coast Prov,2007,36.0
Motor Vehicle Theft,Metro Vancouver,RCMP Municipal,Surrey Mun,2007,4231.0
Motor Vehicle Theft,Bulkley Nechako,RCMP Provincial,Takla Landing Prov,2007,2.0
Motor Vehicle Theft,Kitimat Stikine,RCMP Municipal,Terrace Mun,2007,37.0
Motor Vehicle Theft,Kitimat Stikine,RCMP Provincial,Terrace Prov,2007,25.0
Motor Vehicle Theft,Powell River,RCMP Provincial,Texada Island Prov,2007,0.0
Motor Vehicle Theft,Thompson Nicola,RCMP Provincial,T'Kumlups Prov,2007,85.0
Motor Vehicle Theft,Alberni Clayoquot,RCMP Provincial,Tofino Prov,2007,22.0
Motor Vehicle Theft,Kootenay Boundary,RCMP Municipal,Trail Mun,2007,21.0
Motor Vehicle Theft,Kootenay Boundary,RCMP Provincial,Trail and Greater District,2007,14.0
Motor Vehicle Theft,Fraser Fort George,RCMP Provincial,Tsay Keh Dene Prov,2007,4.0
Motor Vehicle Theft,Peace River,RCMP Provincial,Tumbler Ridge Prov,2007,16.0
Motor Vehicle Theft,Alberni Clayoquot,RCMP Provincial,Ucluelet Prov,2007,10.0
Motor Vehicle Theft,Metro Vancouver,RCMP Provincial,University Prov,2007,32.0
Motor Vehicle Theft,Fraser Fort George,RCMP Provincial,Valemount Prov,2007,7.0
Motor Vehicle Theft,Metro Vancouver,Independent Municipal,Vancouver Mun,2007,3321.0
Motor Vehicle Theft,Bulkley Nechako,RCMP Provincial,Vanderhoof Prov,2007,45.0
Motor Vehicle Theft,North Okanagan,RCMP Municipal,Vernon Mun,2007,315.0
Motor Vehicle Theft,North Okanagan,RCMP Provincial,Vernon Prov,2007,40.0
Motor Vehicle Theft,Capital,Independent Municipal,Victoria Mun,2007,564.0
Motor Vehicle Theft,Capital,RCMP Municipal,View Royal Mun,2007,31.0
Motor Vehicle Theft,Cariboo,RCMP Provincial,Wells Prov,2007,0.0
Motor Vehicle Theft,Central Okanagan,RCMP Municipal,West Kelowna Mun,2007,NA
Motor Vehicle Theft,Capital,RCMP Provincial,West Shore Prov,2007,17.0
Motor Vehicle Theft,Metro Vancouver,Independent Municipal,West Vancouver Mun,2007,89.0
Motor Vehicle Theft,Squamish Lillooet,RCMP Municipal,Whistler Mun,2007,54.0
Motor Vehicle Theft,Squamish Lillooet,RCMP Provincial,Whistler Prov,2007,9.0
Motor Vehicle Theft,Metro Vancouver,RCMP Municipal,White Rock Mun,2007,77.0
Motor Vehicle Theft,Cariboo,RCMP Municipal,Williams Lake Mun,2007,278.0
Motor Vehicle Theft,Cariboo,RCMP Provincial,Williams Lake Prov,2007,61.0
Administration of Justice Offenses,Fraser Valley,Independent Municipal,Abbotsford Mun,2007,345.0
Administration of Justice Offenses,Fraser Valley,RCMP Provincial,Agassiz Prov,2007,17.0
Administration of Justice Offenses,Mount Waddington,RCMP Provincial,Alert Bay Prov,2007,19.0
Administration of Justice Offenses,Cariboo,RCMP Provincial,Alexis Creek Prov,2007,38.0
Administration of Justice Offenses,Cariboo,RCMP Provincial,Anahim Lake Prov,2007,64.0
Administration of Justice Offenses,North Okanagan,RCMP Provincial,Armstrong Prov,2007,4.0
Administration of Justice Offenses,Thompson Nicola,RCMP Provincial,Ashcroft Prov,2007,34.0
Administration of Justice Offenses,Kitimat Stikine,RCMP Provincial,Atlin Prov,2007,4.0
Administration of Justice Offenses,Thompson Nicola,RCMP Provincial,Barriere Prov,2007,20.0
Administration of Justice Offenses,Central Coast,RCMP Provincial,Bella Bella Prov,2007,23.0
Administration of Justice Offenses,Central Coast,RCMP Provincial,Bella Coola Prov,2007,34.0
Administration of Justice Offenses,Fraser Valley,RCMP Provincial,Boston Bar Prov,2007,1.0
Administration of Justice Offenses,Kootenay Boundary,RCMP Provincial,Boundary/Grand Forks Prov,2007,32.0
Administration of Justice Offenses,Kootenay Boundary,RCMP Provincial,Boundary/Midway Prov,2007,4.0
Administration of Justice Offenses,Metro Vancouver,RCMP Provincial,Bowen Island Prov,2007,0.0
Administration of Justice Offenses,Metro Vancouver,RCMP Municipal,Burnaby Mun,2007,210.0
Administration of Justice Offenses,Bulkley Nechako,RCMP Provincial,Burns Lake Prov,2007,172.0
Administration of Justice Offenses,Strathcona,RCMP Municipal,Campbell River Mun,2007,253.0
Administration of Justice Offenses,Strathcona,RCMP Provincial,Campbell River Prov,2007,23.0
Administration of Justice Offenses,Central Kootenay,RCMP Municipal,Castlegar Mun,2007,31.0
Administration of Justice Offenses,Central Kootenay,RCMP Provincial,Castlegar Prov,2007,3.0
Administration of Justice Offenses,Capital,Independent Municipal,Central Saanich Mun,2007,12.0
Administration of Justice Offenses,Thompson Nicola,RCMP Provincial,Chase Prov,2007,32.0
Administration of Justice Offenses,Peace River,RCMP Provincial,Chetwynd Prov,2007,75.0
Administration of Justice Offenses,Fraser Valley,RCMP Municipal,Chilliwack Mun,2007,234.0
Administration of Justice Offenses,Fraser Valley,RCMP Provincial,Chilliwack Prov,2007,19.0
Administration of Justice Offenses,Thompson Nicola,RCMP Provincial,Clearwater Prov,2007,15.0
Administration of Justice Offenses,Thompson Nicola,RCMP Provincial,Clinton Prov,2007,4.0
Administration of Justice Offenses,North Okanagan,RCMP Municipal,Coldstream Mun,2007,16.0
Administration of Justice Offenses,East Kootenay,RCMP Provincial,Columbia Valley Prov,2007,80.0
Administration of Justice Offenses,Capital,RCMP Municipal,Colwood Mun,2007,18.0
Administration of Justice Offenses,Comox Valley,RCMP Municipal,Comox Mun,2007,21.0
Administration of Justice Offenses,Comox Valley,RCMP Provincial,Comox Valley Prov,2007,52.0
Administration of Justice Offenses,Metro Vancouver,RCMP Municipal,Coquitlam Mun,2007,240.0
Administration of Justice Offenses,Metro Vancouver,RCMP Provincial,Coquitlam Prov,2007,1.0
Administration of Justice Offenses,Comox Valley,RCMP Municipal,Courtenay Mun,2007,188.0
Administration of Justice Offenses,East Kootenay,RCMP Municipal,Cranbrook Mun,2007,85.0
Administration of Justice Offenses,East Kootenay,RCMP Provincial,Cranbrook Prov,2007,8.0
Administration of Justice Offenses,Central Kootenay,RCMP Municipal,Creston Mun,2007,NA
Administration of Justice Offenses,Central Kootenay,RCMP Provincial,Creston Prov,2007,41.0
Administration of Justice Offenses,Peace River,RCMP Municipal,Dawson Creek Mun,2007,189.0
Administration of Justice Offenses,Peace River,RCMP Provincial,Dawson Creek Prov,2007,15.0
Administration of Justice Offenses,Kitimat Stikine,RCMP Provincial,Dease Lake Prov,2007,19.0
Administration of Justice Offenses,Metro Vancouver,Independent Municipal,Delta Mun,2007,169.0
Administration of Justice Offenses,Cowichan Valley,RCMP Provincial,Duncan Prov,2007,86.0
Administration of Justice Offenses,East Kootenay,RCMP Provincial,Elk Valley Prov,2007,41.0
Administration of Justice Offenses,North Okanagan,RCMP Provincial,Enderby Prov,2007,28.0
Administration of Justice Offenses,Columbia Shuswap,RCMP Provincial,Falkland Prov,2007,15.0
Administration of Justice Offenses,Bulkley Nechako,RCMP Provincial,Fort St James Prov,2007,169.0
Administration of Justice Offenses,Peace River,RCMP Municipal,Fort St John Mun,2007,260.0
Administration of Justice Offenses,Peace River,RCMP Provincial,Fort St John Prov,2007,41.0
Administration of Justice Offenses,Bulkley Nechako,RCMP Provincial,Fraser Lake Prov,2007,18.0
Administration of Justice Offenses,Nanaimo,RCMP Provincial,Gabriola Island Prov,2007,4.0
Administration of Justice Offenses,Columbia Shuswap,RCMP Provincial,Golden Prov,2007,21.0
Administration of Justice Offenses,Fraser Valley,RCMP Municipal,Hope Mun,2007,49.0
Administration of Justice Offenses,Fraser Valley,RCMP Provincial,Hope  Prov,2007,6.0
Administration of Justice Offenses,Bulkley Nechako,RCMP Provincial,Houston/Granisle Prov,2007,58.0
Administration of Justice Offenses,Peace River,RCMP Provincial,Hudson's Hope Prov,2007,4.0
Administration of Justice Offenses,Thompson Nicola,RCMP Municipal,Kamloops Mun,2007,592.0
Administration of Justice Offenses,Central Kootenay,RCMP Provincial,Kaslo Prov,2007,2.0
Administration of Justice Offenses,Central Okanagan,RCMP Municipal,Kelowna Mun,2007,588.0
Administration of Justice Offenses,Central Okanagan,RCMP Provincial,Kelowna Prov,2007,145.0
Administration of Justice Offenses,Fraser Valley,RCMP Municipal,Kent Mun,2007,NA
Administration of Justice Offenses,Okanagan Similkameen,RCMP Provincial,Keremeos Prov,2007,11.0
Administration of Justice Offenses,East Kootenay,RCMP Municipal,Kimberley Mun,2007,14.0
Administration of Justice Offenses,East Kootenay,RCMP Provincial,Kimberley Prov,2007,6.0
Administration of Justice Offenses,Kitimat Stikine,RCMP Municipal,Kitimat Mun,2007,104.0
Administration of Justice Offenses,Kitimat Stikine,RCMP Provincial,Kitimat Prov,2007,6.0
Administration of Justice Offenses,Cowichan Valley,RCMP Municipal,Ladysmith Mun,2007,8.0
Administration of Justice Offenses,Cowichan Valley,RCMP Provincial,Ladysmith Prov,2007,11.0
Administration of Justice Offenses,Central Okanagan,RCMP Municipal,Lake Country Mun,2007,31.0
Administration of Justice Offenses,Cowichan Valley,RCMP Provincial,Lake Cowichan Prov,2007,15.0
Administration of Justice Offenses,Capital,RCMP Municipal,Langford Mun,2007,45.0
Administration of Justice Offenses,Metro Vancouver,RCMP Municipal,Langley City Mun,2007,79.0
Administration of Justice Offenses,Metro Vancouver,RCMP Municipal,Langley Township Mun,2007,115.0
Administration of Justice Offenses,Squamish Lillooet,RCMP Provincial,Lillooet Prov,2007,26.0
Administration of Justice Offenses,Kitimat Stikine,RCMP Provincial,Lisims/Nass Valley Prov,2007,70.0
Administration of Justice Offenses,Thompson Nicola,RCMP Provincial,Logan Lake Prov,2007,10.0
Administration of Justice Offenses,North Okanagan,RCMP Provincial,Lumby Prov,2007,6.0
Administration of Justice Offenses,Thompson Nicola,RCMP Provincial,Lytton Prov,2007,19.0
Administration of Justice Offenses,Fraser Fort George,RCMP Provincial,Mackenzie Prov,2007,46.0
Administration of Justice Offenses,Metro Vancouver,RCMP Municipal,Maple Ridge Mun,2007,126.0
Administration of Justice Offenses,North Coast Regional District (22),RCMP Provincial,Masset Prov,2007,43.0
Administration of Justice Offenses,Fraser Fort George,RCMP Provincial,McBride Prov,2007,1.0
Administration of Justice Offenses,Thompson Nicola,RCMP Municipal,Merritt Mun,2007,86.0
Administration of Justice Offenses,Thompson Nicola,RCMP Provincial,Merritt Prov,2007,20.0
Administration of Justice Offenses,Fraser Valley,RCMP Municipal,Mission Mun,2007,109.0
Administration of Justice Offenses,Fraser Valley,RCMP Provincial,Mission Prov,2007,9.0
Administration of Justice Offenses,Central Kootenay,RCMP Provincial,Nakusp Prov,2007,6.0
Administration of Justice Offenses,Nanaimo,RCMP Municipal,Nanaimo Mun,2007,373.0
Administration of Justice Offenses,Nanaimo,RCMP Provincial,Nanaimo Prov,2007,6.0
Administration of Justice Offenses,Central Kootenay,Independent Municipal,Nelson Mun,2007,32.0
Administration of Justice Offenses,Central Kootenay,RCMP Provincial,Nelson Prov,2007,11.0
Administration of Justice Offenses,Kitimat Stikine,RCMP Provincial,New Hazelton Prov,2007,99.0
Administration of Justice Offenses,Metro Vancouver,Independent Municipal,New Westminster Mun,2007,399.0
Administration of Justice Offenses,Strathcona,RCMP Provincial,Nootka Sound Prov,2007,9.0
Administration of Justice Offenses,Cowichan Valley,RCMP Municipal,North Cowichan Mun,2007,52.0
Administration of Justice Offenses,Capital,RCMP Municipal,North Saanich Mun,2007,8.0
Administration of Justice Offenses,Metro Vancouver,RCMP Municipal,North Vancouver City Mun,2007,112.0
Administration of Justice Offenses,Metro Vancouver,RCMP Municipal,North Vancouver District Mun,2007,87.0
Administration of Justice Offenses,Metro Vancouver,RCMP Provincial,North Vancouver Prov,2007,13.0
Administration of Justice Offenses,Northern Rockies,RCMP Municipal,Northern Rockies Mun,2007,NA
Administration of Justice Offenses,Northern Rockies,RCMP Provincial,Northern Rockies Prov,2007,148.0
Administration of Justice Offenses,Capital,Independent Municipal,Oak Bay Mun,2007,6.0
Administration of Justice Offenses,Nanaimo,RCMP Provincial,Oceanside Prov,2007,49.0
Administration of Justice Offenses,Cariboo,RCMP Provincial,One Hundred Mile House Prov,2007,53.0
Administration of Justice Offenses,Capital,RCMP Provincial,Outer Gulf  Islands Prov,2007,5.0
Administration of Justice Offenses,Nanaimo,RCMP Municipal,Parksville Mun,2007,29.0
Administration of Justice Offenses,Central Okanagan,RCMP Municipal,Peachland Mun,2007,NA
Administration of Justice Offenses,Squamish Lillooet,RCMP Provincial,Pemberton Prov,2007,10.0
Administration of Justice Offenses,Okanagan Similkameen,RCMP Municipal,Penticton Mun,2007,147.0
Administration of Justice Offenses,Okanagan Similkameen,RCMP Provincial,Penticton Prov,2007,23.0
Administration of Justice Offenses,Metro Vancouver,RCMP Municipal,Pitt Meadows Mun,2007,19.0
Administration of Justice Offenses,Alberni Clayoquot,RCMP Municipal,Port Alberni Mun,2007,226.0
Administration of Justice Offenses,Alberni Clayoquot,RCMP Provincial,Port Alberni Prov,2007,22.0
Administration of Justice Offenses,Mount Waddington,RCMP Provincial,Port Alice Prov,2007,14.0
Administration of Justice Offenses,Metro Vancouver,RCMP Municipal,Port Coquitlam Mun,2007,93.0
Administration of Justice Offenses,Mount Waddington,RCMP Provincial,Port Hardy Prov,2007,99.0
Administration of Justice Offenses,Mount Waddington,RCMP Provincial,Port McNeill Prov,2007,25.0
Administration of Justice Offenses,Metro Vancouver,Independent Municipal,Port Moody Mun,2007,48.0
Administration of Justice Offenses,Powell River,RCMP Municipal,Powell River Mun,2007,65.0
Administration of Justice Offenses,Powell River,RCMP Provincial,Powell River Prov,2007,17.0
Administration of Justice Offenses,Fraser Fort George,RCMP Municipal,Prince George Mun,2007,883.0
Administration of Justice Offenses,Fraser Fort George,RCMP Provincial,Prince George Prov,2007,33.0
Administration of Justice Offenses,North Coast Regional District (22),RCMP Municipal,Prince Rupert Mun,2007,324.0
Administration of Justice Offenses,North Coast Regional District (22),RCMP Provincial,Prince Rupert Prov,2007,37.0
Administration of Justice Offenses,Okanagan Similkameen,RCMP Provincial,Princeton Prov,2007,15.0
Administration of Justice Offenses,Strathcona,RCMP Provincial,Quadra Island Prov,2007,5.0
Administration of Justice Offenses,Nanaimo,RCMP Municipal,Qualicum Beach Mun,2007,9.0
Administration of Justice Offenses,North Coast Regional District (22),RCMP Provincial,Queen Charlotte Prov,2007,59.0
Administration of Justice Offenses,Cariboo,RCMP Municipal,Quesnel Mun,2007,112.0
Administration of Justice Offenses,Cariboo,RCMP Provincial,Quesnel Prov,2007,14.0
Administration of Justice Offenses,Columbia Shuswap,RCMP Municipal,Revelstoke Mun,2007,31.0
Administration of Justice Offenses,Columbia Shuswap,RCMP Provincial,Revelstoke Prov,2007,4.0
Administration of Justice Offenses,Metro Vancouver,RCMP Municipal,Richmond Mun,2007,100.0
Administration of Justice Offenses,Metro Vancouver,RCMP Provincial,Ridge Meadows Prov,2007,6.0
Administration of Justice Offenses,Capital,Independent Municipal,Saanich Mun,2007,198.0
Administration of Justice Offenses,Central Kootenay,RCMP Provincial,Salmo Prov,2007,2.0
Administration of Justice Offenses,Columbia Shuswap,RCMP Municipal,Salmon Arm Mun,2007,61.0
Administration of Justice Offenses,Columbia Shuswap,RCMP Provincial,Salmon Arm Prov,2007,17.0
Administration of Justice Offenses,Capital,RCMP Provincial,Saltspring Island Prov,2007,28.0
Administration of Justice Offenses,Strathcona,RCMP Provincial,Sayward Prov,2007,8.0
Administration of Justice Offenses,Sunshine Coast,RCMP Municipal,Sechelt Mun,2007,41.0
Administration of Justice Offenses,Cowichan Valley,RCMP Provincial,Shawnigan Lake Prov,2007,16.0
Administration of Justice Offenses,Columbia Shuswap,RCMP Provincial,Sicamous Prov,2007,12.0
Administration of Justice Offenses,Capital,RCMP Municipal,Sidney Mun,2007,20.0
Administration of Justice Offenses,Capital,RCMP Provincial,Sidney Prov,2007,15.0
Administration of Justice Offenses,Central Kootenay,RCMP Provincial,Slocan Lake Prov,2007,0.0
Administration of Justice Offenses,Bulkley Nechako,RCMP Municipal,Smithers Mun,2007,118.0
Administration of Justice Offenses,Bulkley Nechako,RCMP Provincial,Smithers Prov,2007,35.0
Administration of Justice Offenses,Capital,RCMP Municipal,Sooke Mun,2007,22.0
Administration of Justice Offenses,Capital,RCMP Provincial,Sooke Prov,2007,2.0
Administration of Justice Offenses,Okanagan Similkameen,RCMP Provincial,South Okanagan/Oliver,2007,38.0
Administration of Justice Offenses,Okanagan Similkameen,RCMP Provincial,South Okanagan/Osoyoos,2007,24.0
Administration of Justice Offenses,North Okanagan,RCMP Municipal,Spallumcheen Mun,2007,NA
Administration of Justice Offenses,Squamish Lillooet,RCMP Municipal,Squamish Mun,2007,61.0
Administration of Justice Offenses,Squamish Lillooet,RCMP Provincial,Squamish Prov,2007,1.0
Administration of Justice Offenses,Kitimat Stikine,RCMP Provincial,Stewart Prov,2007,2.0
Administration of Justice Offenses,Squamish Lillooet,First Nations Aboriginal Police Service,Stl'atl'imx FNAPS,2007,26.0
Administration of Justice Offenses,Okanagan Similkameen,RCMP Municipal,Summerland Mun,2007,21.0
Administration of Justice Offenses,Sunshine Coast,RCMP Provincial,Sunshine Coast Prov,2007,39.0
Administration of Justice Offenses,Metro Vancouver,RCMP Municipal,Surrey Mun,2007,1199.0
Administration of Justice Offenses,Bulkley Nechako,RCMP Provincial,Takla Landing Prov,2007,5.0
Administration of Justice Offenses,Kitimat Stikine,RCMP Municipal,Terrace Mun,2007,207.0
Administration of Justice Offenses,Kitimat Stikine,RCMP Provincial,Terrace Prov,2007,35.0
Administration of Justice Offenses,Powell River,RCMP Provincial,Texada Island Prov,2007,1.0
Administration of Justice Offenses,Thompson Nicola,RCMP Provincial,T'Kumlups Prov,2007,30.0
Administration of Justice Offenses,Alberni Clayoquot,RCMP Provincial,Tofino Prov,2007,11.0
Administration of Justice Offenses,Kootenay Boundary,RCMP Municipal,Trail Mun,2007,73.0
Administration of Justice Offenses,Kootenay Boundary,RCMP Provincial,Trail and Greater District,2007,49.0
Administration of Justice Offenses,Fraser Fort George,RCMP Provincial,Tsay Keh Dene Prov,2007,26.0
Administration of Justice Offenses,Peace River,RCMP Provincial,Tumbler Ridge Prov,2007,46.0
Administration of Justice Offenses,Alberni Clayoquot,RCMP Provincial,Ucluelet Prov,2007,24.0
Administration of Justice Offenses,Metro Vancouver,RCMP Provincial,University Prov,2007,9.0
Administration of Justice Offenses,Fraser Fort George,RCMP Provincial,Valemount Prov,2007,4.0
Administration of Justice Offenses,Metro Vancouver,Independent Municipal,Vancouver Mun,2007,2551.0
Administration of Justice Offenses,Bulkley Nechako,RCMP Provincial,Vanderhoof Prov,2007,56.0
Administration of Justice Offenses,North Okanagan,RCMP Municipal,Vernon Mun,2007,222.0
Administration of Justice Offenses,North Okanagan,RCMP Provincial,Vernon Prov,2007,22.0
Administration of Justice Offenses,Capital,Independent Municipal,Victoria Mun,2007,882.0
Administration of Justice Offenses,Capital,RCMP Municipal,View Royal Mun,2007,15.0
Administration of Justice Offenses,Cariboo,RCMP Provincial,Wells Prov,2007,0.0
Administration of Justice Offenses,Central Okanagan,RCMP Municipal,West Kelowna Mun,2007,NA
Administration of Justice Offenses,Capital,RCMP Provincial,West Shore Prov,2007,8.0
Administration of Justice Offenses,Metro Vancouver,Independent Municipal,West Vancouver Mun,2007,47.0
Administration of Justice Offenses,Squamish Lillooet,RCMP Municipal,Whistler Mun,2007,56.0
Administration of Justice Offenses,Squamish Lillooet,RCMP Provincial,Whistler Prov,2007,0.0
Administration of Justice Offenses,Metro Vancouver,RCMP Municipal,White Rock Mun,2007,48.0
Administration of Justice Offenses,Cariboo,RCMP Municipal,Williams Lake Mun,2007,191.0
Administration of Justice Offenses,Cariboo,RCMP Provincial,Williams Lake Prov,2007,25.0
Drug Offenses,Fraser Valley,Independent Municipal,Abbotsford Mun,2007,429.0
Drug Offenses,Fraser Valley,RCMP Provincial,Agassiz Prov,2007,53.0
Drug Offenses,Mount Waddington,RCMP Provincial,Alert Bay Prov,2007,17.0
Drug Offenses,Cariboo,RCMP Provincial,Alexis Creek Prov,2007,21.0
Drug Offenses,Cariboo,RCMP Provincial,Anahim Lake Prov,2007,14.0
Drug Offenses,North Okanagan,RCMP Provincial,Armstrong Prov,2007,53.0
Drug Offenses,Thompson Nicola,RCMP Provincial,Ashcroft Prov,2007,86.0
Drug Offenses,Kitimat Stikine,RCMP Provincial,Atlin Prov,2007,1.0
Drug Offenses,Thompson Nicola,RCMP Provincial,Barriere Prov,2007,67.0
Drug Offenses,Central Coast,RCMP Provincial,Bella Bella Prov,2007,23.0
Drug Offenses,Central Coast,RCMP Provincial,Bella Coola Prov,2007,20.0
Drug Offenses,Fraser Valley,RCMP Provincial,Boston Bar Prov,2007,15.0
Drug Offenses,Kootenay Boundary,RCMP Provincial,Boundary/Grand Forks Prov,2007,57.0
Drug Offenses,Kootenay Boundary,RCMP Provincial,Boundary/Midway Prov,2007,27.0
Drug Offenses,Metro Vancouver,RCMP Provincial,Bowen Island Prov,2007,2.0
Drug Offenses,Metro Vancouver,RCMP Municipal,Burnaby Mun,2007,803.0
Drug Offenses,Bulkley Nechako,RCMP Provincial,Burns Lake Prov,2007,193.0
Drug Offenses,Strathcona,RCMP Municipal,Campbell River Mun,2007,228.0
Drug Offenses,Strathcona,RCMP Provincial,Campbell River Prov,2007,30.0
Drug Offenses,Central Kootenay,RCMP Municipal,Castlegar Mun,2007,79.0
Drug Offenses,Central Kootenay,RCMP Provincial,Castlegar Prov,2007,27.0
Drug Offenses,Capital,Independent Municipal,Central Saanich Mun,2007,55.0
Drug Offenses,Thompson Nicola,RCMP Provincial,Chase Prov,2007,93.0
Drug Offenses,Peace River,RCMP Provincial,Chetwynd Prov,2007,77.0
Drug Offenses,Fraser Valley,RCMP Municipal,Chilliwack Mun,2007,317.0
Drug Offenses,Fraser Valley,RCMP Provincial,Chilliwack Prov,2007,73.0
Drug Offenses,Thompson Nicola,RCMP Provincial,Clearwater Prov,2007,149.0
Drug Offenses,Thompson Nicola,RCMP Provincial,Clinton Prov,2007,25.0
Drug Offenses,North Okanagan,RCMP Municipal,Coldstream Mun,2007,17.0
Drug Offenses,East Kootenay,RCMP Provincial,Columbia Valley Prov,2007,69.0
Drug Offenses,Capital,RCMP Municipal,Colwood Mun,2007,34.0
Drug Offenses,Comox Valley,RCMP Municipal,Comox Mun,2007,33.0
Drug Offenses,Comox Valley,RCMP Provincial,Comox Valley Prov,2007,131.0
Drug Offenses,Metro Vancouver,RCMP Municipal,Coquitlam Mun,2007,547.0
Drug Offenses,Metro Vancouver,RCMP Provincial,Coquitlam Prov,2007,7.0
Drug Offenses,Comox Valley,RCMP Municipal,Courtenay Mun,2007,279.0
Drug Offenses,East Kootenay,RCMP Municipal,Cranbrook Mun,2007,154.0
Drug Offenses,East Kootenay,RCMP Provincial,Cranbrook Prov,2007,29.0
Drug Offenses,Central Kootenay,RCMP Municipal,Creston Mun,2007,NA
Drug Offenses,Central Kootenay,RCMP Provincial,Creston Prov,2007,69.0
Drug Offenses,Peace River,RCMP Municipal,Dawson Creek Mun,2007,198.0
Drug Offenses,Peace River,RCMP Provincial,Dawson Creek Prov,2007,36.0
Drug Offenses,Kitimat Stikine,RCMP Provincial,Dease Lake Prov,2007,14.0
Drug Offenses,Metro Vancouver,Independent Municipal,Delta Mun,2007,536.0
Drug Offenses,Cowichan Valley,RCMP Provincial,Duncan Prov,2007,104.0
Drug Offenses,East Kootenay,RCMP Provincial,Elk Valley Prov,2007,62.0
Drug Offenses,North Okanagan,RCMP Provincial,Enderby Prov,2007,137.0
Drug Offenses,Columbia Shuswap,RCMP Provincial,Falkland Prov,2007,14.0
Drug Offenses,Bulkley Nechako,RCMP Provincial,Fort St James Prov,2007,77.0
Drug Offenses,Peace River,RCMP Municipal,Fort St John Mun,2007,321.0
Drug Offenses,Peace River,RCMP Provincial,Fort St John Prov,2007,40.0
Drug Offenses,Bulkley Nechako,RCMP Provincial,Fraser Lake Prov,2007,9.0
Drug Offenses,Nanaimo,RCMP Provincial,Gabriola Island Prov,2007,19.0
Drug Offenses,Columbia Shuswap,RCMP Provincial,Golden Prov,2007,105.0
Drug Offenses,Fraser Valley,RCMP Municipal,Hope Mun,2007,105.0
Drug Offenses,Fraser Valley,RCMP Provincial,Hope  Prov,2007,50.0
Drug Offenses,Bulkley Nechako,RCMP Provincial,Houston/Granisle Prov,2007,46.0
Drug Offenses,Peace River,RCMP Provincial,Hudson's Hope Prov,2007,4.0
Drug Offenses,Thompson Nicola,RCMP Municipal,Kamloops Mun,2007,552.0
Drug Offenses,Central Kootenay,RCMP Provincial,Kaslo Prov,2007,29.0
Drug Offenses,Central Okanagan,RCMP Municipal,Kelowna Mun,2007,817.0
Drug Offenses,Central Okanagan,RCMP Provincial,Kelowna Prov,2007,125.0
Drug Offenses,Fraser Valley,RCMP Municipal,Kent Mun,2007,NA
Drug Offenses,Okanagan Similkameen,RCMP Provincial,Keremeos Prov,2007,23.0
Drug Offenses,East Kootenay,RCMP Municipal,Kimberley Mun,2007,36.0
Drug Offenses,East Kootenay,RCMP Provincial,Kimberley Prov,2007,14.0
Drug Offenses,Kitimat Stikine,RCMP Municipal,Kitimat Mun,2007,65.0
Drug Offenses,Kitimat Stikine,RCMP Provincial,Kitimat Prov,2007,7.0
Drug Offenses,Cowichan Valley,RCMP Municipal,Ladysmith Mun,2007,39.0
Drug Offenses,Cowichan Valley,RCMP Provincial,Ladysmith Prov,2007,30.0
Drug Offenses,Central Okanagan,RCMP Municipal,Lake Country Mun,2007,55.0
Drug Offenses,Cowichan Valley,RCMP Provincial,Lake Cowichan Prov,2007,46.0
Drug Offenses,Capital,RCMP Municipal,Langford Mun,2007,105.0
Drug Offenses,Metro Vancouver,RCMP Municipal,Langley City Mun,2007,245.0
Drug Offenses,Metro Vancouver,RCMP Municipal,Langley Township Mun,2007,727.0
Drug Offenses,Squamish Lillooet,RCMP Provincial,Lillooet Prov,2007,40.0
Drug Offenses,Kitimat Stikine,RCMP Provincial,Lisims/Nass Valley Prov,2007,27.0
Drug Offenses,Thompson Nicola,RCMP Provincial,Logan Lake Prov,2007,11.0
Drug Offenses,North Okanagan,RCMP Provincial,Lumby Prov,2007,49.0
Drug Offenses,Thompson Nicola,RCMP Provincial,Lytton Prov,2007,30.0
Drug Offenses,Fraser Fort George,RCMP Provincial,Mackenzie Prov,2007,105.0
Drug Offenses,Metro Vancouver,RCMP Municipal,Maple Ridge Mun,2007,351.0
Drug Offenses,North Coast Regional District (22),RCMP Provincial,Masset Prov,2007,40.0
Drug Offenses,Fraser Fort George,RCMP Provincial,McBride Prov,2007,16.0
Drug Offenses,Thompson Nicola,RCMP Municipal,Merritt Mun,2007,95.0
Drug Offenses,Thompson Nicola,RCMP Provincial,Merritt Prov,2007,26.0
Drug Offenses,Fraser Valley,RCMP Municipal,Mission Mun,2007,225.0
Drug Offenses,Fraser Valley,RCMP Provincial,Mission Prov,2007,28.0
Drug Offenses,Central Kootenay,RCMP Provincial,Nakusp Prov,2007,16.0
Drug Offenses,Nanaimo,RCMP Municipal,Nanaimo Mun,2007,549.0
Drug Offenses,Nanaimo,RCMP Provincial,Nanaimo Prov,2007,44.0
Drug Offenses,Central Kootenay,Independent Municipal,Nelson Mun,2007,70.0
Drug Offenses,Central Kootenay,RCMP Provincial,Nelson Prov,2007,67.0
Drug Offenses,Kitimat Stikine,RCMP Provincial,New Hazelton Prov,2007,63.0
Drug Offenses,Metro Vancouver,Independent Municipal,New Westminster Mun,2007,607.0
Drug Offenses,Strathcona,RCMP Provincial,Nootka Sound Prov,2007,24.0
Drug Offenses,Cowichan Valley,RCMP Municipal,North Cowichan Mun,2007,114.0
Drug Offenses,Capital,RCMP Municipal,North Saanich Mun,2007,44.0
Drug Offenses,Metro Vancouver,RCMP Municipal,North Vancouver City Mun,2007,326.0
Drug Offenses,Metro Vancouver,RCMP Municipal,North Vancouver District Mun,2007,252.0
Drug Offenses,Metro Vancouver,RCMP Provincial,North Vancouver Prov,2007,27.0
Drug Offenses,Northern Rockies,RCMP Municipal,Northern Rockies Mun,2007,NA
Drug Offenses,Northern Rockies,RCMP Provincial,Northern Rockies Prov,2007,121.0
Drug Offenses,Capital,Independent Municipal,Oak Bay Mun,2007,20.0
Drug Offenses,Nanaimo,RCMP Provincial,Oceanside Prov,2007,83.0
Drug Offenses,Cariboo,RCMP Provincial,One Hundred Mile House Prov,2007,75.0
Drug Offenses,Capital,RCMP Provincial,Outer Gulf  Islands Prov,2007,7.0
Drug Offenses,Nanaimo,RCMP Municipal,Parksville Mun,2007,78.0
Drug Offenses,Central Okanagan,RCMP Municipal,Peachland Mun,2007,NA
Drug Offenses,Squamish Lillooet,RCMP Provincial,Pemberton Prov,2007,25.0
Drug Offenses,Okanagan Similkameen,RCMP Municipal,Penticton Mun,2007,258.0
Drug Offenses,Okanagan Similkameen,RCMP Provincial,Penticton Prov,2007,43.0
Drug Offenses,Metro Vancouver,RCMP Municipal,Pitt Meadows Mun,2007,48.0
Drug Offenses,Alberni Clayoquot,RCMP Municipal,Port Alberni Mun,2007,128.0
Drug Offenses,Alberni Clayoquot,RCMP Provincial,Port Alberni Prov,2007,50.0
Drug Offenses,Mount Waddington,RCMP Provincial,Port Alice Prov,2007,7.0
Drug Offenses,Metro Vancouver,RCMP Municipal,Port Coquitlam Mun,2007,218.0
Drug Offenses,Mount Waddington,RCMP Provincial,Port Hardy Prov,2007,42.0
Drug Offenses,Mount Waddington,RCMP Provincial,Port McNeill Prov,2007,54.0
Drug Offenses,Metro Vancouver,Independent Municipal,Port Moody Mun,2007,125.0
Drug Offenses,Powell River,RCMP Municipal,Powell River Mun,2007,63.0
Drug Offenses,Powell River,RCMP Provincial,Powell River Prov,2007,26.0
Drug Offenses,Fraser Fort George,RCMP Municipal,Prince George Mun,2007,455.0
Drug Offenses,Fraser Fort George,RCMP Provincial,Prince George Prov,2007,39.0
Drug Offenses,North Coast Regional District (22),RCMP Municipal,Prince Rupert Mun,2007,129.0
Drug Offenses,North Coast Regional District (22),RCMP Provincial,Prince Rupert Prov,2007,19.0
Drug Offenses,Okanagan Similkameen,RCMP Provincial,Princeton Prov,2007,62.0
Drug Offenses,Strathcona,RCMP Provincial,Quadra Island Prov,2007,43.0
Drug Offenses,Nanaimo,RCMP Municipal,Qualicum Beach Mun,2007,26.0
Drug Offenses,North Coast Regional District (22),RCMP Provincial,Queen Charlotte Prov,2007,13.0
Drug Offenses,Cariboo,RCMP Municipal,Quesnel Mun,2007,114.0
Drug Offenses,Cariboo,RCMP Provincial,Quesnel Prov,2007,32.0
Drug Offenses,Columbia Shuswap,RCMP Municipal,Revelstoke Mun,2007,90.0
Drug Offenses,Columbia Shuswap,RCMP Provincial,Revelstoke Prov,2007,38.0
Drug Offenses,Metro Vancouver,RCMP Municipal,Richmond Mun,2007,1122.0
Drug Offenses,Metro Vancouver,RCMP Provincial,Ridge Meadows Prov,2007,1.0
Drug Offenses,Capital,Independent Municipal,Saanich Mun,2007,278.0
Drug Offenses,Central Kootenay,RCMP Provincial,Salmo Prov,2007,34.0
Drug Offenses,Columbia Shuswap,RCMP Municipal,Salmon Arm Mun,2007,109.0
Drug Offenses,Columbia Shuswap,RCMP Provincial,Salmon Arm Prov,2007,37.0
Drug Offenses,Capital,RCMP Provincial,Saltspring Island Prov,2007,75.0
Drug Offenses,Strathcona,RCMP Provincial,Sayward Prov,2007,74.0
Drug Offenses,Sunshine Coast,RCMP Municipal,Sechelt Mun,2007,95.0
Drug Offenses,Cowichan Valley,RCMP Provincial,Shawnigan Lake Prov,2007,77.0
Drug Offenses,Columbia Shuswap,RCMP Provincial,Sicamous Prov,2007,27.0
Drug Offenses,Capital,RCMP Municipal,Sidney Mun,2007,87.0
Drug Offenses,Capital,RCMP Provincial,Sidney Prov,2007,23.0
Drug Offenses,Central Kootenay,RCMP Provincial,Slocan Lake Prov,2007,19.0
Drug Offenses,Bulkley Nechako,RCMP Municipal,Smithers Mun,2007,110.0
Drug Offenses,Bulkley Nechako,RCMP Provincial,Smithers Prov,2007,35.0
Drug Offenses,Capital,RCMP Municipal,Sooke Mun,2007,88.0
Drug Offenses,Capital,RCMP Provincial,Sooke Prov,2007,15.0
Drug Offenses,Okanagan Similkameen,RCMP Provincial,South Okanagan/Oliver,2007,63.0
Drug Offenses,Okanagan Similkameen,RCMP Provincial,South Okanagan/Osoyoos,2007,54.0
Drug Offenses,North Okanagan,RCMP Municipal,Spallumcheen Mun,2007,NA
Drug Offenses,Squamish Lillooet,RCMP Municipal,Squamish Mun,2007,154.0
Drug Offenses,Squamish Lillooet,RCMP Provincial,Squamish Prov,2007,9.0
Drug Offenses,Kitimat Stikine,RCMP Provincial,Stewart Prov,2007,9.0
Drug Offenses,Squamish Lillooet,First Nations Aboriginal Police Service,Stl'atl'imx FNAPS,2007,26.0
Drug Offenses,Okanagan Similkameen,RCMP Municipal,Summerland Mun,2007,51.0
Drug Offenses,Sunshine Coast,RCMP Provincial,Sunshine Coast Prov,2007,177.0
Drug Offenses,Metro Vancouver,RCMP Municipal,Surrey Mun,2007,2714.0
Drug Offenses,Bulkley Nechako,RCMP Provincial,Takla Landing Prov,2007,1.0
Drug Offenses,Kitimat Stikine,RCMP Municipal,Terrace Mun,2007,86.0
Drug Offenses,Kitimat Stikine,RCMP Provincial,Terrace Prov,2007,45.0
Drug Offenses,Powell River,RCMP Provincial,Texada Island Prov,2007,26.0
Drug Offenses,Thompson Nicola,RCMP Provincial,T'Kumlups Prov,2007,74.0
Drug Offenses,Alberni Clayoquot,RCMP Provincial,Tofino Prov,2007,24.0
Drug Offenses,Kootenay Boundary,RCMP Municipal,Trail Mun,2007,35.0
Drug Offenses,Kootenay Boundary,RCMP Provincial,Trail and Greater District,2007,14.0
Drug Offenses,Fraser Fort George,RCMP Provincial,Tsay Keh Dene Prov,2007,2.0
Drug Offenses,Peace River,RCMP Provincial,Tumbler Ridge Prov,2007,39.0
Drug Offenses,Alberni Clayoquot,RCMP Provincial,Ucluelet Prov,2007,42.0
Drug Offenses,Metro Vancouver,RCMP Provincial,University Prov,2007,104.0
Drug Offenses,Fraser Fort George,RCMP Provincial,Valemount Prov,2007,73.0
Drug Offenses,Metro Vancouver,Independent Municipal,Vancouver Mun,2007,5233.0
Drug Offenses,Bulkley Nechako,RCMP Provincial,Vanderhoof Prov,2007,59.0
Drug Offenses,North Okanagan,RCMP Municipal,Vernon Mun,2007,309.0
Drug Offenses,North Okanagan,RCMP Provincial,Vernon Prov,2007,40.0
Drug Offenses,Capital,Independent Municipal,Victoria Mun,2007,782.0
Drug Offenses,Capital,RCMP Municipal,View Royal Mun,2007,31.0
Drug Offenses,Cariboo,RCMP Provincial,Wells Prov,2007,2.0
Drug Offenses,Central Okanagan,RCMP Municipal,West Kelowna Mun,2007,NA
Drug Offenses,Capital,RCMP Provincial,West Shore Prov,2007,14.0
Drug Offenses,Metro Vancouver,Independent Municipal,West Vancouver Mun,2007,159.0
Drug Offenses,Squamish Lillooet,RCMP Municipal,Whistler Mun,2007,263.0
Drug Offenses,Squamish Lillooet,RCMP Provincial,Whistler Prov,2007,2.0
Drug Offenses,Metro Vancouver,RCMP Municipal,White Rock Mun,2007,196.0
Drug Offenses,Cariboo,RCMP Municipal,Williams Lake Mun,2007,166.0
Drug Offenses,Cariboo,RCMP Provincial,Williams Lake Prov,2007,82.0
Population,Fraser Valley,Independent Municipal,Abbotsford Mun,2007,130938.0
Population,Fraser Valley,RCMP Provincial,Agassiz Prov,2007,9352.0
Population,Mount Waddington,RCMP Provincial,Alert Bay Prov,2007,1425.0
Population,Cariboo,RCMP Provincial,Alexis Creek Prov,2007,1723.0
Population,Cariboo,RCMP Provincial,Anahim Lake Prov,2007,712.0
Population,North Okanagan,RCMP Provincial,Armstrong Prov,2007,9920.0
Population,Thompson Nicola,RCMP Provincial,Ashcroft Prov,2007,3813.0
Population,Kitimat Stikine,RCMP Provincial,Atlin Prov,2007,738.0
Population,Thompson Nicola,RCMP Provincial,Barriere Prov,2007,3816.0
Population,Central Coast,RCMP Provincial,Bella Bella Prov,2007,1596.0
Population,Central Coast,RCMP Provincial,Bella Coola Prov,2007,1900.0
Population,Fraser Valley,RCMP Provincial,Boston Bar Prov,2007,650.0
Population,Kootenay Boundary,RCMP Provincial,Boundary/Grand Forks Prov,2007,8914.0
Population,Kootenay Boundary,RCMP Provincial,Boundary/Midway Prov,2007,2852.0
Population,Metro Vancouver,RCMP Provincial,Bowen Island Prov,2007,3457.0
Population,Metro Vancouver,RCMP Municipal,Burnaby Mun,2007,214617.0
Population,Bulkley Nechako,RCMP Provincial,Burns Lake Prov,2007,6236.0
Population,Strathcona,RCMP Municipal,Campbell River Mun,2007,30368.0
Population,Strathcona,RCMP Provincial,Campbell River Prov,2007,5361.0
Population,Central Kootenay,RCMP Municipal,Castlegar Mun,2007,7497.0
Population,Central Kootenay,RCMP Provincial,Castlegar Prov,2007,5938.0
Population,Capital,Independent Municipal,Central Saanich Mun,2007,15984.0
Population,Thompson Nicola,RCMP Provincial,Chase Prov,2007,8260.0
Population,Peace River,RCMP Provincial,Chetwynd Prov,2007,5321.0
Population,Fraser Valley,RCMP Municipal,Chilliwack Mun,2007,76553.0
Population,Fraser Valley,RCMP Provincial,Chilliwack Prov,2007,4962.0
Population,Thompson Nicola,RCMP Provincial,Clearwater Prov,2007,4275.0
Population,Thompson Nicola,RCMP Provincial,Clinton Prov,2007,1764.0
Population,North Okanagan,RCMP Municipal,Coldstream Mun,2007,9907.0
Population,East Kootenay,RCMP Provincial,Columbia Valley Prov,2007,9251.0
Population,Capital,RCMP Municipal,Colwood Mun,2007,15532.0
Population,Comox Valley,RCMP Municipal,Comox Mun,2007,12752.0
Population,Comox Valley,RCMP Provincial,Comox Valley Prov,2007,25490.0
Population,Metro Vancouver,RCMP Municipal,Coquitlam Mun,2007,120802.0
Population,Metro Vancouver,RCMP Provincial,Coquitlam Prov,2007,2677.0
Population,Comox Valley,RCMP Municipal,Courtenay Mun,2007,23250.0
Population,East Kootenay,RCMP Municipal,Cranbrook Mun,2007,18682.0
Population,East Kootenay,RCMP Provincial,Cranbrook Prov,2007,6728.0
Population,Central Kootenay,RCMP Municipal,Creston Mun,2007,NA
Population,Central Kootenay,RCMP Provincial,Creston Prov,2007,12946.0
Population,Peace River,RCMP Municipal,Dawson Creek Mun,2007,11162.0
Population,Peace River,RCMP Provincial,Dawson Creek Prov,2007,6885.0
Population,Kitimat Stikine,RCMP Provincial,Dease Lake Prov,2007,1431.0
Population,Metro Vancouver,Independent Municipal,Delta Mun,2007,100201.0
Population,Cowichan Valley,RCMP Provincial,Duncan Prov,2007,14280.0
Population,East Kootenay,RCMP Provincial,Elk Valley Prov,2007,13418.0
Population,North Okanagan,RCMP Provincial,Enderby Prov,2007,6859.0
Population,Columbia Shuswap,RCMP Provincial,Falkland Prov,2007,2894.0
Population,Bulkley Nechako,RCMP Provincial,Fort St James Prov,2007,4035.0
Population,Peace River,RCMP Municipal,Fort St John Mun,2007,18105.0
Population,Peace River,RCMP Provincial,Fort St John Prov,2007,13937.0
Population,Bulkley Nechako,RCMP Provincial,Fraser Lake Prov,2007,3269.0
Population,Nanaimo,RCMP Provincial,Gabriola Island Prov,2007,3965.0
Population,Columbia Shuswap,RCMP Provincial,Golden Prov,2007,7018.0
Population,Fraser Valley,RCMP Municipal,Hope Mun,2007,6114.0
Population,Fraser Valley,RCMP Provincial,Hope  Prov,2007,1179.0
Population,Bulkley Nechako,RCMP Provincial,Houston/Granisle Prov,2007,4481.0
Population,Peace River,RCMP Provincial,Hudson's Hope Prov,2007,1214.0
Population,Thompson Nicola,RCMP Municipal,Kamloops Mun,2007,84341.0
Population,Central Kootenay,RCMP Provincial,Kaslo Prov,2007,2436.0
Population,Central Okanagan,RCMP Municipal,Kelowna Mun,2007,114166.0
Population,Central Okanagan,RCMP Provincial,Kelowna Prov,2007,44946.0
Population,Fraser Valley,RCMP Municipal,Kent Mun,2007,NA
Population,Okanagan Similkameen,RCMP Provincial,Keremeos Prov,2007,4767.0
Population,East Kootenay,RCMP Municipal,Kimberley Mun,2007,6317.0
Population,East Kootenay,RCMP Provincial,Kimberley Prov,2007,1958.0
Population,Kitimat Stikine,RCMP Municipal,Kitimat Mun,2007,8976.0
Population,Kitimat Stikine,RCMP Provincial,Kitimat Prov,2007,520.0
Population,Cowichan Valley,RCMP Municipal,Ladysmith Mun,2007,7822.0
Population,Cowichan Valley,RCMP Provincial,Ladysmith Prov,2007,5570.0
Population,Central Okanagan,RCMP Municipal,Lake Country Mun,2007,10232.0
Population,Cowichan Valley,RCMP Provincial,Lake Cowichan Prov,2007,5785.0
Population,Capital,RCMP Municipal,Langford Mun,2007,24787.0
Population,Metro Vancouver,RCMP Municipal,Langley City Mun,2007,25118.0
Population,Metro Vancouver,RCMP Municipal,Langley Township Mun,2007,99637.0
Population,Squamish Lillooet,RCMP Provincial,Lillooet Prov,2007,3214.0
Population,Kitimat Stikine,RCMP Provincial,Lisims/Nass Valley Prov,2007,1925.0
Population,Thompson Nicola,RCMP Provincial,Logan Lake Prov,2007,2651.0
Population,North Okanagan,RCMP Provincial,Lumby Prov,2007,5845.0
Population,Thompson Nicola,RCMP Provincial,Lytton Prov,2007,1900.0
Population,Fraser Fort George,RCMP Provincial,Mackenzie Prov,2007,4611.0
Population,Metro Vancouver,RCMP Municipal,Maple Ridge Mun,2007,72777.0
Population,North Coast Regional District (22),RCMP Provincial,Masset Prov,2007,2229.0
Population,Fraser Fort George,RCMP Provincial,McBride Prov,2007,1747.0
Population,Thompson Nicola,RCMP Municipal,Merritt Mun,2007,7380.0
Population,Thompson Nicola,RCMP Provincial,Merritt Prov,2007,3820.0
Population,Fraser Valley,RCMP Municipal,Mission Mun,2007,36252.0
Population,Fraser Valley,RCMP Provincial,Mission Prov,2007,4329.0
Population,Central Kootenay,RCMP Provincial,Nakusp Prov,2007,3331.0
Population,Nanaimo,RCMP Municipal,Nanaimo Mun,2007,81419.0
Population,Nanaimo,RCMP Provincial,Nanaimo Prov,2007,13755.0
Population,Central Kootenay,Independent Municipal,Nelson Mun,2007,9565.0
Population,Central Kootenay,RCMP Provincial,Nelson Prov,2007,11746.0
Population,Kitimat Stikine,RCMP Provincial,New Hazelton Prov,2007,5437.0
Population,Metro Vancouver,Independent Municipal,New Westminster Mun,2007,61642.0
Population,Strathcona,RCMP Provincial,Nootka Sound Prov,2007,2072.0
Population,Cowichan Valley,RCMP Municipal,North Cowichan Mun,2007,28615.0
Population,Capital,RCMP Municipal,North Saanich Mun,2007,10863.0
Population,Metro Vancouver,RCMP Municipal,North Vancouver City Mun,2007,46942.0
Population,Metro Vancouver,RCMP Municipal,North Vancouver District Mun,2007,85416.0
Population,Metro Vancouver,RCMP Provincial,North Vancouver Prov,2007,2095.0
Population,Northern Rockies,RCMP Municipal,Northern Rockies Mun,2007,NA
Population,Northern Rockies,RCMP Provincial,Northern Rockies Prov,2007,6053.0
Population,Capital,Independent Municipal,Oak Bay Mun,2007,17966.0
Population,Nanaimo,RCMP Provincial,Oceanside Prov,2007,23698.0
Population,Cariboo,RCMP Provincial,One Hundred Mile House Prov,2007,12957.0
Population,Capital,RCMP Provincial,Outer Gulf  Islands Prov,2007,4613.0
Population,Nanaimo,RCMP Municipal,Parksville Mun,2007,11386.0
Population,Central Okanagan,RCMP Municipal,Peachland Mun,2007,NA
Population,Squamish Lillooet,RCMP Provincial,Pemberton Prov,2007,4161.0
Population,Okanagan Similkameen,RCMP Municipal,Penticton Mun,2007,32860.0
Population,Okanagan Similkameen,RCMP Provincial,Penticton Prov,2007,11778.0
Population,Metro Vancouver,RCMP Municipal,Pitt Meadows Mun,2007,16557.0
Population,Alberni Clayoquot,RCMP Municipal,Port Alberni Mun,2007,17610.0
Population,Alberni Clayoquot,RCMP Provincial,Port Alberni Prov,2007,8165.0
Population,Mount Waddington,RCMP Provincial,Port Alice Prov,2007,868.0
Population,Metro Vancouver,RCMP Municipal,Port Coquitlam Mun,2007,54901.0
Population,Mount Waddington,RCMP Provincial,Port Hardy Prov,2007,5303.0
Population,Mount Waddington,RCMP Provincial,Port McNeill Prov,2007,4686.0
Population,Metro Vancouver,Independent Municipal,Port Moody Mun,2007,29856.0
Population,Powell River,RCMP Municipal,Powell River Mun,2007,13057.0
Population,Powell River,RCMP Provincial,Powell River Prov,2007,5422.0
Population,Fraser Fort George,RCMP Municipal,Prince George Mun,2007,72813.0
Population,Fraser Fort George,RCMP Provincial,Prince George Prov,2007,13396.0
Population,North Coast Regional District (22),RCMP Municipal,Prince Rupert Mun,2007,12849.0
Population,North Coast Regional District (22),RCMP Provincial,Prince Rupert Prov,2007,2128.0
Population,Okanagan Similkameen,RCMP Provincial,Princeton Prov,2007,4894.0
Population,Strathcona,RCMP Provincial,Quadra Island Prov,2007,3558.0
Population,Nanaimo,RCMP Municipal,Qualicum Beach Mun,2007,8613.0
Population,North Coast Regional District (22),RCMP Provincial,Queen Charlotte Prov,2007,2473.0
Population,Cariboo,RCMP Municipal,Quesnel Mun,2007,9532.0
Population,Cariboo,RCMP Provincial,Quesnel Prov,2007,13393.0
Population,Columbia Shuswap,RCMP Municipal,Revelstoke Mun,2007,7242.0
Population,Columbia Shuswap,RCMP Provincial,Revelstoke Prov,2007,578.0
Population,Metro Vancouver,RCMP Municipal,Richmond Mun,2007,185818.0
Population,Metro Vancouver,RCMP Provincial,Ridge Meadows Prov,2007,96.0
Population,Capital,Independent Municipal,Saanich Mun,2007,111603.0
Population,Central Kootenay,RCMP Provincial,Salmo Prov,2007,2502.0
Population,Columbia Shuswap,RCMP Municipal,Salmon Arm Mun,2007,16708.0
Population,Columbia Shuswap,RCMP Provincial,Salmon Arm Prov,2007,9378.0
Population,Capital,RCMP Provincial,Saltspring Island Prov,2007,10004.0
Population,Strathcona,RCMP Provincial,Sayward Prov,2007,795.0
Population,Sunshine Coast,RCMP Municipal,Sechelt Mun,2007,8676.0
Population,Cowichan Valley,RCMP Provincial,Shawnigan Lake Prov,2007,16970.0
Population,Columbia Shuswap,RCMP Provincial,Sicamous Prov,2007,4019.0
Population,Capital,RCMP Municipal,Sidney Mun,2007,11469.0
Population,Capital,RCMP Provincial,Sidney Prov,2007,3392.0
Population,Central Kootenay,RCMP Provincial,Slocan Lake Prov,2007,1952.0
Population,Bulkley Nechako,RCMP Municipal,Smithers Mun,2007,5224.0
Population,Bulkley Nechako,RCMP Provincial,Smithers Prov,2007,7380.0
Population,Capital,RCMP Municipal,Sooke Mun,2007,10480.0
Population,Capital,RCMP Provincial,Sooke Prov,2007,4429.0
Population,Okanagan Similkameen,RCMP Provincial,South Okanagan/Oliver,2007,8532.0
Population,Okanagan Similkameen,RCMP Provincial,South Okanagan/Osoyoos,2007,7382.0
Population,North Okanagan,RCMP Municipal,Spallumcheen Mun,2007,NA
Population,Squamish Lillooet,RCMP Municipal,Squamish Mun,2007,16084.0
Population,Squamish Lillooet,RCMP Provincial,Squamish Prov,2007,1977.0
Population,Kitimat Stikine,RCMP Provincial,Stewart Prov,2007,479.0
Population,Squamish Lillooet,First Nations Aboriginal Police Service,Stl'atl'imx FNAPS,2007,2954.0
Population,Okanagan Similkameen,RCMP Municipal,Summerland Mun,2007,11080.0
Population,Sunshine Coast,RCMP Provincial,Sunshine Coast Prov,2007,19522.0
Population,Metro Vancouver,RCMP Municipal,Surrey Mun,2007,424999.0
Population,Bulkley Nechako,RCMP Provincial,Takla Landing Prov,2007,183.0
Population,Kitimat Stikine,RCMP Municipal,Terrace Mun,2007,11261.0
Population,Kitimat Stikine,RCMP Provincial,Terrace Prov,2007,7398.0
Population,Powell River,RCMP Provincial,Texada Island Prov,2007,1031.0
Population,Thompson Nicola,RCMP Provincial,T'Kumlups Prov,2007,7871.0
Population,Alberni Clayoquot,RCMP Provincial,Tofino Prov,2007,3103.0
Population,Kootenay Boundary,RCMP Municipal,Trail Mun,2007,7446.0
Population,Kootenay Boundary,RCMP Provincial,Trail and Greater District,2007,10880.0
Population,Fraser Fort George,RCMP Provincial,Tsay Keh Dene Prov,2007,373.0
Population,Peace River,RCMP Provincial,Tumbler Ridge Prov,2007,2528.0
Population,Alberni Clayoquot,RCMP Provincial,Ucluelet Prov,2007,2130.0
Population,Metro Vancouver,RCMP Provincial,University Prov,2007,11943.0
Population,Fraser Fort George,RCMP Provincial,Valemount Prov,2007,1588.0
Population,Metro Vancouver,Independent Municipal,Vancouver Mun,2007,605067.0
Population,Bulkley Nechako,RCMP Provincial,Vanderhoof Prov,2007,8245.0
Population,North Okanagan,RCMP Municipal,Vernon Mun,2007,37453.0
Population,North Okanagan,RCMP Provincial,Vernon Prov,2007,13644.0
Population,Capital,Independent Municipal,Victoria Mun,2007,98581.0
Population,Capital,RCMP Municipal,View Royal Mun,2007,9111.0
Population,Cariboo,RCMP Provincial,Wells Prov,2007,352.0
Population,Central Okanagan,RCMP Municipal,West Kelowna Mun,2007,NA
Population,Capital,RCMP Provincial,West Shore Prov,2007,8873.0
Population,Metro Vancouver,Independent Municipal,West Vancouver Mun,2007,45202.0
Population,Squamish Lillooet,RCMP Municipal,Whistler Mun,2007,9720.0
Population,Squamish Lillooet,RCMP Provincial,Whistler Prov,2007,294.0
Population,Metro Vancouver,RCMP Municipal,White Rock Mun,2007,18988.0
Population,Cariboo,RCMP Municipal,Williams Lake Mun,2007,11117.0
Population,Cariboo,RCMP Provincial,Williams Lake Prov,2007,12974.0
Criminal Code Offences,Fraser Valley,Independent Municipal,Abbotsford Mun,2008,11673.0
Criminal Code Offences,Fraser Valley,RCMP Provincial,Agassiz Prov,2008,1140.0
Criminal Code Offences,Mount Waddington,RCMP Provincial,Alert Bay Prov,2008,288.0
Criminal Code Offences,Cariboo,RCMP Provincial,Alexis Creek Prov,2008,437.0
Criminal Code Offences,Cariboo,RCMP Provincial,Anahim Lake Prov,2008,283.0
Criminal Code Offences,North Okanagan,RCMP Provincial,Armstrong Prov,2008,526.0
Criminal Code Offences,Thompson Nicola,RCMP Provincial,Ashcroft Prov,2008,507.0
Criminal Code Offences,Kitimat Stikine,RCMP Provincial,Atlin Prov,2008,67.0
Criminal Code Offences,Thompson Nicola,RCMP Provincial,Barriere Prov,2008,235.0
Criminal Code Offences,Central Coast,RCMP Provincial,Bella Bella Prov,2008,475.0
Criminal Code Offences,Central Coast,RCMP Provincial,Bella Coola Prov,2008,361.0
Criminal Code Offences,Fraser Valley,RCMP Provincial,Boston Bar Prov,2008,143.0
Criminal Code Offences,Kootenay Boundary,RCMP Provincial,Boundary/Grand Forks Prov,2008,796.0
Criminal Code Offences,Kootenay Boundary,RCMP Provincial,Boundary/Midway Prov,2008,229.0
Criminal Code Offences,Metro Vancouver,RCMP Provincial,Bowen Island Prov,2008,131.0
Criminal Code Offences,Metro Vancouver,RCMP Municipal,Burnaby Mun,2008,17609.0
Criminal Code Offences,Bulkley Nechako,RCMP Provincial,Burns Lake Prov,2008,1111.0
Criminal Code Offences,Strathcona,RCMP Municipal,Campbell River Mun,2008,4170.0
Criminal Code Offences,Strathcona,RCMP Provincial,Campbell River Prov,2008,352.0
Criminal Code Offences,Central Kootenay,RCMP Municipal,Castlegar Mun,2008,1081.0
Criminal Code Offences,Central Kootenay,RCMP Provincial,Castlegar Prov,2008,249.0
Criminal Code Offences,Capital,Independent Municipal,Central Saanich Mun,2008,710.0
Criminal Code Offences,Thompson Nicola,RCMP Provincial,Chase Prov,2008,615.0
Criminal Code Offences,Peace River,RCMP Provincial,Chetwynd Prov,2008,782.0
Criminal Code Offences,Fraser Valley,RCMP Municipal,Chilliwack Mun,2008,9903.0
Criminal Code Offences,Fraser Valley,RCMP Provincial,Chilliwack Prov,2008,818.0
Criminal Code Offences,Thompson Nicola,RCMP Provincial,Clearwater Prov,2008,312.0
Criminal Code Offences,Thompson Nicola,RCMP Provincial,Clinton Prov,2008,134.0
Criminal Code Offences,North Okanagan,RCMP Municipal,Coldstream Mun,2008,495.0
Criminal Code Offences,East Kootenay,RCMP Provincial,Columbia Valley Prov,2008,962.0
Criminal Code Offences,Capital,RCMP Municipal,Colwood Mun,2008,937.0
Criminal Code Offences,Comox Valley,RCMP Municipal,Comox Mun,2008,784.0
Criminal Code Offences,Comox Valley,RCMP Provincial,Comox Valley Prov,2008,1347.0
Criminal Code Offences,Metro Vancouver,RCMP Municipal,Coquitlam Mun,2008,9300.0
Criminal Code Offences,Metro Vancouver,RCMP Provincial,Coquitlam Prov,2008,78.0
Criminal Code Offences,Comox Valley,RCMP Municipal,Courtenay Mun,2008,3197.0
Criminal Code Offences,East Kootenay,RCMP Municipal,Cranbrook Mun,2008,2229.0
Criminal Code Offences,East Kootenay,RCMP Provincial,Cranbrook Prov,2008,270.0
Criminal Code Offences,Central Kootenay,RCMP Municipal,Creston Mun,2008,NA
Criminal Code Offences,Central Kootenay,RCMP Provincial,Creston Prov,2008,932.0
Criminal Code Offences,Peace River,RCMP Municipal,Dawson Creek Mun,2008,1931.0
Criminal Code Offences,Peace River,RCMP Provincial,Dawson Creek Prov,2008,267.0
Criminal Code Offences,Kitimat Stikine,RCMP Provincial,Dease Lake Prov,2008,219.0
Criminal Code Offences,Metro Vancouver,Independent Municipal,Delta Mun,2008,6769.0
Criminal Code Offences,Cowichan Valley,RCMP Provincial,Duncan Prov,2008,2412.0
Criminal Code Offences,East Kootenay,RCMP Provincial,Elk Valley Prov,2008,1246.0
Criminal Code Offences,North Okanagan,RCMP Provincial,Enderby Prov,2008,448.0
Criminal Code Offences,Columbia Shuswap,RCMP Provincial,Falkland Prov,2008,150.0
Criminal Code Offences,Bulkley Nechako,RCMP Provincial,Fort St James Prov,2008,1203.0
Criminal Code Offences,Peace River,RCMP Municipal,Fort St John Mun,2008,3407.0
Criminal Code Offences,Peace River,RCMP Provincial,Fort St John Prov,2008,748.0
Criminal Code Offences,Bulkley Nechako,RCMP Provincial,Fraser Lake Prov,2008,404.0
Criminal Code Offences,Nanaimo,RCMP Provincial,Gabriola Island Prov,2008,282.0
Criminal Code Offences,Columbia Shuswap,RCMP Provincial,Golden Prov,2008,723.0
Criminal Code Offences,Fraser Valley,RCMP Municipal,Hope Mun,2008,1178.0
Criminal Code Offences,Fraser Valley,RCMP Provincial,Hope  Prov,2008,192.0
Criminal Code Offences,Bulkley Nechako,RCMP Provincial,Houston/Granisle Prov,2008,530.0
Criminal Code Offences,Peace River,RCMP Provincial,Hudson's Hope Prov,2008,88.0
Criminal Code Offences,Thompson Nicola,RCMP Municipal,Kamloops Mun,2008,10192.0
Criminal Code Offences,Central Kootenay,RCMP Provincial,Kaslo Prov,2008,99.0
Criminal Code Offences,Central Okanagan,RCMP Municipal,Kelowna Mun,2008,14611.0
Criminal Code Offences,Central Okanagan,RCMP Provincial,Kelowna Prov,2008,3768.0
Criminal Code Offences,Fraser Valley,RCMP Municipal,Kent Mun,2008,NA
Criminal Code Offences,Okanagan Similkameen,RCMP Provincial,Keremeos Prov,2008,377.0
Criminal Code Offences,East Kootenay,RCMP Municipal,Kimberley Mun,2008,578.0
Criminal Code Offences,East Kootenay,RCMP Provincial,Kimberley Prov,2008,69.0
Criminal Code Offences,Kitimat Stikine,RCMP Municipal,Kitimat Mun,2008,1008.0
Criminal Code Offences,Kitimat Stikine,RCMP Provincial,Kitimat Prov,2008,53.0
Criminal Code Offences,Cowichan Valley,RCMP Municipal,Ladysmith Mun,2008,664.0
Criminal Code Offences,Cowichan Valley,RCMP Provincial,Ladysmith Prov,2008,404.0
Criminal Code Offences,Central Okanagan,RCMP Municipal,Lake Country Mun,2008,803.0
Criminal Code Offences,Cowichan Valley,RCMP Provincial,Lake Cowichan Prov,2008,676.0
Criminal Code Offences,Capital,RCMP Municipal,Langford Mun,2008,2564.0
Criminal Code Offences,Metro Vancouver,RCMP Municipal,Langley City Mun,2008,3500.0
Criminal Code Offences,Metro Vancouver,RCMP Municipal,Langley Township Mun,2008,8138.0
Criminal Code Offences,Squamish Lillooet,RCMP Provincial,Lillooet Prov,2008,440.0
Criminal Code Offences,Kitimat Stikine,RCMP Provincial,Lisims/Nass Valley Prov,2008,492.0
Criminal Code Offences,Thompson Nicola,RCMP Provincial,Logan Lake Prov,2008,149.0
Criminal Code Offences,North Okanagan,RCMP Provincial,Lumby Prov,2008,395.0
Criminal Code Offences,Thompson Nicola,RCMP Provincial,Lytton Prov,2008,320.0
Criminal Code Offences,Fraser Fort George,RCMP Provincial,Mackenzie Prov,2008,400.0
Criminal Code Offences,Metro Vancouver,RCMP Municipal,Maple Ridge Mun,2008,7871.0
Criminal Code Offences,North Coast Regional District (22),RCMP Provincial,Masset Prov,2008,536.0
Criminal Code Offences,Fraser Fort George,RCMP Provincial,McBride Prov,2008,128.0
Criminal Code Offences,Thompson Nicola,RCMP Municipal,Merritt Mun,2008,1650.0
Criminal Code Offences,Thompson Nicola,RCMP Provincial,Merritt Prov,2008,304.0
Criminal Code Offences,Fraser Valley,RCMP Municipal,Mission Mun,2008,4717.0
Criminal Code Offences,Fraser Valley,RCMP Provincial,Mission Prov,2008,395.0
Criminal Code Offences,Central Kootenay,RCMP Provincial,Nakusp Prov,2008,227.0
Criminal Code Offences,Nanaimo,RCMP Municipal,Nanaimo Mun,2008,10336.0
Criminal Code Offences,Nanaimo,RCMP Provincial,Nanaimo Prov,2008,748.0
Criminal Code Offences,Central Kootenay,Independent Municipal,Nelson Mun,2008,1060.0
Criminal Code Offences,Central Kootenay,RCMP Provincial,Nelson Prov,2008,374.0
Criminal Code Offences,Kitimat Stikine,RCMP Provincial,New Hazelton Prov,2008,1189.0
Criminal Code Offences,Metro Vancouver,Independent Municipal,New Westminster Mun,2008,6536.0
Criminal Code Offences,Strathcona,RCMP Provincial,Nootka Sound Prov,2008,206.0
Criminal Code Offences,Cowichan Valley,RCMP Municipal,North Cowichan Mun,2008,2418.0
Criminal Code Offences,Capital,RCMP Municipal,North Saanich Mun,2008,451.0
Criminal Code Offences,Metro Vancouver,RCMP Municipal,North Vancouver City Mun,2008,4177.0
Criminal Code Offences,Metro Vancouver,RCMP Municipal,North Vancouver District Mun,2008,3911.0
Criminal Code Offences,Metro Vancouver,RCMP Provincial,North Vancouver Prov,2008,380.0
Criminal Code Offences,Northern Rockies,RCMP Municipal,Northern Rockies Mun,2008,NA
Criminal Code Offences,Northern Rockies,RCMP Provincial,Northern Rockies Prov,2008,1028.0
Criminal Code Offences,Capital,Independent Municipal,Oak Bay Mun,2008,854.0
Criminal Code Offences,Nanaimo,RCMP Provincial,Oceanside Prov,2008,1165.0
Criminal Code Offences,Cariboo,RCMP Provincial,One Hundred Mile House Prov,2008,986.0
Criminal Code Offences,Capital,RCMP Provincial,Outer Gulf  Islands Prov,2008,175.0
Criminal Code Offences,Nanaimo,RCMP Municipal,Parksville Mun,2008,1513.0
Criminal Code Offences,Central Okanagan,RCMP Municipal,Peachland Mun,2008,NA
Criminal Code Offences,Squamish Lillooet,RCMP Provincial,Pemberton Prov,2008,361.0
Criminal Code Offences,Okanagan Similkameen,RCMP Municipal,Penticton Mun,2008,4266.0
Criminal Code Offences,Okanagan Similkameen,RCMP Provincial,Penticton Prov,2008,637.0
Criminal Code Offences,Metro Vancouver,RCMP Municipal,Pitt Meadows Mun,2008,1625.0
Criminal Code Offences,Alberni Clayoquot,RCMP Municipal,Port Alberni Mun,2008,3171.0
Criminal Code Offences,Alberni Clayoquot,RCMP Provincial,Port Alberni Prov,2008,478.0
Criminal Code Offences,Mount Waddington,RCMP Provincial,Port Alice Prov,2008,82.0
Criminal Code Offences,Metro Vancouver,RCMP Municipal,Port Coquitlam Mun,2008,4402.0
Criminal Code Offences,Mount Waddington,RCMP Provincial,Port Hardy Prov,2008,1090.0
Criminal Code Offences,Mount Waddington,RCMP Provincial,Port McNeill Prov,2008,511.0
Criminal Code Offences,Metro Vancouver,Independent Municipal,Port Moody Mun,2008,1375.0
Criminal Code Offences,Powell River,RCMP Municipal,Powell River Mun,2008,1188.0
Criminal Code Offences,Powell River,RCMP Provincial,Powell River Prov,2008,380.0
Criminal Code Offences,Fraser Fort George,RCMP Municipal,Prince George Mun,2008,11043.0
Criminal Code Offences,Fraser Fort George,RCMP Provincial,Prince George Prov,2008,489.0
Criminal Code Offences,North Coast Regional District (22),RCMP Municipal,Prince Rupert Mun,2008,3224.0
Criminal Code Offences,North Coast Regional District (22),RCMP Provincial,Prince Rupert Prov,2008,354.0
Criminal Code Offences,Okanagan Similkameen,RCMP Provincial,Princeton Prov,2008,471.0
Criminal Code Offences,Strathcona,RCMP Provincial,Quadra Island Prov,2008,158.0
Criminal Code Offences,Nanaimo,RCMP Municipal,Qualicum Beach Mun,2008,713.0
Criminal Code Offences,North Coast Regional District (22),RCMP Provincial,Queen Charlotte Prov,2008,292.0
Criminal Code Offences,Cariboo,RCMP Municipal,Quesnel Mun,2008,2733.0
Criminal Code Offences,Cariboo,RCMP Provincial,Quesnel Prov,2008,899.0
Criminal Code Offences,Columbia Shuswap,RCMP Municipal,Revelstoke Mun,2008,866.0
Criminal Code Offences,Columbia Shuswap,RCMP Provincial,Revelstoke Prov,2008,66.0
Criminal Code Offences,Metro Vancouver,RCMP Municipal,Richmond Mun,2008,12796.0
Criminal Code Offences,Metro Vancouver,RCMP Provincial,Ridge Meadows Prov,2008,555.0
Criminal Code Offences,Capital,Independent Municipal,Saanich Mun,2008,5810.0
Criminal Code Offences,Central Kootenay,RCMP Provincial,Salmo Prov,2008,297.0
Criminal Code Offences,Columbia Shuswap,RCMP Municipal,Salmon Arm Mun,2008,1687.0
Criminal Code Offences,Columbia Shuswap,RCMP Provincial,Salmon Arm Prov,2008,458.0
Criminal Code Offences,Capital,RCMP Provincial,Saltspring Island Prov,2008,692.0
Criminal Code Offences,Strathcona,RCMP Provincial,Sayward Prov,2008,111.0
Criminal Code Offences,Sunshine Coast,RCMP Municipal,Sechelt Mun,2008,889.0
Criminal Code Offences,Cowichan Valley,RCMP Provincial,Shawnigan Lake Prov,2008,976.0
Criminal Code Offences,Columbia Shuswap,RCMP Provincial,Sicamous Prov,2008,360.0
Criminal Code Offences,Capital,RCMP Municipal,Sidney Mun,2008,793.0
Criminal Code Offences,Capital,RCMP Provincial,Sidney Prov,2008,336.0
Criminal Code Offences,Central Kootenay,RCMP Provincial,Slocan Lake Prov,2008,57.0
Criminal Code Offences,Bulkley Nechako,RCMP Municipal,Smithers Mun,2008,1177.0
Criminal Code Offences,Bulkley Nechako,RCMP Provincial,Smithers Prov,2008,390.0
Criminal Code Offences,Capital,RCMP Municipal,Sooke Mun,2008,1134.0
Criminal Code Offences,Capital,RCMP Provincial,Sooke Prov,2008,347.0
Criminal Code Offences,Okanagan Similkameen,RCMP Provincial,South Okanagan/Oliver,2008,851.0
Criminal Code Offences,Okanagan Similkameen,RCMP Provincial,South Okanagan/Osoyoos,2008,811.0
Criminal Code Offences,North Okanagan,RCMP Municipal,Spallumcheen Mun,2008,NA
Criminal Code Offences,Squamish Lillooet,RCMP Municipal,Squamish Mun,2008,2408.0
Criminal Code Offences,Squamish Lillooet,RCMP Provincial,Squamish Prov,2008,161.0
Criminal Code Offences,Kitimat Stikine,RCMP Provincial,Stewart Prov,2008,50.0
Criminal Code Offences,Squamish Lillooet,First Nations Aboriginal Police Service,Stl'atl'imx FNAPS,2008,549.0
Criminal Code Offences,Okanagan Similkameen,RCMP Municipal,Summerland Mun,2008,600.0
Criminal Code Offences,Sunshine Coast,RCMP Provincial,Sunshine Coast Prov,2008,1551.0
Criminal Code Offences,Metro Vancouver,RCMP Municipal,Surrey Mun,2008,45596.0
Criminal Code Offences,Bulkley Nechako,RCMP Provincial,Takla Landing Prov,2008,61.0
Criminal Code Offences,Kitimat Stikine,RCMP Municipal,Terrace Mun,2008,2537.0
Criminal Code Offences,Kitimat Stikine,RCMP Provincial,Terrace Prov,2008,583.0
Criminal Code Offences,Powell River,RCMP Provincial,Texada Island Prov,2008,64.0
Criminal Code Offences,Thompson Nicola,RCMP Provincial,T'Kumlups Prov,2008,754.0
Criminal Code Offences,Alberni Clayoquot,RCMP Provincial,Tofino Prov,2008,843.0
Criminal Code Offences,Kootenay Boundary,RCMP Municipal,Trail Mun,2008,951.0
Criminal Code Offences,Kootenay Boundary,RCMP Provincial,Trail and Greater District,2008,539.0
Criminal Code Offences,Fraser Fort George,RCMP Provincial,Tsay Keh Dene Prov,2008,275.0
Criminal Code Offences,Peace River,RCMP Provincial,Tumbler Ridge Prov,2008,430.0
Criminal Code Offences,Alberni Clayoquot,RCMP Provincial,Ucluelet Prov,2008,375.0
Criminal Code Offences,Metro Vancouver,RCMP Provincial,University Prov,2008,969.0
Criminal Code Offences,Fraser Fort George,RCMP Provincial,Valemount Prov,2008,203.0
Criminal Code Offences,Metro Vancouver,Independent Municipal,Vancouver Mun,2008,55508.0
Criminal Code Offences,Bulkley Nechako,RCMP Provincial,Vanderhoof Prov,2008,1106.0
Criminal Code Offences,North Okanagan,RCMP Municipal,Vernon Mun,2008,5552.0
Criminal Code Offences,North Okanagan,RCMP Provincial,Vernon Prov,2008,659.0
Criminal Code Offences,Capital,Independent Municipal,Victoria Mun,2008,13823.0
Criminal Code Offences,Capital,RCMP Municipal,View Royal Mun,2008,697.0
Criminal Code Offences,Cariboo,RCMP Provincial,Wells Prov,2008,30.0
Criminal Code Offences,Central Okanagan,RCMP Municipal,West Kelowna Mun,2008,NA
Criminal Code Offences,Capital,RCMP Provincial,West Shore Prov,2008,539.0
Criminal Code Offences,Metro Vancouver,Independent Municipal,West Vancouver Mun,2008,2261.0
Criminal Code Offences,Squamish Lillooet,RCMP Municipal,Whistler Mun,2008,1916.0
Criminal Code Offences,Squamish Lillooet,RCMP Provincial,Whistler Prov,2008,66.0
Criminal Code Offences,Metro Vancouver,RCMP Municipal,White Rock Mun,2008,1330.0
Criminal Code Offences,Cariboo,RCMP Municipal,Williams Lake Mun,2008,3636.0
Criminal Code Offences,Cariboo,RCMP Provincial,Williams Lake Prov,2008,756.0
Crime Rates,Fraser Valley,Independent Municipal,Abbotsford Mun,2008,87.84
Crime Rates,Fraser Valley,RCMP Provincial,Agassiz Prov,2008,119.61999999999999
Crime Rates,Mount Waddington,RCMP Provincial,Alert Bay Prov,2008,202.10999999999999
Crime Rates,Cariboo,RCMP Provincial,Alexis Creek Prov,2008,251.44
Crime Rates,Cariboo,RCMP Provincial,Anahim Lake Prov,2008,393.6
Crime Rates,North Okanagan,RCMP Provincial,Armstrong Prov,2008,51.8
Crime Rates,Thompson Nicola,RCMP Provincial,Ashcroft Prov,2008,131.79
Crime Rates,Kitimat Stikine,RCMP Provincial,Atlin Prov,2008,152.26999999999998
Crime Rates,Thompson Nicola,RCMP Provincial,Barriere Prov,2008,60.3
Crime Rates,Central Coast,RCMP Provincial,Bella Bella Prov,2008,299.68
Crime Rates,Central Coast,RCMP Provincial,Bella Coola Prov,2008,192.53
Crime Rates,Fraser Valley,RCMP Provincial,Boston Bar Prov,2008,217.66
Crime Rates,Kootenay Boundary,RCMP Provincial,Boundary/Grand Forks Prov,2008,88.09
Crime Rates,Kootenay Boundary,RCMP Provincial,Boundary/Midway Prov,2008,78.51
Crime Rates,Metro Vancouver,RCMP Provincial,Bowen Island Prov,2008,37.93
Crime Rates,Metro Vancouver,RCMP Municipal,Burnaby Mun,2008,80.72
Crime Rates,Bulkley Nechako,RCMP Provincial,Burns Lake Prov,2008,177.9
Crime Rates,Strathcona,RCMP Municipal,Campbell River Mun,2008,135.12
Crime Rates,Strathcona,RCMP Provincial,Campbell River Prov,2008,65.33
Crime Rates,Central Kootenay,RCMP Municipal,Castlegar Mun,2008,142.09
Crime Rates,Central Kootenay,RCMP Provincial,Castlegar Prov,2008,41.690000000000005
Crime Rates,Capital,Independent Municipal,Central Saanich Mun,2008,44.11
Crime Rates,Thompson Nicola,RCMP Provincial,Chase Prov,2008,72.83
Crime Rates,Peace River,RCMP Provincial,Chetwynd Prov,2008,147.58
Crime Rates,Fraser Valley,RCMP Municipal,Chilliwack Mun,2008,126.38
Crime Rates,Fraser Valley,RCMP Provincial,Chilliwack Prov,2008,163.18
Crime Rates,Thompson Nicola,RCMP Provincial,Clearwater Prov,2008,71.48
Crime Rates,Thompson Nicola,RCMP Provincial,Clinton Prov,2008,73.71000000000001
Crime Rates,North Okanagan,RCMP Municipal,Coldstream Mun,2008,48.7
Crime Rates,East Kootenay,RCMP Provincial,Columbia Valley Prov,2008,101.61999999999999
Crime Rates,Capital,RCMP Municipal,Colwood Mun,2008,59.1
Crime Rates,Comox Valley,RCMP Municipal,Comox Mun,2008,58.83
Crime Rates,Comox Valley,RCMP Provincial,Comox Valley Prov,2008,52.230000000000004
Crime Rates,Metro Vancouver,RCMP Municipal,Coquitlam Mun,2008,75.81
Crime Rates,Metro Vancouver,RCMP Provincial,Coquitlam Prov,2008,28.38
Crime Rates,Comox Valley,RCMP Municipal,Courtenay Mun,2008,134.64
Crime Rates,East Kootenay,RCMP Municipal,Cranbrook Mun,2008,116.46000000000001
Crime Rates,East Kootenay,RCMP Provincial,Cranbrook Prov,2008,39.879999999999995
Crime Rates,Central Kootenay,RCMP Municipal,Creston Mun,2008,NA
Crime Rates,Central Kootenay,RCMP Provincial,Creston Prov,2008,70.55
Crime Rates,Peace River,RCMP Municipal,Dawson Creek Mun,2008,172.84
Crime Rates,Peace River,RCMP Provincial,Dawson Creek Prov,2008,39.11
Crime Rates,Kitimat Stikine,RCMP Provincial,Dease Lake Prov,2008,170.96
Crime Rates,Metro Vancouver,Independent Municipal,Delta Mun,2008,67.22
Crime Rates,Cowichan Valley,RCMP Provincial,Duncan Prov,2008,166.94
Crime Rates,East Kootenay,RCMP Provincial,Elk Valley Prov,2008,91.73
Crime Rates,North Okanagan,RCMP Provincial,Enderby Prov,2008,64.64
Crime Rates,Columbia Shuswap,RCMP Provincial,Falkland Prov,2008,50.74
Crime Rates,Bulkley Nechako,RCMP Provincial,Fort St James Prov,2008,292.35
Crime Rates,Peace River,RCMP Municipal,Fort St John Mun,2008,186.92000000000002
Crime Rates,Peace River,RCMP Provincial,Fort St John Prov,2008,53.790000000000006
Crime Rates,Bulkley Nechako,RCMP Provincial,Fraser Lake Prov,2008,123.43
Crime Rates,Nanaimo,RCMP Provincial,Gabriola Island Prov,2008,69.53
Crime Rates,Columbia Shuswap,RCMP Provincial,Golden Prov,2008,101.83
Crime Rates,Fraser Valley,RCMP Municipal,Hope Mun,2008,192.8
Crime Rates,Fraser Valley,RCMP Provincial,Hope  Prov,2008,161.20999999999998
Crime Rates,Bulkley Nechako,RCMP Provincial,Houston/Granisle Prov,2008,118.81
Crime Rates,Peace River,RCMP Provincial,Hudson's Hope Prov,2008,72.25
Crime Rates,Thompson Nicola,RCMP Municipal,Kamloops Mun,2008,118.31
Crime Rates,Central Kootenay,RCMP Provincial,Kaslo Prov,2008,40.99
Crime Rates,Central Okanagan,RCMP Municipal,Kelowna Mun,2008,124.11
Crime Rates,Central Okanagan,RCMP Provincial,Kelowna Prov,2008,77.69
Crime Rates,Fraser Valley,RCMP Municipal,Kent Mun,2008,NA
Crime Rates,Okanagan Similkameen,RCMP Provincial,Keremeos Prov,2008,77.29
Crime Rates,East Kootenay,RCMP Municipal,Kimberley Mun,2008,88.73
Crime Rates,East Kootenay,RCMP Provincial,Kimberley Prov,2008,35.01
Crime Rates,Kitimat Stikine,RCMP Municipal,Kitimat Mun,2008,112.64999999999999
Crime Rates,Kitimat Stikine,RCMP Provincial,Kitimat Prov,2008,100.0
Crime Rates,Cowichan Valley,RCMP Municipal,Ladysmith Mun,2008,83.88
Crime Rates,Cowichan Valley,RCMP Provincial,Ladysmith Prov,2008,71.43
Crime Rates,Central Okanagan,RCMP Municipal,Lake Country Mun,2008,72.76
Crime Rates,Cowichan Valley,RCMP Provincial,Lake Cowichan Prov,2008,115.3
Crime Rates,Capital,RCMP Municipal,Langford Mun,2008,97.96000000000001
Crime Rates,Metro Vancouver,RCMP Municipal,Langley City Mun,2008,138.37
Crime Rates,Metro Vancouver,RCMP Municipal,Langley Township Mun,2008,79.64
Crime Rates,Squamish Lillooet,RCMP Provincial,Lillooet Prov,2008,135.05
Crime Rates,Kitimat Stikine,RCMP Provincial,Lisims/Nass Valley Prov,2008,250.64
Crime Rates,Thompson Nicola,RCMP Provincial,Logan Lake Prov,2008,56.53
Crime Rates,North Okanagan,RCMP Provincial,Lumby Prov,2008,66.78
Crime Rates,Thompson Nicola,RCMP Provincial,Lytton Prov,2008,165.72
Crime Rates,Fraser Fort George,RCMP Provincial,Mackenzie Prov,2008,93.28
Crime Rates,Metro Vancouver,RCMP Municipal,Maple Ridge Mun,2008,105.86999999999999
Crime Rates,North Coast Regional District (22),RCMP Provincial,Masset Prov,2008,246.44
Crime Rates,Fraser Fort George,RCMP Provincial,McBride Prov,2008,73.27
Crime Rates,Thompson Nicola,RCMP Municipal,Merritt Mun,2008,222.04
Crime Rates,Thompson Nicola,RCMP Provincial,Merritt Prov,2008,77.95
Crime Rates,Fraser Valley,RCMP Municipal,Mission Mun,2008,128.49
Crime Rates,Fraser Valley,RCMP Provincial,Mission Prov,2008,90.31
Crime Rates,Central Kootenay,RCMP Provincial,Nakusp Prov,2008,67.56
Crime Rates,Nanaimo,RCMP Municipal,Nanaimo Mun,2008,125.52
Crime Rates,Nanaimo,RCMP Provincial,Nanaimo Prov,2008,53.41
Crime Rates,Central Kootenay,Independent Municipal,Nelson Mun,2008,106.14
Crime Rates,Central Kootenay,RCMP Provincial,Nelson Prov,2008,31.66
Crime Rates,Kitimat Stikine,RCMP Provincial,New Hazelton Prov,2008,214.78
Crime Rates,Metro Vancouver,Independent Municipal,New Westminster Mun,2008,102.76
Crime Rates,Strathcona,RCMP Provincial,Nootka Sound Prov,2008,99.09
Crime Rates,Cowichan Valley,RCMP Municipal,North Cowichan Mun,2008,83.7
Crime Rates,Capital,RCMP Municipal,North Saanich Mun,2008,40.9
Crime Rates,Metro Vancouver,RCMP Municipal,North Vancouver City Mun,2008,88.64
Crime Rates,Metro Vancouver,RCMP Municipal,North Vancouver District Mun,2008,45.99
Crime Rates,Metro Vancouver,RCMP Provincial,North Vancouver Prov,2008,183.93
Crime Rates,Northern Rockies,RCMP Municipal,Northern Rockies Mun,2008,NA
Crime Rates,Northern Rockies,RCMP Provincial,Northern Rockies Prov,2008,173.8
Crime Rates,Capital,Independent Municipal,Oak Bay Mun,2008,47.27
Crime Rates,Nanaimo,RCMP Provincial,Oceanside Prov,2008,48.06
Crime Rates,Cariboo,RCMP Provincial,One Hundred Mile House Prov,2008,75.54
Crime Rates,Capital,RCMP Provincial,Outer Gulf  Islands Prov,2008,37.25
Crime Rates,Nanaimo,RCMP Municipal,Parksville Mun,2008,128.6
Crime Rates,Central Okanagan,RCMP Municipal,Peachland Mun,2008,NA
Crime Rates,Squamish Lillooet,RCMP Provincial,Pemberton Prov,2008,86.88
Crime Rates,Okanagan Similkameen,RCMP Municipal,Penticton Mun,2008,129.26999999999998
Crime Rates,Okanagan Similkameen,RCMP Provincial,Penticton Prov,2008,53.89
Crime Rates,Metro Vancouver,RCMP Municipal,Pitt Meadows Mun,2008,93.46000000000001
Crime Rates,Alberni Clayoquot,RCMP Municipal,Port Alberni Mun,2008,179.60999999999999
Crime Rates,Alberni Clayoquot,RCMP Provincial,Port Alberni Prov,2008,58.0
Crime Rates,Mount Waddington,RCMP Provincial,Port Alice Prov,2008,95.02
Crime Rates,Metro Vancouver,RCMP Municipal,Port Coquitlam Mun,2008,79.4
Crime Rates,Mount Waddington,RCMP Provincial,Port Hardy Prov,2008,203.78
Crime Rates,Mount Waddington,RCMP Provincial,Port McNeill Prov,2008,111.21000000000001
Crime Rates,Metro Vancouver,Independent Municipal,Port Moody Mun,2008,43.87
Crime Rates,Powell River,RCMP Municipal,Powell River Mun,2008,90.6
Crime Rates,Powell River,RCMP Provincial,Powell River Prov,2008,69.5
Crime Rates,Fraser Fort George,RCMP Municipal,Prince George Mun,2008,151.56
Crime Rates,Fraser Fort George,RCMP Provincial,Prince George Prov,2008,36.41
Crime Rates,North Coast Regional District (22),RCMP Municipal,Prince Rupert Mun,2008,253.4
Crime Rates,North Coast Regional District (22),RCMP Provincial,Prince Rupert Prov,2008,168.17
Crime Rates,Okanagan Similkameen,RCMP Provincial,Princeton Prov,2008,96.93
Crime Rates,Strathcona,RCMP Provincial,Quadra Island Prov,2008,44.18
Crime Rates,Nanaimo,RCMP Municipal,Qualicum Beach Mun,2008,81.51
Crime Rates,North Coast Regional District (22),RCMP Provincial,Queen Charlotte Prov,2008,119.48
Crime Rates,Cariboo,RCMP Municipal,Quesnel Mun,2008,282.1
Crime Rates,Cariboo,RCMP Provincial,Quesnel Prov,2008,66.55
Crime Rates,Columbia Shuswap,RCMP Municipal,Revelstoke Mun,2008,120.13
Crime Rates,Columbia Shuswap,RCMP Provincial,Revelstoke Prov,2008,111.67999999999999
Crime Rates,Metro Vancouver,RCMP Municipal,Richmond Mun,2008,67.98
Crime Rates,Metro Vancouver,RCMP Provincial,Ridge Meadows Prov,2008,5721.6500000000005
Crime Rates,Capital,Independent Municipal,Saanich Mun,2008,51.730000000000004
Crime Rates,Central Kootenay,RCMP Provincial,Salmo Prov,2008,116.7
Crime Rates,Columbia Shuswap,RCMP Municipal,Salmon Arm Mun,2008,98.28
Crime Rates,Columbia Shuswap,RCMP Provincial,Salmon Arm Prov,2008,47.790000000000006
Crime Rates,Capital,RCMP Provincial,Saltspring Island Prov,2008,67.92
Crime Rates,Strathcona,RCMP Provincial,Sayward Prov,2008,139.26999999999998
Crime Rates,Sunshine Coast,RCMP Municipal,Sechelt Mun,2008,100.6
Crime Rates,Cowichan Valley,RCMP Provincial,Shawnigan Lake Prov,2008,56.64
Crime Rates,Columbia Shuswap,RCMP Provincial,Sicamous Prov,2008,86.89
Crime Rates,Capital,RCMP Municipal,Sidney Mun,2008,69.61
Crime Rates,Capital,RCMP Provincial,Sidney Prov,2008,97.25
Crime Rates,Central Kootenay,RCMP Provincial,Slocan Lake Prov,2008,28.7
Crime Rates,Bulkley Nechako,RCMP Municipal,Smithers Mun,2008,221.03
Crime Rates,Bulkley Nechako,RCMP Provincial,Smithers Prov,2008,52.290000000000006
Crime Rates,Capital,RCMP Municipal,Sooke Mun,2008,105.85
Crime Rates,Capital,RCMP Provincial,Sooke Prov,2008,76.92
Crime Rates,Okanagan Similkameen,RCMP Provincial,South Okanagan/Oliver,2008,97.19
Crime Rates,Okanagan Similkameen,RCMP Provincial,South Okanagan/Osoyoos,2008,109.11
Crime Rates,North Okanagan,RCMP Municipal,Spallumcheen Mun,2008,NA
Crime Rates,Squamish Lillooet,RCMP Municipal,Squamish Mun,2008,146.17
Crime Rates,Squamish Lillooet,RCMP Provincial,Squamish Prov,2008,82.14
Crime Rates,Kitimat Stikine,RCMP Provincial,Stewart Prov,2008,98.61999999999999
Crime Rates,Squamish Lillooet,First Nations Aboriginal Police Service,Stl'atl'imx FNAPS,2008,186.04
Crime Rates,Okanagan Similkameen,RCMP Municipal,Summerland Mun,2008,53.18
Crime Rates,Sunshine Coast,RCMP Provincial,Sunshine Coast Prov,2008,79.03
Crime Rates,Metro Vancouver,RCMP Municipal,Surrey Mun,2008,103.93
Crime Rates,Bulkley Nechako,RCMP Provincial,Takla Landing Prov,2008,331.52
Crime Rates,Kitimat Stikine,RCMP Municipal,Terrace Mun,2008,223.23
Crime Rates,Kitimat Stikine,RCMP Provincial,Terrace Prov,2008,77.29
Crime Rates,Powell River,RCMP Provincial,Texada Island Prov,2008,61.54
Crime Rates,Thompson Nicola,RCMP Provincial,T'Kumlups Prov,2008,93.84
Crime Rates,Alberni Clayoquot,RCMP Provincial,Tofino Prov,2008,266.6
Crime Rates,Kootenay Boundary,RCMP Municipal,Trail Mun,2008,126.29
Crime Rates,Kootenay Boundary,RCMP Provincial,Trail and Greater District,2008,48.64
Crime Rates,Fraser Fort George,RCMP Provincial,Tsay Keh Dene Prov,2008,743.24
Crime Rates,Peace River,RCMP Provincial,Tumbler Ridge Prov,2008,162.02
Crime Rates,Alberni Clayoquot,RCMP Provincial,Ucluelet Prov,2008,173.05
Crime Rates,Metro Vancouver,RCMP Provincial,University Prov,2008,82.25
Crime Rates,Fraser Fort George,RCMP Provincial,Valemount Prov,2008,127.91000000000001
Crime Rates,Metro Vancouver,Independent Municipal,Vancouver Mun,2008,91.77
Crime Rates,Bulkley Nechako,RCMP Provincial,Vanderhoof Prov,2008,132.42000000000002
Crime Rates,North Okanagan,RCMP Municipal,Vernon Mun,2008,145.49
Crime Rates,North Okanagan,RCMP Provincial,Vernon Prov,2008,56.760000000000005
Crime Rates,Capital,Independent Municipal,Victoria Mun,2008,140.5
Crime Rates,Capital,RCMP Municipal,View Royal Mun,2008,75.43
Crime Rates,Cariboo,RCMP Provincial,Wells Prov,2008,84.75
Crime Rates,Central Okanagan,RCMP Municipal,West Kelowna Mun,2008,NA
Crime Rates,Capital,RCMP Provincial,West Shore Prov,2008,60.47
Crime Rates,Metro Vancouver,Independent Municipal,West Vancouver Mun,2008,50.39
Crime Rates,Squamish Lillooet,RCMP Municipal,Whistler Mun,2008,198.94
Crime Rates,Squamish Lillooet,RCMP Provincial,Whistler Prov,2008,224.49
Crime Rates,Metro Vancouver,RCMP Municipal,White Rock Mun,2008,70.41000000000001
Crime Rates,Cariboo,RCMP Municipal,Williams Lake Mun,2008,325.57
Crime Rates,Cariboo,RCMP Provincial,Williams Lake Prov,2008,57.77
Violent Offenses,Fraser Valley,Independent Municipal,Abbotsford Mun,2008,1965.0
Violent Offenses,Fraser Valley,RCMP Provincial,Agassiz Prov,2008,205.0
Violent Offenses,Mount Waddington,RCMP Provincial,Alert Bay Prov,2008,91.0
Violent Offenses,Cariboo,RCMP Provincial,Alexis Creek Prov,2008,139.0
Violent Offenses,Cariboo,RCMP Provincial,Anahim Lake Prov,2008,72.0
Violent Offenses,North Okanagan,RCMP Provincial,Armstrong Prov,2008,83.0
Violent Offenses,Thompson Nicola,RCMP Provincial,Ashcroft Prov,2008,116.0
Violent Offenses,Kitimat Stikine,RCMP Provincial,Atlin Prov,2008,28.0
Violent Offenses,Thompson Nicola,RCMP Provincial,Barriere Prov,2008,86.0
Violent Offenses,Central Coast,RCMP Provincial,Bella Bella Prov,2008,118.0
Violent Offenses,Central Coast,RCMP Provincial,Bella Coola Prov,2008,72.0
Violent Offenses,Fraser Valley,RCMP Provincial,Boston Bar Prov,2008,24.0
Violent Offenses,Kootenay Boundary,RCMP Provincial,Boundary/Grand Forks Prov,2008,113.0
Violent Offenses,Kootenay Boundary,RCMP Provincial,Boundary/Midway Prov,2008,42.0
Violent Offenses,Metro Vancouver,RCMP Provincial,Bowen Island Prov,2008,21.0
Violent Offenses,Metro Vancouver,RCMP Municipal,Burnaby Mun,2008,2886.0
Violent Offenses,Bulkley Nechako,RCMP Provincial,Burns Lake Prov,2008,298.0
Violent Offenses,Strathcona,RCMP Municipal,Campbell River Mun,2008,767.0
Violent Offenses,Strathcona,RCMP Provincial,Campbell River Prov,2008,58.0
Violent Offenses,Central Kootenay,RCMP Municipal,Castlegar Mun,2008,189.0
Violent Offenses,Central Kootenay,RCMP Provincial,Castlegar Prov,2008,54.0
Violent Offenses,Capital,Independent Municipal,Central Saanich Mun,2008,96.0
Violent Offenses,Thompson Nicola,RCMP Provincial,Chase Prov,2008,143.0
Violent Offenses,Peace River,RCMP Provincial,Chetwynd Prov,2008,168.0
Violent Offenses,Fraser Valley,RCMP Municipal,Chilliwack Mun,2008,1118.0
Violent Offenses,Fraser Valley,RCMP Provincial,Chilliwack Prov,2008,117.0
Violent Offenses,Thompson Nicola,RCMP Provincial,Clearwater Prov,2008,73.0
Violent Offenses,Thompson Nicola,RCMP Provincial,Clinton Prov,2008,30.0
Violent Offenses,North Okanagan,RCMP Municipal,Coldstream Mun,2008,76.0
Violent Offenses,East Kootenay,RCMP Provincial,Columbia Valley Prov,2008,194.0
Violent Offenses,Capital,RCMP Municipal,Colwood Mun,2008,174.0
Violent Offenses,Comox Valley,RCMP Municipal,Comox Mun,2008,105.0
Violent Offenses,Comox Valley,RCMP Provincial,Comox Valley Prov,2008,198.0
Violent Offenses,Metro Vancouver,RCMP Municipal,Coquitlam Mun,2008,1128.0
Violent Offenses,Metro Vancouver,RCMP Provincial,Coquitlam Prov,2008,16.0
Violent Offenses,Comox Valley,RCMP Municipal,Courtenay Mun,2008,466.0
Violent Offenses,East Kootenay,RCMP Municipal,Cranbrook Mun,2008,457.0
Violent Offenses,East Kootenay,RCMP Provincial,Cranbrook Prov,2008,73.0
Violent Offenses,Central Kootenay,RCMP Municipal,Creston Mun,2008,NA
Violent Offenses,Central Kootenay,RCMP Provincial,Creston Prov,2008,217.0
Violent Offenses,Peace River,RCMP Municipal,Dawson Creek Mun,2008,333.0
Violent Offenses,Peace River,RCMP Provincial,Dawson Creek Prov,2008,47.0
Violent Offenses,Kitimat Stikine,RCMP Provincial,Dease Lake Prov,2008,68.0
Violent Offenses,Metro Vancouver,Independent Municipal,Delta Mun,2008,1037.0
Violent Offenses,Cowichan Valley,RCMP Provincial,Duncan Prov,2008,468.0
Violent Offenses,East Kootenay,RCMP Provincial,Elk Valley Prov,2008,244.0
Violent Offenses,North Okanagan,RCMP Provincial,Enderby Prov,2008,90.0
Violent Offenses,Columbia Shuswap,RCMP Provincial,Falkland Prov,2008,29.0
Violent Offenses,Bulkley Nechako,RCMP Provincial,Fort St James Prov,2008,344.0
Violent Offenses,Peace River,RCMP Municipal,Fort St John Mun,2008,765.0
Violent Offenses,Peace River,RCMP Provincial,Fort St John Prov,2008,188.0
Violent Offenses,Bulkley Nechako,RCMP Provincial,Fraser Lake Prov,2008,147.0
Violent Offenses,Nanaimo,RCMP Provincial,Gabriola Island Prov,2008,56.0
Violent Offenses,Columbia Shuswap,RCMP Provincial,Golden Prov,2008,141.0
Violent Offenses,Fraser Valley,RCMP Municipal,Hope Mun,2008,173.0
Violent Offenses,Fraser Valley,RCMP Provincial,Hope  Prov,2008,27.0
Violent Offenses,Bulkley Nechako,RCMP Provincial,Houston/Granisle Prov,2008,143.0
Violent Offenses,Peace River,RCMP Provincial,Hudson's Hope Prov,2008,26.0
Violent Offenses,Thompson Nicola,RCMP Municipal,Kamloops Mun,2008,2068.0
Violent Offenses,Central Kootenay,RCMP Provincial,Kaslo Prov,2008,18.0
Violent Offenses,Central Okanagan,RCMP Municipal,Kelowna Mun,2008,2534.0
Violent Offenses,Central Okanagan,RCMP Provincial,Kelowna Prov,2008,694.0
Violent Offenses,Fraser Valley,RCMP Municipal,Kent Mun,2008,NA
Violent Offenses,Okanagan Similkameen,RCMP Provincial,Keremeos Prov,2008,76.0
Violent Offenses,East Kootenay,RCMP Municipal,Kimberley Mun,2008,115.0
Violent Offenses,East Kootenay,RCMP Provincial,Kimberley Prov,2008,4.0
Violent Offenses,Kitimat Stikine,RCMP Municipal,Kitimat Mun,2008,199.0
Violent Offenses,Kitimat Stikine,RCMP Provincial,Kitimat Prov,2008,13.0
Violent Offenses,Cowichan Valley,RCMP Municipal,Ladysmith Mun,2008,86.0
Violent Offenses,Cowichan Valley,RCMP Provincial,Ladysmith Prov,2008,84.0
Violent Offenses,Central Okanagan,RCMP Municipal,Lake Country Mun,2008,174.0
Violent Offenses,Cowichan Valley,RCMP Provincial,Lake Cowichan Prov,2008,128.0
Violent Offenses,Capital,RCMP Municipal,Langford Mun,2008,456.0
Violent Offenses,Metro Vancouver,RCMP Municipal,Langley City Mun,2008,425.0
Violent Offenses,Metro Vancouver,RCMP Municipal,Langley Township Mun,2008,996.0
Violent Offenses,Squamish Lillooet,RCMP Provincial,Lillooet Prov,2008,78.0
Violent Offenses,Kitimat Stikine,RCMP Provincial,Lisims/Nass Valley Prov,2008,146.0
Violent Offenses,Thompson Nicola,RCMP Provincial,Logan Lake Prov,2008,40.0
Violent Offenses,North Okanagan,RCMP Provincial,Lumby Prov,2008,93.0
Violent Offenses,Thompson Nicola,RCMP Provincial,Lytton Prov,2008,57.0
Violent Offenses,Fraser Fort George,RCMP Provincial,Mackenzie Prov,2008,98.0
Violent Offenses,Metro Vancouver,RCMP Municipal,Maple Ridge Mun,2008,1140.0
Violent Offenses,North Coast Regional District (22),RCMP Provincial,Masset Prov,2008,125.0
Violent Offenses,Fraser Fort George,RCMP Provincial,McBride Prov,2008,23.0
Violent Offenses,Thompson Nicola,RCMP Municipal,Merritt Mun,2008,245.0
Violent Offenses,Thompson Nicola,RCMP Provincial,Merritt Prov,2008,70.0
Violent Offenses,Fraser Valley,RCMP Municipal,Mission Mun,2008,750.0
Violent Offenses,Fraser Valley,RCMP Provincial,Mission Prov,2008,70.0
Violent Offenses,Central Kootenay,RCMP Provincial,Nakusp Prov,2008,51.0
Violent Offenses,Nanaimo,RCMP Municipal,Nanaimo Mun,2008,1632.0
Violent Offenses,Nanaimo,RCMP Provincial,Nanaimo Prov,2008,102.0
Violent Offenses,Central Kootenay,Independent Municipal,Nelson Mun,2008,112.0
Violent Offenses,Central Kootenay,RCMP Provincial,Nelson Prov,2008,109.0
Violent Offenses,Kitimat Stikine,RCMP Provincial,New Hazelton Prov,2008,288.0
Violent Offenses,Metro Vancouver,Independent Municipal,New Westminster Mun,2008,1204.0
Violent Offenses,Strathcona,RCMP Provincial,Nootka Sound Prov,2008,54.0
Violent Offenses,Cowichan Valley,RCMP Municipal,North Cowichan Mun,2008,409.0
Violent Offenses,Capital,RCMP Municipal,North Saanich Mun,2008,42.0
Violent Offenses,Metro Vancouver,RCMP Municipal,North Vancouver City Mun,2008,531.0
Violent Offenses,Metro Vancouver,RCMP Municipal,North Vancouver District Mun,2008,509.0
Violent Offenses,Metro Vancouver,RCMP Provincial,North Vancouver Prov,2008,92.0
Violent Offenses,Northern Rockies,RCMP Municipal,Northern Rockies Mun,2008,NA
Violent Offenses,Northern Rockies,RCMP Provincial,Northern Rockies Prov,2008,258.0
Violent Offenses,Capital,Independent Municipal,Oak Bay Mun,2008,53.0
Violent Offenses,Nanaimo,RCMP Provincial,Oceanside Prov,2008,135.0
Violent Offenses,Cariboo,RCMP Provincial,One Hundred Mile House Prov,2008,171.0
Violent Offenses,Capital,RCMP Provincial,Outer Gulf  Islands Prov,2008,35.0
Violent Offenses,Nanaimo,RCMP Municipal,Parksville Mun,2008,156.0
Violent Offenses,Central Okanagan,RCMP Municipal,Peachland Mun,2008,NA
Violent Offenses,Squamish Lillooet,RCMP Provincial,Pemberton Prov,2008,73.0
Violent Offenses,Okanagan Similkameen,RCMP Municipal,Penticton Mun,2008,700.0
Violent Offenses,Okanagan Similkameen,RCMP Provincial,Penticton Prov,2008,120.0
Violent Offenses,Metro Vancouver,RCMP Municipal,Pitt Meadows Mun,2008,260.0
Violent Offenses,Alberni Clayoquot,RCMP Municipal,Port Alberni Mun,2008,652.0
Violent Offenses,Alberni Clayoquot,RCMP Provincial,Port Alberni Prov,2008,96.0
Violent Offenses,Mount Waddington,RCMP Provincial,Port Alice Prov,2008,22.0
Violent Offenses,Metro Vancouver,RCMP Municipal,Port Coquitlam Mun,2008,565.0
Violent Offenses,Mount Waddington,RCMP Provincial,Port Hardy Prov,2008,178.0
Violent Offenses,Mount Waddington,RCMP Provincial,Port McNeill Prov,2008,108.0
Violent Offenses,Metro Vancouver,Independent Municipal,Port Moody Mun,2008,188.0
Violent Offenses,Powell River,RCMP Municipal,Powell River Mun,2008,273.0
Violent Offenses,Powell River,RCMP Provincial,Powell River Prov,2008,90.0
Violent Offenses,Fraser Fort George,RCMP Municipal,Prince George Mun,2008,1902.0
Violent Offenses,Fraser Fort George,RCMP Provincial,Prince George Prov,2008,114.0
Violent Offenses,North Coast Regional District (22),RCMP Municipal,Prince Rupert Mun,2008,779.0
Violent Offenses,North Coast Regional District (22),RCMP Provincial,Prince Rupert Prov,2008,138.0
Violent Offenses,Okanagan Similkameen,RCMP Provincial,Princeton Prov,2008,81.0
Violent Offenses,Strathcona,RCMP Provincial,Quadra Island Prov,2008,36.0
Violent Offenses,Nanaimo,RCMP Municipal,Qualicum Beach Mun,2008,69.0
Violent Offenses,North Coast Regional District (22),RCMP Provincial,Queen Charlotte Prov,2008,102.0
Violent Offenses,Cariboo,RCMP Municipal,Quesnel Mun,2008,511.0
Violent Offenses,Cariboo,RCMP Provincial,Quesnel Prov,2008,212.0
Violent Offenses,Columbia Shuswap,RCMP Municipal,Revelstoke Mun,2008,137.0
Violent Offenses,Columbia Shuswap,RCMP Provincial,Revelstoke Prov,2008,11.0
Violent Offenses,Metro Vancouver,RCMP Municipal,Richmond Mun,2008,1873.0
Violent Offenses,Metro Vancouver,RCMP Provincial,Ridge Meadows Prov,2008,88.0
Violent Offenses,Capital,Independent Municipal,Saanich Mun,2008,830.0
Violent Offenses,Central Kootenay,RCMP Provincial,Salmo Prov,2008,66.0
Violent Offenses,Columbia Shuswap,RCMP Municipal,Salmon Arm Mun,2008,327.0
Violent Offenses,Columbia Shuswap,RCMP Provincial,Salmon Arm Prov,2008,114.0
Violent Offenses,Capital,RCMP Provincial,Saltspring Island Prov,2008,126.0
Violent Offenses,Strathcona,RCMP Provincial,Sayward Prov,2008,32.0
Violent Offenses,Sunshine Coast,RCMP Municipal,Sechelt Mun,2008,188.0
Violent Offenses,Cowichan Valley,RCMP Provincial,Shawnigan Lake Prov,2008,156.0
Violent Offenses,Columbia Shuswap,RCMP Provincial,Sicamous Prov,2008,46.0
Violent Offenses,Capital,RCMP Municipal,Sidney Mun,2008,120.0
Violent Offenses,Capital,RCMP Provincial,Sidney Prov,2008,100.0
Violent Offenses,Central Kootenay,RCMP Provincial,Slocan Lake Prov,2008,5.0
Violent Offenses,Bulkley Nechako,RCMP Municipal,Smithers Mun,2008,237.0
Violent Offenses,Bulkley Nechako,RCMP Provincial,Smithers Prov,2008,120.0
Violent Offenses,Capital,RCMP Municipal,Sooke Mun,2008,185.0
Violent Offenses,Capital,RCMP Provincial,Sooke Prov,2008,51.0
Violent Offenses,Okanagan Similkameen,RCMP Provincial,South Okanagan/Oliver,2008,141.0
Violent Offenses,Okanagan Similkameen,RCMP Provincial,South Okanagan/Osoyoos,2008,144.0
Violent Offenses,North Okanagan,RCMP Municipal,Spallumcheen Mun,2008,NA
Violent Offenses,Squamish Lillooet,RCMP Municipal,Squamish Mun,2008,408.0
Violent Offenses,Squamish Lillooet,RCMP Provincial,Squamish Prov,2008,17.0
Violent Offenses,Kitimat Stikine,RCMP Provincial,Stewart Prov,2008,8.0
Violent Offenses,Squamish Lillooet,First Nations Aboriginal Police Service,Stl'atl'imx FNAPS,2008,196.0
Violent Offenses,Okanagan Similkameen,RCMP Municipal,Summerland Mun,2008,132.0
Violent Offenses,Sunshine Coast,RCMP Provincial,Sunshine Coast Prov,2008,327.0
Violent Offenses,Metro Vancouver,RCMP Municipal,Surrey Mun,2008,8455.0
Violent Offenses,Bulkley Nechako,RCMP Provincial,Takla Landing Prov,2008,19.0
Violent Offenses,Kitimat Stikine,RCMP Municipal,Terrace Mun,2008,500.0
Violent Offenses,Kitimat Stikine,RCMP Provincial,Terrace Prov,2008,148.0
Violent Offenses,Powell River,RCMP Provincial,Texada Island Prov,2008,17.0
Violent Offenses,Thompson Nicola,RCMP Provincial,T'Kumlups Prov,2008,180.0
Violent Offenses,Alberni Clayoquot,RCMP Provincial,Tofino Prov,2008,161.0
Violent Offenses,Kootenay Boundary,RCMP Municipal,Trail Mun,2008,197.0
Violent Offenses,Kootenay Boundary,RCMP Provincial,Trail and Greater District,2008,98.0
Violent Offenses,Fraser Fort George,RCMP Provincial,Tsay Keh Dene Prov,2008,114.0
Violent Offenses,Peace River,RCMP Provincial,Tumbler Ridge Prov,2008,88.0
Violent Offenses,Alberni Clayoquot,RCMP Provincial,Ucluelet Prov,2008,104.0
Violent Offenses,Metro Vancouver,RCMP Provincial,University Prov,2008,114.0
Violent Offenses,Fraser Fort George,RCMP Provincial,Valemount Prov,2008,40.0
Violent Offenses,Metro Vancouver,Independent Municipal,Vancouver Mun,2008,10858.0
Violent Offenses,Bulkley Nechako,RCMP Provincial,Vanderhoof Prov,2008,254.0
Violent Offenses,North Okanagan,RCMP Municipal,Vernon Mun,2008,995.0
Violent Offenses,North Okanagan,RCMP Provincial,Vernon Prov,2008,138.0
Violent Offenses,Capital,Independent Municipal,Victoria Mun,2008,2526.0
Violent Offenses,Capital,RCMP Municipal,View Royal Mun,2008,100.0
Violent Offenses,Cariboo,RCMP Provincial,Wells Prov,2008,4.0
Violent Offenses,Central Okanagan,RCMP Municipal,West Kelowna Mun,2008,NA
Violent Offenses,Capital,RCMP Provincial,West Shore Prov,2008,130.0
Violent Offenses,Metro Vancouver,Independent Municipal,West Vancouver Mun,2008,337.0
Violent Offenses,Squamish Lillooet,RCMP Municipal,Whistler Mun,2008,258.0
Violent Offenses,Squamish Lillooet,RCMP Provincial,Whistler Prov,2008,3.0
Violent Offenses,Metro Vancouver,RCMP Municipal,White Rock Mun,2008,148.0
Violent Offenses,Cariboo,RCMP Municipal,Williams Lake Mun,2008,642.0
Violent Offenses,Cariboo,RCMP Provincial,Williams Lake Prov,2008,241.0
Property Offenses,Fraser Valley,Independent Municipal,Abbotsford Mun,2008,8487.0
Property Offenses,Fraser Valley,RCMP Provincial,Agassiz Prov,2008,691.0
Property Offenses,Mount Waddington,RCMP Provincial,Alert Bay Prov,2008,144.0
Property Offenses,Cariboo,RCMP Provincial,Alexis Creek Prov,2008,174.0
Property Offenses,Cariboo,RCMP Provincial,Anahim Lake Prov,2008,111.0
Property Offenses,North Okanagan,RCMP Provincial,Armstrong Prov,2008,383.0
Property Offenses,Thompson Nicola,RCMP Provincial,Ashcroft Prov,2008,247.0
Property Offenses,Kitimat Stikine,RCMP Provincial,Atlin Prov,2008,24.0
Property Offenses,Thompson Nicola,RCMP Provincial,Barriere Prov,2008,116.0
Property Offenses,Central Coast,RCMP Provincial,Bella Bella Prov,2008,199.0
Property Offenses,Central Coast,RCMP Provincial,Bella Coola Prov,2008,105.0
Property Offenses,Fraser Valley,RCMP Provincial,Boston Bar Prov,2008,83.0
Property Offenses,Kootenay Boundary,RCMP Provincial,Boundary/Grand Forks Prov,2008,554.0
Property Offenses,Kootenay Boundary,RCMP Provincial,Boundary/Midway Prov,2008,163.0
Property Offenses,Metro Vancouver,RCMP Provincial,Bowen Island Prov,2008,91.0
Property Offenses,Metro Vancouver,RCMP Municipal,Burnaby Mun,2008,13412.0
Property Offenses,Bulkley Nechako,RCMP Provincial,Burns Lake Prov,2008,450.0
Property Offenses,Strathcona,RCMP Municipal,Campbell River Mun,2008,2111.0
Property Offenses,Strathcona,RCMP Provincial,Campbell River Prov,2008,176.0
Property Offenses,Central Kootenay,RCMP Municipal,Castlegar Mun,2008,597.0
Property Offenses,Central Kootenay,RCMP Provincial,Castlegar Prov,2008,128.0
Property Offenses,Capital,Independent Municipal,Central Saanich Mun,2008,569.0
Property Offenses,Thompson Nicola,RCMP Provincial,Chase Prov,2008,347.0
Property Offenses,Peace River,RCMP Provincial,Chetwynd Prov,2008,346.0
Property Offenses,Fraser Valley,RCMP Municipal,Chilliwack Mun,2008,6838.0
Property Offenses,Fraser Valley,RCMP Provincial,Chilliwack Prov,2008,521.0
Property Offenses,Thompson Nicola,RCMP Provincial,Clearwater Prov,2008,172.0
Property Offenses,Thompson Nicola,RCMP Provincial,Clinton Prov,2008,74.0
Property Offenses,North Okanagan,RCMP Municipal,Coldstream Mun,2008,385.0
Property Offenses,East Kootenay,RCMP Provincial,Columbia Valley Prov,2008,613.0
Property Offenses,Capital,RCMP Municipal,Colwood Mun,2008,705.0
Property Offenses,Comox Valley,RCMP Municipal,Comox Mun,2008,556.0
Property Offenses,Comox Valley,RCMP Provincial,Comox Valley Prov,2008,874.0
Property Offenses,Metro Vancouver,RCMP Municipal,Coquitlam Mun,2008,5691.0
Property Offenses,Metro Vancouver,RCMP Provincial,Coquitlam Prov,2008,43.0
Property Offenses,Comox Valley,RCMP Municipal,Courtenay Mun,2008,1994.0
Property Offenses,East Kootenay,RCMP Municipal,Cranbrook Mun,2008,1201.0
Property Offenses,East Kootenay,RCMP Provincial,Cranbrook Prov,2008,148.0
Property Offenses,Central Kootenay,RCMP Municipal,Creston Mun,2008,NA
Property Offenses,Central Kootenay,RCMP Provincial,Creston Prov,2008,496.0
Property Offenses,Peace River,RCMP Municipal,Dawson Creek Mun,2008,1047.0
Property Offenses,Peace River,RCMP Provincial,Dawson Creek Prov,2008,164.0
Property Offenses,Kitimat Stikine,RCMP Provincial,Dease Lake Prov,2008,80.0
Property Offenses,Metro Vancouver,Independent Municipal,Delta Mun,2008,4417.0
Property Offenses,Cowichan Valley,RCMP Provincial,Duncan Prov,2008,1503.0
Property Offenses,East Kootenay,RCMP Provincial,Elk Valley Prov,2008,764.0
Property Offenses,North Okanagan,RCMP Provincial,Enderby Prov,2008,261.0
Property Offenses,Columbia Shuswap,RCMP Provincial,Falkland Prov,2008,109.0
Property Offenses,Bulkley Nechako,RCMP Provincial,Fort St James Prov,2008,589.0
Property Offenses,Peace River,RCMP Municipal,Fort St John Mun,2008,1753.0
Property Offenses,Peace River,RCMP Provincial,Fort St John Prov,2008,432.0
Property Offenses,Bulkley Nechako,RCMP Provincial,Fraser Lake Prov,2008,184.0
Property Offenses,Nanaimo,RCMP Provincial,Gabriola Island Prov,2008,205.0
Property Offenses,Columbia Shuswap,RCMP Provincial,Golden Prov,2008,429.0
Property Offenses,Fraser Valley,RCMP Municipal,Hope Mun,2008,707.0
Property Offenses,Fraser Valley,RCMP Provincial,Hope  Prov,2008,129.0
Property Offenses,Bulkley Nechako,RCMP Provincial,Houston/Granisle Prov,2008,207.0
Property Offenses,Peace River,RCMP Provincial,Hudson's Hope Prov,2008,32.0
Property Offenses,Thompson Nicola,RCMP Municipal,Kamloops Mun,2008,5793.0
Property Offenses,Central Kootenay,RCMP Provincial,Kaslo Prov,2008,64.0
Property Offenses,Central Okanagan,RCMP Municipal,Kelowna Mun,2008,9010.0
Property Offenses,Central Okanagan,RCMP Provincial,Kelowna Prov,2008,2526.0
Property Offenses,Fraser Valley,RCMP Municipal,Kent Mun,2008,NA
Property Offenses,Okanagan Similkameen,RCMP Provincial,Keremeos Prov,2008,245.0
Property Offenses,East Kootenay,RCMP Municipal,Kimberley Mun,2008,343.0
Property Offenses,East Kootenay,RCMP Provincial,Kimberley Prov,2008,51.0
Property Offenses,Kitimat Stikine,RCMP Municipal,Kitimat Mun,2008,571.0
Property Offenses,Kitimat Stikine,RCMP Provincial,Kitimat Prov,2008,30.0
Property Offenses,Cowichan Valley,RCMP Municipal,Ladysmith Mun,2008,493.0
Property Offenses,Cowichan Valley,RCMP Provincial,Ladysmith Prov,2008,270.0
Property Offenses,Central Okanagan,RCMP Municipal,Lake Country Mun,2008,505.0
Property Offenses,Cowichan Valley,RCMP Provincial,Lake Cowichan Prov,2008,426.0
Property Offenses,Capital,RCMP Municipal,Langford Mun,2008,1908.0
Property Offenses,Metro Vancouver,RCMP Municipal,Langley City Mun,2008,2217.0
Property Offenses,Metro Vancouver,RCMP Municipal,Langley Township Mun,2008,5951.0
Property Offenses,Squamish Lillooet,RCMP Provincial,Lillooet Prov,2008,190.0
Property Offenses,Kitimat Stikine,RCMP Provincial,Lisims/Nass Valley Prov,2008,147.0
Property Offenses,Thompson Nicola,RCMP Provincial,Logan Lake Prov,2008,81.0
Property Offenses,North Okanagan,RCMP Provincial,Lumby Prov,2008,249.0
Property Offenses,Thompson Nicola,RCMP Provincial,Lytton Prov,2008,95.0
Property Offenses,Fraser Fort George,RCMP Provincial,Mackenzie Prov,2008,209.0
Property Offenses,Metro Vancouver,RCMP Municipal,Maple Ridge Mun,2008,4889.0
Property Offenses,North Coast Regional District (22),RCMP Provincial,Masset Prov,2008,130.0
Property Offenses,Fraser Fort George,RCMP Provincial,McBride Prov,2008,78.0
Property Offenses,Thompson Nicola,RCMP Municipal,Merritt Mun,2008,922.0
Property Offenses,Thompson Nicola,RCMP Provincial,Merritt Prov,2008,150.0
Property Offenses,Fraser Valley,RCMP Municipal,Mission Mun,2008,2988.0
Property Offenses,Fraser Valley,RCMP Provincial,Mission Prov,2008,271.0
Property Offenses,Central Kootenay,RCMP Provincial,Nakusp Prov,2008,125.0
Property Offenses,Nanaimo,RCMP Municipal,Nanaimo Mun,2008,6476.0
Property Offenses,Nanaimo,RCMP Provincial,Nanaimo Prov,2008,556.0
Property Offenses,Central Kootenay,Independent Municipal,Nelson Mun,2008,749.0
Property Offenses,Central Kootenay,RCMP Provincial,Nelson Prov,2008,198.0
Property Offenses,Kitimat Stikine,RCMP Provincial,New Hazelton Prov,2008,440.0
Property Offenses,Metro Vancouver,Independent Municipal,New Westminster Mun,2008,3735.0
Property Offenses,Strathcona,RCMP Provincial,Nootka Sound Prov,2008,125.0
Property Offenses,Cowichan Valley,RCMP Municipal,North Cowichan Mun,2008,1663.0
Property Offenses,Capital,RCMP Municipal,North Saanich Mun,2008,346.0
Property Offenses,Metro Vancouver,RCMP Municipal,North Vancouver City Mun,2008,2649.0
Property Offenses,Metro Vancouver,RCMP Municipal,North Vancouver District Mun,2008,2568.0
Property Offenses,Metro Vancouver,RCMP Provincial,North Vancouver Prov,2008,178.0
Property Offenses,Northern Rockies,RCMP Municipal,Northern Rockies Mun,2008,NA
Property Offenses,Northern Rockies,RCMP Provincial,Northern Rockies Prov,2008,531.0
Property Offenses,Capital,Independent Municipal,Oak Bay Mun,2008,757.0
Property Offenses,Nanaimo,RCMP Provincial,Oceanside Prov,2008,934.0
Property Offenses,Cariboo,RCMP Provincial,One Hundred Mile House Prov,2008,531.0
Property Offenses,Capital,RCMP Provincial,Outer Gulf  Islands Prov,2008,101.0
Property Offenses,Nanaimo,RCMP Municipal,Parksville Mun,2008,1128.0
Property Offenses,Central Okanagan,RCMP Municipal,Peachland Mun,2008,NA
Property Offenses,Squamish Lillooet,RCMP Provincial,Pemberton Prov,2008,164.0
Property Offenses,Okanagan Similkameen,RCMP Municipal,Penticton Mun,2008,2670.0
Property Offenses,Okanagan Similkameen,RCMP Provincial,Penticton Prov,2008,435.0
Property Offenses,Metro Vancouver,RCMP Municipal,Pitt Meadows Mun,2008,969.0
Property Offenses,Alberni Clayoquot,RCMP Municipal,Port Alberni Mun,2008,1670.0
Property Offenses,Alberni Clayoquot,RCMP Provincial,Port Alberni Prov,2008,299.0
Property Offenses,Mount Waddington,RCMP Provincial,Port Alice Prov,2008,43.0
Property Offenses,Metro Vancouver,RCMP Municipal,Port Coquitlam Mun,2008,2487.0
Property Offenses,Mount Waddington,RCMP Provincial,Port Hardy Prov,2008,422.0
Property Offenses,Mount Waddington,RCMP Provincial,Port McNeill Prov,2008,283.0
Property Offenses,Metro Vancouver,Independent Municipal,Port Moody Mun,2008,1011.0
Property Offenses,Powell River,RCMP Municipal,Powell River Mun,2008,663.0
Property Offenses,Powell River,RCMP Provincial,Powell River Prov,2008,193.0
Property Offenses,Fraser Fort George,RCMP Municipal,Prince George Mun,2008,6170.0
Property Offenses,Fraser Fort George,RCMP Provincial,Prince George Prov,2008,300.0
Property Offenses,North Coast Regional District (22),RCMP Municipal,Prince Rupert Mun,2008,1277.0
Property Offenses,North Coast Regional District (22),RCMP Provincial,Prince Rupert Prov,2008,127.0
Property Offenses,Okanagan Similkameen,RCMP Provincial,Princeton Prov,2008,289.0
Property Offenses,Strathcona,RCMP Provincial,Quadra Island Prov,2008,104.0
Property Offenses,Nanaimo,RCMP Municipal,Qualicum Beach Mun,2008,589.0
Property Offenses,North Coast Regional District (22),RCMP Provincial,Queen Charlotte Prov,2008,126.0
Property Offenses,Cariboo,RCMP Municipal,Quesnel Mun,2008,1295.0
Property Offenses,Cariboo,RCMP Provincial,Quesnel Prov,2008,480.0
Property Offenses,Columbia Shuswap,RCMP Municipal,Revelstoke Mun,2008,577.0
Property Offenses,Columbia Shuswap,RCMP Provincial,Revelstoke Prov,2008,37.0
Property Offenses,Metro Vancouver,RCMP Municipal,Richmond Mun,2008,9056.0
Property Offenses,Metro Vancouver,RCMP Provincial,Ridge Meadows Prov,2008,349.0
Property Offenses,Capital,Independent Municipal,Saanich Mun,2008,4592.0
Property Offenses,Central Kootenay,RCMP Provincial,Salmo Prov,2008,165.0
Property Offenses,Columbia Shuswap,RCMP Municipal,Salmon Arm Mun,2008,1027.0
Property Offenses,Columbia Shuswap,RCMP Provincial,Salmon Arm Prov,2008,262.0
Property Offenses,Capital,RCMP Provincial,Saltspring Island Prov,2008,348.0
Property Offenses,Strathcona,RCMP Provincial,Sayward Prov,2008,68.0
Property Offenses,Sunshine Coast,RCMP Municipal,Sechelt Mun,2008,511.0
Property Offenses,Cowichan Valley,RCMP Provincial,Shawnigan Lake Prov,2008,743.0
Property Offenses,Columbia Shuswap,RCMP Provincial,Sicamous Prov,2008,264.0
Property Offenses,Capital,RCMP Municipal,Sidney Mun,2008,546.0
Property Offenses,Capital,RCMP Provincial,Sidney Prov,2008,129.0
Property Offenses,Central Kootenay,RCMP Provincial,Slocan Lake Prov,2008,45.0
Property Offenses,Bulkley Nechako,RCMP Municipal,Smithers Mun,2008,560.0
Property Offenses,Bulkley Nechako,RCMP Provincial,Smithers Prov,2008,148.0
Property Offenses,Capital,RCMP Municipal,Sooke Mun,2008,747.0
Property Offenses,Capital,RCMP Provincial,Sooke Prov,2008,264.0
Property Offenses,Okanagan Similkameen,RCMP Provincial,South Okanagan/Oliver,2008,502.0
Property Offenses,Okanagan Similkameen,RCMP Provincial,South Okanagan/Osoyoos,2008,471.0
Property Offenses,North Okanagan,RCMP Municipal,Spallumcheen Mun,2008,NA
Property Offenses,Squamish Lillooet,RCMP Municipal,Squamish Mun,2008,1451.0
Property Offenses,Squamish Lillooet,RCMP Provincial,Squamish Prov,2008,121.0
Property Offenses,Kitimat Stikine,RCMP Provincial,Stewart Prov,2008,34.0
Property Offenses,Squamish Lillooet,First Nations Aboriginal Police Service,Stl'atl'imx FNAPS,2008,126.0
Property Offenses,Okanagan Similkameen,RCMP Municipal,Summerland Mun,2008,379.0
Property Offenses,Sunshine Coast,RCMP Provincial,Sunshine Coast Prov,2008,927.0
Property Offenses,Metro Vancouver,RCMP Municipal,Surrey Mun,2008,28949.0
Property Offenses,Bulkley Nechako,RCMP Provincial,Takla Landing Prov,2008,12.0
Property Offenses,Kitimat Stikine,RCMP Municipal,Terrace Mun,2008,940.0
Property Offenses,Kitimat Stikine,RCMP Provincial,Terrace Prov,2008,298.0
Property Offenses,Powell River,RCMP Provincial,Texada Island Prov,2008,40.0
Property Offenses,Thompson Nicola,RCMP Provincial,T'Kumlups Prov,2008,438.0
Property Offenses,Alberni Clayoquot,RCMP Provincial,Tofino Prov,2008,340.0
Property Offenses,Kootenay Boundary,RCMP Municipal,Trail Mun,2008,511.0
Property Offenses,Kootenay Boundary,RCMP Provincial,Trail and Greater District,2008,282.0
Property Offenses,Fraser Fort George,RCMP Provincial,Tsay Keh Dene Prov,2008,43.0
Property Offenses,Peace River,RCMP Provincial,Tumbler Ridge Prov,2008,249.0
Property Offenses,Alberni Clayoquot,RCMP Provincial,Ucluelet Prov,2008,152.0
Property Offenses,Metro Vancouver,RCMP Provincial,University Prov,2008,779.0
Property Offenses,Fraser Fort George,RCMP Provincial,Valemount Prov,2008,115.0
Property Offenses,Metro Vancouver,Independent Municipal,Vancouver Mun,2008,38496.0
Property Offenses,Bulkley Nechako,RCMP Provincial,Vanderhoof Prov,2008,582.0
Property Offenses,North Okanagan,RCMP Municipal,Vernon Mun,2008,3756.0
Property Offenses,North Okanagan,RCMP Provincial,Vernon Prov,2008,463.0
Property Offenses,Capital,Independent Municipal,Victoria Mun,2008,9239.0
Property Offenses,Capital,RCMP Municipal,View Royal Mun,2008,532.0
Property Offenses,Cariboo,RCMP Provincial,Wells Prov,2008,18.0
Property Offenses,Central Okanagan,RCMP Municipal,West Kelowna Mun,2008,NA
Property Offenses,Capital,RCMP Provincial,West Shore Prov,2008,355.0
Property Offenses,Metro Vancouver,Independent Municipal,West Vancouver Mun,2008,1620.0
Property Offenses,Squamish Lillooet,RCMP Municipal,Whistler Mun,2008,1158.0
Property Offenses,Squamish Lillooet,RCMP Provincial,Whistler Prov,2008,56.0
Property Offenses,Metro Vancouver,RCMP Municipal,White Rock Mun,2008,993.0
Property Offenses,Cariboo,RCMP Municipal,Williams Lake Mun,2008,1930.0
Property Offenses,Cariboo,RCMP Provincial,Williams Lake Prov,2008,381.0
Other CCC Offenses,Fraser Valley,Independent Municipal,Abbotsford Mun,2008,1221.0
Other CCC Offenses,Fraser Valley,RCMP Provincial,Agassiz Prov,2008,244.0
Other CCC Offenses,Mount Waddington,RCMP Provincial,Alert Bay Prov,2008,53.0
Other CCC Offenses,Cariboo,RCMP Provincial,Alexis Creek Prov,2008,124.0
Other CCC Offenses,Cariboo,RCMP Provincial,Anahim Lake Prov,2008,100.0
Other CCC Offenses,North Okanagan,RCMP Provincial,Armstrong Prov,2008,60.0
Other CCC Offenses,Thompson Nicola,RCMP Provincial,Ashcroft Prov,2008,144.0
Other CCC Offenses,Kitimat Stikine,RCMP Provincial,Atlin Prov,2008,15.0
Other CCC Offenses,Thompson Nicola,RCMP Provincial,Barriere Prov,2008,33.0
Other CCC Offenses,Central Coast,RCMP Provincial,Bella Bella Prov,2008,158.0
Other CCC Offenses,Central Coast,RCMP Provincial,Bella Coola Prov,2008,184.0
Other CCC Offenses,Fraser Valley,RCMP Provincial,Boston Bar Prov,2008,36.0
Other CCC Offenses,Kootenay Boundary,RCMP Provincial,Boundary/Grand Forks Prov,2008,129.0
Other CCC Offenses,Kootenay Boundary,RCMP Provincial,Boundary/Midway Prov,2008,24.0
Other CCC Offenses,Metro Vancouver,RCMP Provincial,Bowen Island Prov,2008,19.0
Other CCC Offenses,Metro Vancouver,RCMP Municipal,Burnaby Mun,2008,1311.0
Other CCC Offenses,Bulkley Nechako,RCMP Provincial,Burns Lake Prov,2008,363.0
Other CCC Offenses,Strathcona,RCMP Municipal,Campbell River Mun,2008,1292.0
Other CCC Offenses,Strathcona,RCMP Provincial,Campbell River Prov,2008,118.0
Other CCC Offenses,Central Kootenay,RCMP Municipal,Castlegar Mun,2008,295.0
Other CCC Offenses,Central Kootenay,RCMP Provincial,Castlegar Prov,2008,67.0
Other CCC Offenses,Capital,Independent Municipal,Central Saanich Mun,2008,45.0
Other CCC Offenses,Thompson Nicola,RCMP Provincial,Chase Prov,2008,125.0
Other CCC Offenses,Peace River,RCMP Provincial,Chetwynd Prov,2008,268.0
Other CCC Offenses,Fraser Valley,RCMP Municipal,Chilliwack Mun,2008,1947.0
Other CCC Offenses,Fraser Valley,RCMP Provincial,Chilliwack Prov,2008,180.0
Other CCC Offenses,Thompson Nicola,RCMP Provincial,Clearwater Prov,2008,67.0
Other CCC Offenses,Thompson Nicola,RCMP Provincial,Clinton Prov,2008,30.0
Other CCC Offenses,North Okanagan,RCMP Municipal,Coldstream Mun,2008,34.0
Other CCC Offenses,East Kootenay,RCMP Provincial,Columbia Valley Prov,2008,155.0
Other CCC Offenses,Capital,RCMP Municipal,Colwood Mun,2008,58.0
Other CCC Offenses,Comox Valley,RCMP Municipal,Comox Mun,2008,123.0
Other CCC Offenses,Comox Valley,RCMP Provincial,Comox Valley Prov,2008,275.0
Other CCC Offenses,Metro Vancouver,RCMP Municipal,Coquitlam Mun,2008,2481.0
Other CCC Offenses,Metro Vancouver,RCMP Provincial,Coquitlam Prov,2008,19.0
Other CCC Offenses,Comox Valley,RCMP Municipal,Courtenay Mun,2008,737.0
Other CCC Offenses,East Kootenay,RCMP Municipal,Cranbrook Mun,2008,571.0
Other CCC Offenses,East Kootenay,RCMP Provincial,Cranbrook Prov,2008,49.0
Other CCC Offenses,Central Kootenay,RCMP Municipal,Creston Mun,2008,NA
Other CCC Offenses,Central Kootenay,RCMP Provincial,Creston Prov,2008,219.0
Other CCC Offenses,Peace River,RCMP Municipal,Dawson Creek Mun,2008,551.0
Other CCC Offenses,Peace River,RCMP Provincial,Dawson Creek Prov,2008,56.0
Other CCC Offenses,Kitimat Stikine,RCMP Provincial,Dease Lake Prov,2008,71.0
Other CCC Offenses,Metro Vancouver,Independent Municipal,Delta Mun,2008,1315.0
Other CCC Offenses,Cowichan Valley,RCMP Provincial,Duncan Prov,2008,441.0
Other CCC Offenses,East Kootenay,RCMP Provincial,Elk Valley Prov,2008,238.0
Other CCC Offenses,North Okanagan,RCMP Provincial,Enderby Prov,2008,97.0
Other CCC Offenses,Columbia Shuswap,RCMP Provincial,Falkland Prov,2008,12.0
Other CCC Offenses,Bulkley Nechako,RCMP Provincial,Fort St James Prov,2008,270.0
Other CCC Offenses,Peace River,RCMP Municipal,Fort St John Mun,2008,889.0
Other CCC Offenses,Peace River,RCMP Provincial,Fort St John Prov,2008,128.0
Other CCC Offenses,Bulkley Nechako,RCMP Provincial,Fraser Lake Prov,2008,73.0
Other CCC Offenses,Nanaimo,RCMP Provincial,Gabriola Island Prov,2008,21.0
Other CCC Offenses,Columbia Shuswap,RCMP Provincial,Golden Prov,2008,153.0
Other CCC Offenses,Fraser Valley,RCMP Municipal,Hope Mun,2008,298.0
Other CCC Offenses,Fraser Valley,RCMP Provincial,Hope  Prov,2008,36.0
Other CCC Offenses,Bulkley Nechako,RCMP Provincial,Houston/Granisle Prov,2008,180.0
Other CCC Offenses,Peace River,RCMP Provincial,Hudson's Hope Prov,2008,30.0
Other CCC Offenses,Thompson Nicola,RCMP Municipal,Kamloops Mun,2008,2331.0
Other CCC Offenses,Central Kootenay,RCMP Provincial,Kaslo Prov,2008,17.0
Other CCC Offenses,Central Okanagan,RCMP Municipal,Kelowna Mun,2008,3067.0
Other CCC Offenses,Central Okanagan,RCMP Provincial,Kelowna Prov,2008,548.0
Other CCC Offenses,Fraser Valley,RCMP Municipal,Kent Mun,2008,NA
Other CCC Offenses,Okanagan Similkameen,RCMP Provincial,Keremeos Prov,2008,56.0
Other CCC Offenses,East Kootenay,RCMP Municipal,Kimberley Mun,2008,120.0
Other CCC Offenses,East Kootenay,RCMP Provincial,Kimberley Prov,2008,14.0
Other CCC Offenses,Kitimat Stikine,RCMP Municipal,Kitimat Mun,2008,238.0
Other CCC Offenses,Kitimat Stikine,RCMP Provincial,Kitimat Prov,2008,10.0
Other CCC Offenses,Cowichan Valley,RCMP Municipal,Ladysmith Mun,2008,85.0
Other CCC Offenses,Cowichan Valley,RCMP Provincial,Ladysmith Prov,2008,50.0
Other CCC Offenses,Central Okanagan,RCMP Municipal,Lake Country Mun,2008,124.0
Other CCC Offenses,Cowichan Valley,RCMP Provincial,Lake Cowichan Prov,2008,122.0
Other CCC Offenses,Capital,RCMP Municipal,Langford Mun,2008,200.0
Other CCC Offenses,Metro Vancouver,RCMP Municipal,Langley City Mun,2008,858.0
Other CCC Offenses,Metro Vancouver,RCMP Municipal,Langley Township Mun,2008,1191.0
Other CCC Offenses,Squamish Lillooet,RCMP Provincial,Lillooet Prov,2008,172.0
Other CCC Offenses,Kitimat Stikine,RCMP Provincial,Lisims/Nass Valley Prov,2008,199.0
Other CCC Offenses,Thompson Nicola,RCMP Provincial,Logan Lake Prov,2008,28.0
Other CCC Offenses,North Okanagan,RCMP Provincial,Lumby Prov,2008,53.0
Other CCC Offenses,Thompson Nicola,RCMP Provincial,Lytton Prov,2008,168.0
Other CCC Offenses,Fraser Fort George,RCMP Provincial,Mackenzie Prov,2008,93.0
Other CCC Offenses,Metro Vancouver,RCMP Municipal,Maple Ridge Mun,2008,1842.0
Other CCC Offenses,North Coast Regional District (22),RCMP Provincial,Masset Prov,2008,281.0
Other CCC Offenses,Fraser Fort George,RCMP Provincial,McBride Prov,2008,27.0
Other CCC Offenses,Thompson Nicola,RCMP Municipal,Merritt Mun,2008,483.0
Other CCC Offenses,Thompson Nicola,RCMP Provincial,Merritt Prov,2008,84.0
Other CCC Offenses,Fraser Valley,RCMP Municipal,Mission Mun,2008,979.0
Other CCC Offenses,Fraser Valley,RCMP Provincial,Mission Prov,2008,54.0
Other CCC Offenses,Central Kootenay,RCMP Provincial,Nakusp Prov,2008,51.0
Other CCC Offenses,Nanaimo,RCMP Municipal,Nanaimo Mun,2008,2228.0
Other CCC Offenses,Nanaimo,RCMP Provincial,Nanaimo Prov,2008,90.0
Other CCC Offenses,Central Kootenay,Independent Municipal,Nelson Mun,2008,199.0
Other CCC Offenses,Central Kootenay,RCMP Provincial,Nelson Prov,2008,67.0
Other CCC Offenses,Kitimat Stikine,RCMP Provincial,New Hazelton Prov,2008,461.0
Other CCC Offenses,Metro Vancouver,Independent Municipal,New Westminster Mun,2008,1597.0
Other CCC Offenses,Strathcona,RCMP Provincial,Nootka Sound Prov,2008,27.0
Other CCC Offenses,Cowichan Valley,RCMP Municipal,North Cowichan Mun,2008,346.0
Other CCC Offenses,Capital,RCMP Municipal,North Saanich Mun,2008,63.0
Other CCC Offenses,Metro Vancouver,RCMP Municipal,North Vancouver City Mun,2008,997.0
Other CCC Offenses,Metro Vancouver,RCMP Municipal,North Vancouver District Mun,2008,834.0
Other CCC Offenses,Metro Vancouver,RCMP Provincial,North Vancouver Prov,2008,110.0
Other CCC Offenses,Northern Rockies,RCMP Municipal,Northern Rockies Mun,2008,NA
Other CCC Offenses,Northern Rockies,RCMP Provincial,Northern Rockies Prov,2008,239.0
Other CCC Offenses,Capital,Independent Municipal,Oak Bay Mun,2008,44.0
Other CCC Offenses,Nanaimo,RCMP Provincial,Oceanside Prov,2008,96.0
Other CCC Offenses,Cariboo,RCMP Provincial,One Hundred Mile House Prov,2008,284.0
Other CCC Offenses,Capital,RCMP Provincial,Outer Gulf  Islands Prov,2008,39.0
Other CCC Offenses,Nanaimo,RCMP Municipal,Parksville Mun,2008,229.0
Other CCC Offenses,Central Okanagan,RCMP Municipal,Peachland Mun,2008,NA
Other CCC Offenses,Squamish Lillooet,RCMP Provincial,Pemberton Prov,2008,124.0
Other CCC Offenses,Okanagan Similkameen,RCMP Municipal,Penticton Mun,2008,896.0
Other CCC Offenses,Okanagan Similkameen,RCMP Provincial,Penticton Prov,2008,82.0
Other CCC Offenses,Metro Vancouver,RCMP Municipal,Pitt Meadows Mun,2008,396.0
Other CCC Offenses,Alberni Clayoquot,RCMP Municipal,Port Alberni Mun,2008,849.0
Other CCC Offenses,Alberni Clayoquot,RCMP Provincial,Port Alberni Prov,2008,83.0
Other CCC Offenses,Mount Waddington,RCMP Provincial,Port Alice Prov,2008,17.0
Other CCC Offenses,Metro Vancouver,RCMP Municipal,Port Coquitlam Mun,2008,1350.0
Other CCC Offenses,Mount Waddington,RCMP Provincial,Port Hardy Prov,2008,490.0
Other CCC Offenses,Mount Waddington,RCMP Provincial,Port McNeill Prov,2008,120.0
Other CCC Offenses,Metro Vancouver,Independent Municipal,Port Moody Mun,2008,176.0
Other CCC Offenses,Powell River,RCMP Municipal,Powell River Mun,2008,252.0
Other CCC Offenses,Powell River,RCMP Provincial,Powell River Prov,2008,97.0
Other CCC Offenses,Fraser Fort George,RCMP Municipal,Prince George Mun,2008,2971.0
Other CCC Offenses,Fraser Fort George,RCMP Provincial,Prince George Prov,2008,75.0
Other CCC Offenses,North Coast Regional District (22),RCMP Municipal,Prince Rupert Mun,2008,1168.0
Other CCC Offenses,North Coast Regional District (22),RCMP Provincial,Prince Rupert Prov,2008,89.0
Other CCC Offenses,Okanagan Similkameen,RCMP Provincial,Princeton Prov,2008,101.0
Other CCC Offenses,Strathcona,RCMP Provincial,Quadra Island Prov,2008,18.0
Other CCC Offenses,Nanaimo,RCMP Municipal,Qualicum Beach Mun,2008,55.0
Other CCC Offenses,North Coast Regional District (22),RCMP Provincial,Queen Charlotte Prov,2008,64.0
Other CCC Offenses,Cariboo,RCMP Municipal,Quesnel Mun,2008,927.0
Other CCC Offenses,Cariboo,RCMP Provincial,Quesnel Prov,2008,207.0
Other CCC Offenses,Columbia Shuswap,RCMP Municipal,Revelstoke Mun,2008,152.0
Other CCC Offenses,Columbia Shuswap,RCMP Provincial,Revelstoke Prov,2008,18.0
Other CCC Offenses,Metro Vancouver,RCMP Municipal,Richmond Mun,2008,1867.0
Other CCC Offenses,Metro Vancouver,RCMP Provincial,Ridge Meadows Prov,2008,118.0
Other CCC Offenses,Capital,Independent Municipal,Saanich Mun,2008,388.0
Other CCC Offenses,Central Kootenay,RCMP Provincial,Salmo Prov,2008,66.0
Other CCC Offenses,Columbia Shuswap,RCMP Municipal,Salmon Arm Mun,2008,333.0
Other CCC Offenses,Columbia Shuswap,RCMP Provincial,Salmon Arm Prov,2008,82.0
Other CCC Offenses,Capital,RCMP Provincial,Saltspring Island Prov,2008,218.0
Other CCC Offenses,Strathcona,RCMP Provincial,Sayward Prov,2008,11.0
Other CCC Offenses,Sunshine Coast,RCMP Municipal,Sechelt Mun,2008,190.0
Other CCC Offenses,Cowichan Valley,RCMP Provincial,Shawnigan Lake Prov,2008,77.0
Other CCC Offenses,Columbia Shuswap,RCMP Provincial,Sicamous Prov,2008,50.0
Other CCC Offenses,Capital,RCMP Municipal,Sidney Mun,2008,127.0
Other CCC Offenses,Capital,RCMP Provincial,Sidney Prov,2008,107.0
Other CCC Offenses,Central Kootenay,RCMP Provincial,Slocan Lake Prov,2008,7.0
Other CCC Offenses,Bulkley Nechako,RCMP Municipal,Smithers Mun,2008,380.0
Other CCC Offenses,Bulkley Nechako,RCMP Provincial,Smithers Prov,2008,122.0
Other CCC Offenses,Capital,RCMP Municipal,Sooke Mun,2008,202.0
Other CCC Offenses,Capital,RCMP Provincial,Sooke Prov,2008,32.0
Other CCC Offenses,Okanagan Similkameen,RCMP Provincial,South Okanagan/Oliver,2008,208.0
Other CCC Offenses,Okanagan Similkameen,RCMP Provincial,South Okanagan/Osoyoos,2008,196.0
Other CCC Offenses,North Okanagan,RCMP Municipal,Spallumcheen Mun,2008,NA
Other CCC Offenses,Squamish Lillooet,RCMP Municipal,Squamish Mun,2008,549.0
Other CCC Offenses,Squamish Lillooet,RCMP Provincial,Squamish Prov,2008,23.0
Other CCC Offenses,Kitimat Stikine,RCMP Provincial,Stewart Prov,2008,8.0
Other CCC Offenses,Squamish Lillooet,First Nations Aboriginal Police Service,Stl'atl'imx FNAPS,2008,227.0
Other CCC Offenses,Okanagan Similkameen,RCMP Municipal,Summerland Mun,2008,89.0
Other CCC Offenses,Sunshine Coast,RCMP Provincial,Sunshine Coast Prov,2008,297.0
Other CCC Offenses,Metro Vancouver,RCMP Municipal,Surrey Mun,2008,8192.0
Other CCC Offenses,Bulkley Nechako,RCMP Provincial,Takla Landing Prov,2008,30.0
Other CCC Offenses,Kitimat Stikine,RCMP Municipal,Terrace Mun,2008,1097.0
Other CCC Offenses,Kitimat Stikine,RCMP Provincial,Terrace Prov,2008,137.0
Other CCC Offenses,Powell River,RCMP Provincial,Texada Island Prov,2008,7.0
Other CCC Offenses,Thompson Nicola,RCMP Provincial,T'Kumlups Prov,2008,136.0
Other CCC Offenses,Alberni Clayoquot,RCMP Provincial,Tofino Prov,2008,342.0
Other CCC Offenses,Kootenay Boundary,RCMP Municipal,Trail Mun,2008,243.0
Other CCC Offenses,Kootenay Boundary,RCMP Provincial,Trail and Greater District,2008,159.0
Other CCC Offenses,Fraser Fort George,RCMP Provincial,Tsay Keh Dene Prov,2008,118.0
Other CCC Offenses,Peace River,RCMP Provincial,Tumbler Ridge Prov,2008,93.0
Other CCC Offenses,Alberni Clayoquot,RCMP Provincial,Ucluelet Prov,2008,119.0
Other CCC Offenses,Metro Vancouver,RCMP Provincial,University Prov,2008,76.0
Other CCC Offenses,Fraser Fort George,RCMP Provincial,Valemount Prov,2008,48.0
Other CCC Offenses,Metro Vancouver,Independent Municipal,Vancouver Mun,2008,6154.0
Other CCC Offenses,Bulkley Nechako,RCMP Provincial,Vanderhoof Prov,2008,270.0
Other CCC Offenses,North Okanagan,RCMP Municipal,Vernon Mun,2008,801.0
Other CCC Offenses,North Okanagan,RCMP Provincial,Vernon Prov,2008,58.0
Other CCC Offenses,Capital,Independent Municipal,Victoria Mun,2008,2058.0
Other CCC Offenses,Capital,RCMP Municipal,View Royal Mun,2008,65.0
Other CCC Offenses,Cariboo,RCMP Provincial,Wells Prov,2008,8.0
Other CCC Offenses,Central Okanagan,RCMP Municipal,West Kelowna Mun,2008,NA
Other CCC Offenses,Capital,RCMP Provincial,West Shore Prov,2008,54.0
Other CCC Offenses,Metro Vancouver,Independent Municipal,West Vancouver Mun,2008,304.0
Other CCC Offenses,Squamish Lillooet,RCMP Municipal,Whistler Mun,2008,500.0
Other CCC Offenses,Squamish Lillooet,RCMP Provincial,Whistler Prov,2008,7.0
Other CCC Offenses,Metro Vancouver,RCMP Municipal,White Rock Mun,2008,189.0
Other CCC Offenses,Cariboo,RCMP Municipal,Williams Lake Mun,2008,1064.0
Other CCC Offenses,Cariboo,RCMP Provincial,Williams Lake Prov,2008,134.0
Homicide,Fraser Valley,Independent Municipal,Abbotsford Mun,2008,6.0
Homicide,Fraser Valley,RCMP Provincial,Agassiz Prov,2008,2.0
Homicide,Mount Waddington,RCMP Provincial,Alert Bay Prov,2008,0.0
Homicide,Cariboo,RCMP Provincial,Alexis Creek Prov,2008,0.0
Homicide,Cariboo,RCMP Provincial,Anahim Lake Prov,2008,0.0
Homicide,North Okanagan,RCMP Provincial,Armstrong Prov,2008,0.0
Homicide,Thompson Nicola,RCMP Provincial,Ashcroft Prov,2008,0.0
Homicide,Kitimat Stikine,RCMP Provincial,Atlin Prov,2008,0.0
Homicide,Thompson Nicola,RCMP Provincial,Barriere Prov,2008,0.0
Homicide,Central Coast,RCMP Provincial,Bella Bella Prov,2008,0.0
Homicide,Central Coast,RCMP Provincial,Bella Coola Prov,2008,0.0
Homicide,Fraser Valley,RCMP Provincial,Boston Bar Prov,2008,0.0
Homicide,Kootenay Boundary,RCMP Provincial,Boundary/Grand Forks Prov,2008,0.0
Homicide,Kootenay Boundary,RCMP Provincial,Boundary/Midway Prov,2008,1.0
Homicide,Metro Vancouver,RCMP Provincial,Bowen Island Prov,2008,0.0
Homicide,Metro Vancouver,RCMP Municipal,Burnaby Mun,2008,6.0
Homicide,Bulkley Nechako,RCMP Provincial,Burns Lake Prov,2008,0.0
Homicide,Strathcona,RCMP Municipal,Campbell River Mun,2008,1.0
Homicide,Strathcona,RCMP Provincial,Campbell River Prov,2008,0.0
Homicide,Central Kootenay,RCMP Municipal,Castlegar Mun,2008,0.0
Homicide,Central Kootenay,RCMP Provincial,Castlegar Prov,2008,0.0
Homicide,Capital,Independent Municipal,Central Saanich Mun,2008,0.0
Homicide,Thompson Nicola,RCMP Provincial,Chase Prov,2008,1.0
Homicide,Peace River,RCMP Provincial,Chetwynd Prov,2008,1.0
Homicide,Fraser Valley,RCMP Municipal,Chilliwack Mun,2008,1.0
Homicide,Fraser Valley,RCMP Provincial,Chilliwack Prov,2008,2.0
Homicide,Thompson Nicola,RCMP Provincial,Clearwater Prov,2008,1.0
Homicide,Thompson Nicola,RCMP Provincial,Clinton Prov,2008,0.0
Homicide,North Okanagan,RCMP Municipal,Coldstream Mun,2008,0.0
Homicide,East Kootenay,RCMP Provincial,Columbia Valley Prov,2008,0.0
Homicide,Capital,RCMP Municipal,Colwood Mun,2008,0.0
Homicide,Comox Valley,RCMP Municipal,Comox Mun,2008,0.0
Homicide,Comox Valley,RCMP Provincial,Comox Valley Prov,2008,0.0
Homicide,Metro Vancouver,RCMP Municipal,Coquitlam Mun,2008,1.0
Homicide,Metro Vancouver,RCMP Provincial,Coquitlam Prov,2008,0.0
Homicide,Comox Valley,RCMP Municipal,Courtenay Mun,2008,1.0
Homicide,East Kootenay,RCMP Municipal,Cranbrook Mun,2008,0.0
Homicide,East Kootenay,RCMP Provincial,Cranbrook Prov,2008,0.0
Homicide,Central Kootenay,RCMP Municipal,Creston Mun,2008,NA
Homicide,Central Kootenay,RCMP Provincial,Creston Prov,2008,0.0
Homicide,Peace River,RCMP Municipal,Dawson Creek Mun,2008,0.0
Homicide,Peace River,RCMP Provincial,Dawson Creek Prov,2008,0.0
Homicide,Kitimat Stikine,RCMP Provincial,Dease Lake Prov,2008,0.0
Homicide,Metro Vancouver,Independent Municipal,Delta Mun,2008,1.0
Homicide,Cowichan Valley,RCMP Provincial,Duncan Prov,2008,1.0
Homicide,East Kootenay,RCMP Provincial,Elk Valley Prov,2008,0.0
Homicide,North Okanagan,RCMP Provincial,Enderby Prov,2008,0.0
Homicide,Columbia Shuswap,RCMP Provincial,Falkland Prov,2008,0.0
Homicide,Bulkley Nechako,RCMP Provincial,Fort St James Prov,2008,1.0
Homicide,Peace River,RCMP Municipal,Fort St John Mun,2008,1.0
Homicide,Peace River,RCMP Provincial,Fort St John Prov,2008,0.0
Homicide,Bulkley Nechako,RCMP Provincial,Fraser Lake Prov,2008,0.0
Homicide,Nanaimo,RCMP Provincial,Gabriola Island Prov,2008,0.0
Homicide,Columbia Shuswap,RCMP Provincial,Golden Prov,2008,0.0
Homicide,Fraser Valley,RCMP Municipal,Hope Mun,2008,0.0
Homicide,Fraser Valley,RCMP Provincial,Hope  Prov,2008,0.0
Homicide,Bulkley Nechako,RCMP Provincial,Houston/Granisle Prov,2008,0.0
Homicide,Peace River,RCMP Provincial,Hudson's Hope Prov,2008,0.0
Homicide,Thompson Nicola,RCMP Municipal,Kamloops Mun,2008,0.0
Homicide,Central Kootenay,RCMP Provincial,Kaslo Prov,2008,0.0
Homicide,Central Okanagan,RCMP Municipal,Kelowna Mun,2008,1.0
Homicide,Central Okanagan,RCMP Provincial,Kelowna Prov,2008,5.0
Homicide,Fraser Valley,RCMP Municipal,Kent Mun,2008,NA
Homicide,Okanagan Similkameen,RCMP Provincial,Keremeos Prov,2008,0.0
Homicide,East Kootenay,RCMP Municipal,Kimberley Mun,2008,0.0
Homicide,East Kootenay,RCMP Provincial,Kimberley Prov,2008,0.0
Homicide,Kitimat Stikine,RCMP Municipal,Kitimat Mun,2008,0.0
Homicide,Kitimat Stikine,RCMP Provincial,Kitimat Prov,2008,0.0
Homicide,Cowichan Valley,RCMP Municipal,Ladysmith Mun,2008,1.0
Homicide,Cowichan Valley,RCMP Provincial,Ladysmith Prov,2008,0.0
Homicide,Central Okanagan,RCMP Municipal,Lake Country Mun,2008,0.0
Homicide,Cowichan Valley,RCMP Provincial,Lake Cowichan Prov,2008,0.0
Homicide,Capital,RCMP Municipal,Langford Mun,2008,0.0
Homicide,Metro Vancouver,RCMP Municipal,Langley City Mun,2008,0.0
Homicide,Metro Vancouver,RCMP Municipal,Langley Township Mun,2008,1.0
Homicide,Squamish Lillooet,RCMP Provincial,Lillooet Prov,2008,1.0
Homicide,Kitimat Stikine,RCMP Provincial,Lisims/Nass Valley Prov,2008,0.0
Homicide,Thompson Nicola,RCMP Provincial,Logan Lake Prov,2008,0.0
Homicide,North Okanagan,RCMP Provincial,Lumby Prov,2008,0.0
Homicide,Thompson Nicola,RCMP Provincial,Lytton Prov,2008,1.0
Homicide,Fraser Fort George,RCMP Provincial,Mackenzie Prov,2008,0.0
Homicide,Metro Vancouver,RCMP Municipal,Maple Ridge Mun,2008,3.0
Homicide,North Coast Regional District (22),RCMP Provincial,Masset Prov,2008,0.0
Homicide,Fraser Fort George,RCMP Provincial,McBride Prov,2008,0.0
Homicide,Thompson Nicola,RCMP Municipal,Merritt Mun,2008,4.0
Homicide,Thompson Nicola,RCMP Provincial,Merritt Prov,2008,0.0
Homicide,Fraser Valley,RCMP Municipal,Mission Mun,2008,2.0
Homicide,Fraser Valley,RCMP Provincial,Mission Prov,2008,2.0
Homicide,Central Kootenay,RCMP Provincial,Nakusp Prov,2008,0.0
Homicide,Nanaimo,RCMP Municipal,Nanaimo Mun,2008,1.0
Homicide,Nanaimo,RCMP Provincial,Nanaimo Prov,2008,0.0
Homicide,Central Kootenay,Independent Municipal,Nelson Mun,2008,0.0
Homicide,Central Kootenay,RCMP Provincial,Nelson Prov,2008,0.0
Homicide,Kitimat Stikine,RCMP Provincial,New Hazelton Prov,2008,1.0
Homicide,Metro Vancouver,Independent Municipal,New Westminster Mun,2008,0.0
Homicide,Strathcona,RCMP Provincial,Nootka Sound Prov,2008,0.0
Homicide,Cowichan Valley,RCMP Municipal,North Cowichan Mun,2008,1.0
Homicide,Capital,RCMP Municipal,North Saanich Mun,2008,0.0
Homicide,Metro Vancouver,RCMP Municipal,North Vancouver City Mun,2008,0.0
Homicide,Metro Vancouver,RCMP Municipal,North Vancouver District Mun,2008,1.0
Homicide,Metro Vancouver,RCMP Provincial,North Vancouver Prov,2008,0.0
Homicide,Northern Rockies,RCMP Municipal,Northern Rockies Mun,2008,NA
Homicide,Northern Rockies,RCMP Provincial,Northern Rockies Prov,2008,1.0
Homicide,Capital,Independent Municipal,Oak Bay Mun,2008,0.0
Homicide,Nanaimo,RCMP Provincial,Oceanside Prov,2008,0.0
Homicide,Cariboo,RCMP Provincial,One Hundred Mile House Prov,2008,0.0
Homicide,Capital,RCMP Provincial,Outer Gulf  Islands Prov,2008,0.0
Homicide,Nanaimo,RCMP Municipal,Parksville Mun,2008,1.0
Homicide,Central Okanagan,RCMP Municipal,Peachland Mun,2008,NA
Homicide,Squamish Lillooet,RCMP Provincial,Pemberton Prov,2008,0.0
Homicide,Okanagan Similkameen,RCMP Municipal,Penticton Mun,2008,0.0
Homicide,Okanagan Similkameen,RCMP Provincial,Penticton Prov,2008,1.0
Homicide,Metro Vancouver,RCMP Municipal,Pitt Meadows Mun,2008,3.0
Homicide,Alberni Clayoquot,RCMP Municipal,Port Alberni Mun,2008,2.0
Homicide,Alberni Clayoquot,RCMP Provincial,Port Alberni Prov,2008,0.0
Homicide,Mount Waddington,RCMP Provincial,Port Alice Prov,2008,0.0
Homicide,Metro Vancouver,RCMP Municipal,Port Coquitlam Mun,2008,1.0
Homicide,Mount Waddington,RCMP Provincial,Port Hardy Prov,2008,0.0
Homicide,Mount Waddington,RCMP Provincial,Port McNeill Prov,2008,0.0
Homicide,Metro Vancouver,Independent Municipal,Port Moody Mun,2008,0.0
Homicide,Powell River,RCMP Municipal,Powell River Mun,2008,0.0
Homicide,Powell River,RCMP Provincial,Powell River Prov,2008,0.0
Homicide,Fraser Fort George,RCMP Municipal,Prince George Mun,2008,5.0
Homicide,Fraser Fort George,RCMP Provincial,Prince George Prov,2008,0.0
Homicide,North Coast Regional District (22),RCMP Municipal,Prince Rupert Mun,2008,0.0
Homicide,North Coast Regional District (22),RCMP Provincial,Prince Rupert Prov,2008,0.0
Homicide,Okanagan Similkameen,RCMP Provincial,Princeton Prov,2008,1.0
Homicide,Strathcona,RCMP Provincial,Quadra Island Prov,2008,0.0
Homicide,Nanaimo,RCMP Municipal,Qualicum Beach Mun,2008,0.0
Homicide,North Coast Regional District (22),RCMP Provincial,Queen Charlotte Prov,2008,0.0
Homicide,Cariboo,RCMP Municipal,Quesnel Mun,2008,0.0
Homicide,Cariboo,RCMP Provincial,Quesnel Prov,2008,0.0
Homicide,Columbia Shuswap,RCMP Municipal,Revelstoke Mun,2008,0.0
Homicide,Columbia Shuswap,RCMP Provincial,Revelstoke Prov,2008,0.0
Homicide,Metro Vancouver,RCMP Municipal,Richmond Mun,2008,2.0
Homicide,Metro Vancouver,RCMP Provincial,Ridge Meadows Prov,2008,0.0
Homicide,Capital,Independent Municipal,Saanich Mun,2008,1.0
Homicide,Central Kootenay,RCMP Provincial,Salmo Prov,2008,0.0
Homicide,Columbia Shuswap,RCMP Municipal,Salmon Arm Mun,2008,1.0
Homicide,Columbia Shuswap,RCMP Provincial,Salmon Arm Prov,2008,0.0
Homicide,Capital,RCMP Provincial,Saltspring Island Prov,2008,0.0
Homicide,Strathcona,RCMP Provincial,Sayward Prov,2008,0.0
Homicide,Sunshine Coast,RCMP Municipal,Sechelt Mun,2008,0.0
Homicide,Cowichan Valley,RCMP Provincial,Shawnigan Lake Prov,2008,0.0
Homicide,Columbia Shuswap,RCMP Provincial,Sicamous Prov,2008,0.0
Homicide,Capital,RCMP Municipal,Sidney Mun,2008,0.0
Homicide,Capital,RCMP Provincial,Sidney Prov,2008,0.0
Homicide,Central Kootenay,RCMP Provincial,Slocan Lake Prov,2008,0.0
Homicide,Bulkley Nechako,RCMP Municipal,Smithers Mun,2008,0.0
Homicide,Bulkley Nechako,RCMP Provincial,Smithers Prov,2008,0.0
Homicide,Capital,RCMP Municipal,Sooke Mun,2008,0.0
Homicide,Capital,RCMP Provincial,Sooke Prov,2008,0.0
Homicide,Okanagan Similkameen,RCMP Provincial,South Okanagan/Oliver,2008,0.0
Homicide,Okanagan Similkameen,RCMP Provincial,South Okanagan/Osoyoos,2008,0.0
Homicide,North Okanagan,RCMP Municipal,Spallumcheen Mun,2008,NA
Homicide,Squamish Lillooet,RCMP Municipal,Squamish Mun,2008,0.0
Homicide,Squamish Lillooet,RCMP Provincial,Squamish Prov,2008,0.0
Homicide,Kitimat Stikine,RCMP Provincial,Stewart Prov,2008,0.0
Homicide,Squamish Lillooet,First Nations Aboriginal Police Service,Stl'atl'imx FNAPS,2008,0.0
Homicide,Okanagan Similkameen,RCMP Municipal,Summerland Mun,2008,1.0
Homicide,Sunshine Coast,RCMP Provincial,Sunshine Coast Prov,2008,0.0
Homicide,Metro Vancouver,RCMP Municipal,Surrey Mun,2008,16.0
Homicide,Bulkley Nechako,RCMP Provincial,Takla Landing Prov,2008,0.0
Homicide,Kitimat Stikine,RCMP Municipal,Terrace Mun,2008,1.0
Homicide,Kitimat Stikine,RCMP Provincial,Terrace Prov,2008,0.0
Homicide,Powell River,RCMP Provincial,Texada Island Prov,2008,0.0
Homicide,Thompson Nicola,RCMP Provincial,T'Kumlups Prov,2008,0.0
Homicide,Alberni Clayoquot,RCMP Provincial,Tofino Prov,2008,0.0
Homicide,Kootenay Boundary,RCMP Municipal,Trail Mun,2008,1.0
Homicide,Kootenay Boundary,RCMP Provincial,Trail and Greater District,2008,0.0
Homicide,Fraser Fort George,RCMP Provincial,Tsay Keh Dene Prov,2008,0.0
Homicide,Peace River,RCMP Provincial,Tumbler Ridge Prov,2008,0.0
Homicide,Alberni Clayoquot,RCMP Provincial,Ucluelet Prov,2008,0.0
Homicide,Metro Vancouver,RCMP Provincial,University Prov,2008,0.0
Homicide,Fraser Fort George,RCMP Provincial,Valemount Prov,2008,0.0
Homicide,Metro Vancouver,Independent Municipal,Vancouver Mun,2008,19.0
Homicide,Bulkley Nechako,RCMP Provincial,Vanderhoof Prov,2008,1.0
Homicide,North Okanagan,RCMP Municipal,Vernon Mun,2008,1.0
Homicide,North Okanagan,RCMP Provincial,Vernon Prov,2008,0.0
Homicide,Capital,Independent Municipal,Victoria Mun,2008,3.0
Homicide,Capital,RCMP Municipal,View Royal Mun,2008,0.0
Homicide,Cariboo,RCMP Provincial,Wells Prov,2008,0.0
Homicide,Central Okanagan,RCMP Municipal,West Kelowna Mun,2008,NA
Homicide,Capital,RCMP Provincial,West Shore Prov,2008,1.0
Homicide,Metro Vancouver,Independent Municipal,West Vancouver Mun,2008,0.0
Homicide,Squamish Lillooet,RCMP Municipal,Whistler Mun,2008,0.0
Homicide,Squamish Lillooet,RCMP Provincial,Whistler Prov,2008,0.0
Homicide,Metro Vancouver,RCMP Municipal,White Rock Mun,2008,0.0
Homicide,Cariboo,RCMP Municipal,Williams Lake Mun,2008,0.0
Homicide,Cariboo,RCMP Provincial,Williams Lake Prov,2008,1.0
Motor Vehicle Theft,Fraser Valley,Independent Municipal,Abbotsford Mun,2008,1224.0
Motor Vehicle Theft,Fraser Valley,RCMP Provincial,Agassiz Prov,2008,66.0
Motor Vehicle Theft,Mount Waddington,RCMP Provincial,Alert Bay Prov,2008,0.0
Motor Vehicle Theft,Cariboo,RCMP Provincial,Alexis Creek Prov,2008,24.0
Motor Vehicle Theft,Cariboo,RCMP Provincial,Anahim Lake Prov,2008,11.0
Motor Vehicle Theft,North Okanagan,RCMP Provincial,Armstrong Prov,2008,31.0
Motor Vehicle Theft,Thompson Nicola,RCMP Provincial,Ashcroft Prov,2008,26.0
Motor Vehicle Theft,Kitimat Stikine,RCMP Provincial,Atlin Prov,2008,2.0
Motor Vehicle Theft,Thompson Nicola,RCMP Provincial,Barriere Prov,2008,8.0
Motor Vehicle Theft,Central Coast,RCMP Provincial,Bella Bella Prov,2008,0.0
Motor Vehicle Theft,Central Coast,RCMP Provincial,Bella Coola Prov,2008,6.0
Motor Vehicle Theft,Fraser Valley,RCMP Provincial,Boston Bar Prov,2008,3.0
Motor Vehicle Theft,Kootenay Boundary,RCMP Provincial,Boundary/Grand Forks Prov,2008,25.0
Motor Vehicle Theft,Kootenay Boundary,RCMP Provincial,Boundary/Midway Prov,2008,17.0
Motor Vehicle Theft,Metro Vancouver,RCMP Provincial,Bowen Island Prov,2008,5.0
Motor Vehicle Theft,Metro Vancouver,RCMP Municipal,Burnaby Mun,2008,1202.0
Motor Vehicle Theft,Bulkley Nechako,RCMP Provincial,Burns Lake Prov,2008,13.0
Motor Vehicle Theft,Strathcona,RCMP Municipal,Campbell River Mun,2008,108.0
Motor Vehicle Theft,Strathcona,RCMP Provincial,Campbell River Prov,2008,11.0
Motor Vehicle Theft,Central Kootenay,RCMP Municipal,Castlegar Mun,2008,23.0
Motor Vehicle Theft,Central Kootenay,RCMP Provincial,Castlegar Prov,2008,12.0
Motor Vehicle Theft,Capital,Independent Municipal,Central Saanich Mun,2008,16.0
Motor Vehicle Theft,Thompson Nicola,RCMP Provincial,Chase Prov,2008,35.0
Motor Vehicle Theft,Peace River,RCMP Provincial,Chetwynd Prov,2008,42.0
Motor Vehicle Theft,Fraser Valley,RCMP Municipal,Chilliwack Mun,2008,694.0
Motor Vehicle Theft,Fraser Valley,RCMP Provincial,Chilliwack Prov,2008,52.0
Motor Vehicle Theft,Thompson Nicola,RCMP Provincial,Clearwater Prov,2008,11.0
Motor Vehicle Theft,Thompson Nicola,RCMP Provincial,Clinton Prov,2008,8.0
Motor Vehicle Theft,North Okanagan,RCMP Municipal,Coldstream Mun,2008,48.0
Motor Vehicle Theft,East Kootenay,RCMP Provincial,Columbia Valley Prov,2008,35.0
Motor Vehicle Theft,Capital,RCMP Municipal,Colwood Mun,2008,47.0
Motor Vehicle Theft,Comox Valley,RCMP Municipal,Comox Mun,2008,27.0
Motor Vehicle Theft,Comox Valley,RCMP Provincial,Comox Valley Prov,2008,71.0
Motor Vehicle Theft,Metro Vancouver,RCMP Municipal,Coquitlam Mun,2008,509.0
Motor Vehicle Theft,Metro Vancouver,RCMP Provincial,Coquitlam Prov,2008,6.0
Motor Vehicle Theft,Comox Valley,RCMP Municipal,Courtenay Mun,2008,88.0
Motor Vehicle Theft,East Kootenay,RCMP Municipal,Cranbrook Mun,2008,43.0
Motor Vehicle Theft,East Kootenay,RCMP Provincial,Cranbrook Prov,2008,19.0
Motor Vehicle Theft,Central Kootenay,RCMP Municipal,Creston Mun,2008,NA
Motor Vehicle Theft,Central Kootenay,RCMP Provincial,Creston Prov,2008,20.0
Motor Vehicle Theft,Peace River,RCMP Municipal,Dawson Creek Mun,2008,94.0
Motor Vehicle Theft,Peace River,RCMP Provincial,Dawson Creek Prov,2008,29.0
Motor Vehicle Theft,Kitimat Stikine,RCMP Provincial,Dease Lake Prov,2008,2.0
Motor Vehicle Theft,Metro Vancouver,Independent Municipal,Delta Mun,2008,348.0
Motor Vehicle Theft,Cowichan Valley,RCMP Provincial,Duncan Prov,2008,121.0
Motor Vehicle Theft,East Kootenay,RCMP Provincial,Elk Valley Prov,2008,35.0
Motor Vehicle Theft,North Okanagan,RCMP Provincial,Enderby Prov,2008,42.0
Motor Vehicle Theft,Columbia Shuswap,RCMP Provincial,Falkland Prov,2008,12.0
Motor Vehicle Theft,Bulkley Nechako,RCMP Provincial,Fort St James Prov,2008,24.0
Motor Vehicle Theft,Peace River,RCMP Municipal,Fort St John Mun,2008,247.0
Motor Vehicle Theft,Peace River,RCMP Provincial,Fort St John Prov,2008,111.0
Motor Vehicle Theft,Bulkley Nechako,RCMP Provincial,Fraser Lake Prov,2008,6.0
Motor Vehicle Theft,Nanaimo,RCMP Provincial,Gabriola Island Prov,2008,7.0
Motor Vehicle Theft,Columbia Shuswap,RCMP Provincial,Golden Prov,2008,46.0
Motor Vehicle Theft,Fraser Valley,RCMP Municipal,Hope Mun,2008,41.0
Motor Vehicle Theft,Fraser Valley,RCMP Provincial,Hope  Prov,2008,12.0
Motor Vehicle Theft,Bulkley Nechako,RCMP Provincial,Houston/Granisle Prov,2008,5.0
Motor Vehicle Theft,Peace River,RCMP Provincial,Hudson's Hope Prov,2008,1.0
Motor Vehicle Theft,Thompson Nicola,RCMP Municipal,Kamloops Mun,2008,545.0
Motor Vehicle Theft,Central Kootenay,RCMP Provincial,Kaslo Prov,2008,0.0
Motor Vehicle Theft,Central Okanagan,RCMP Municipal,Kelowna Mun,2008,1075.0
Motor Vehicle Theft,Central Okanagan,RCMP Provincial,Kelowna Prov,2008,259.0
Motor Vehicle Theft,Fraser Valley,RCMP Municipal,Kent Mun,2008,NA
Motor Vehicle Theft,Okanagan Similkameen,RCMP Provincial,Keremeos Prov,2008,12.0
Motor Vehicle Theft,East Kootenay,RCMP Municipal,Kimberley Mun,2008,9.0
Motor Vehicle Theft,East Kootenay,RCMP Provincial,Kimberley Prov,2008,1.0
Motor Vehicle Theft,Kitimat Stikine,RCMP Municipal,Kitimat Mun,2008,29.0
Motor Vehicle Theft,Kitimat Stikine,RCMP Provincial,Kitimat Prov,2008,0.0
Motor Vehicle Theft,Cowichan Valley,RCMP Municipal,Ladysmith Mun,2008,38.0
Motor Vehicle Theft,Cowichan Valley,RCMP Provincial,Ladysmith Prov,2008,20.0
Motor Vehicle Theft,Central Okanagan,RCMP Municipal,Lake Country Mun,2008,76.0
Motor Vehicle Theft,Cowichan Valley,RCMP Provincial,Lake Cowichan Prov,2008,33.0
Motor Vehicle Theft,Capital,RCMP Municipal,Langford Mun,2008,120.0
Motor Vehicle Theft,Metro Vancouver,RCMP Municipal,Langley City Mun,2008,215.0
Motor Vehicle Theft,Metro Vancouver,RCMP Municipal,Langley Township Mun,2008,742.0
Motor Vehicle Theft,Squamish Lillooet,RCMP Provincial,Lillooet Prov,2008,12.0
Motor Vehicle Theft,Kitimat Stikine,RCMP Provincial,Lisims/Nass Valley Prov,2008,3.0
Motor Vehicle Theft,Thompson Nicola,RCMP Provincial,Logan Lake Prov,2008,2.0
Motor Vehicle Theft,North Okanagan,RCMP Provincial,Lumby Prov,2008,31.0
Motor Vehicle Theft,Thompson Nicola,RCMP Provincial,Lytton Prov,2008,13.0
Motor Vehicle Theft,Fraser Fort George,RCMP Provincial,Mackenzie Prov,2008,18.0
Motor Vehicle Theft,Metro Vancouver,RCMP Municipal,Maple Ridge Mun,2008,480.0
Motor Vehicle Theft,North Coast Regional District (22),RCMP Provincial,Masset Prov,2008,6.0
Motor Vehicle Theft,Fraser Fort George,RCMP Provincial,McBride Prov,2008,8.0
Motor Vehicle Theft,Thompson Nicola,RCMP Municipal,Merritt Mun,2008,90.0
Motor Vehicle Theft,Thompson Nicola,RCMP Provincial,Merritt Prov,2008,21.0
Motor Vehicle Theft,Fraser Valley,RCMP Municipal,Mission Mun,2008,344.0
Motor Vehicle Theft,Fraser Valley,RCMP Provincial,Mission Prov,2008,30.0
Motor Vehicle Theft,Central Kootenay,RCMP Provincial,Nakusp Prov,2008,12.0
Motor Vehicle Theft,Nanaimo,RCMP Municipal,Nanaimo Mun,2008,511.0
Motor Vehicle Theft,Nanaimo,RCMP Provincial,Nanaimo Prov,2008,50.0
Motor Vehicle Theft,Central Kootenay,Independent Municipal,Nelson Mun,2008,20.0
Motor Vehicle Theft,Central Kootenay,RCMP Provincial,Nelson Prov,2008,4.0
Motor Vehicle Theft,Kitimat Stikine,RCMP Provincial,New Hazelton Prov,2008,25.0
Motor Vehicle Theft,Metro Vancouver,Independent Municipal,New Westminster Mun,2008,341.0
Motor Vehicle Theft,Strathcona,RCMP Provincial,Nootka Sound Prov,2008,2.0
Motor Vehicle Theft,Cowichan Valley,RCMP Municipal,North Cowichan Mun,2008,124.0
Motor Vehicle Theft,Capital,RCMP Municipal,North Saanich Mun,2008,10.0
Motor Vehicle Theft,Metro Vancouver,RCMP Municipal,North Vancouver City Mun,2008,110.0
Motor Vehicle Theft,Metro Vancouver,RCMP Municipal,North Vancouver District Mun,2008,104.0
Motor Vehicle Theft,Metro Vancouver,RCMP Provincial,North Vancouver Prov,2008,9.0
Motor Vehicle Theft,Northern Rockies,RCMP Municipal,Northern Rockies Mun,2008,NA
Motor Vehicle Theft,Northern Rockies,RCMP Provincial,Northern Rockies Prov,2008,65.0
Motor Vehicle Theft,Capital,Independent Municipal,Oak Bay Mun,2008,21.0
Motor Vehicle Theft,Nanaimo,RCMP Provincial,Oceanside Prov,2008,84.0
Motor Vehicle Theft,Cariboo,RCMP Provincial,One Hundred Mile House Prov,2008,37.0
Motor Vehicle Theft,Capital,RCMP Provincial,Outer Gulf  Islands Prov,2008,2.0
Motor Vehicle Theft,Nanaimo,RCMP Municipal,Parksville Mun,2008,41.0
Motor Vehicle Theft,Central Okanagan,RCMP Municipal,Peachland Mun,2008,NA
Motor Vehicle Theft,Squamish Lillooet,RCMP Provincial,Pemberton Prov,2008,7.0
Motor Vehicle Theft,Okanagan Similkameen,RCMP Municipal,Penticton Mun,2008,223.0
Motor Vehicle Theft,Okanagan Similkameen,RCMP Provincial,Penticton Prov,2008,40.0
Motor Vehicle Theft,Metro Vancouver,RCMP Municipal,Pitt Meadows Mun,2008,92.0
Motor Vehicle Theft,Alberni Clayoquot,RCMP Municipal,Port Alberni Mun,2008,77.0
Motor Vehicle Theft,Alberni Clayoquot,RCMP Provincial,Port Alberni Prov,2008,30.0
Motor Vehicle Theft,Mount Waddington,RCMP Provincial,Port Alice Prov,2008,2.0
Motor Vehicle Theft,Metro Vancouver,RCMP Municipal,Port Coquitlam Mun,2008,203.0
Motor Vehicle Theft,Mount Waddington,RCMP Provincial,Port Hardy Prov,2008,11.0
Motor Vehicle Theft,Mount Waddington,RCMP Provincial,Port McNeill Prov,2008,24.0
Motor Vehicle Theft,Metro Vancouver,Independent Municipal,Port Moody Mun,2008,64.0
Motor Vehicle Theft,Powell River,RCMP Municipal,Powell River Mun,2008,24.0
Motor Vehicle Theft,Powell River,RCMP Provincial,Powell River Prov,2008,15.0
Motor Vehicle Theft,Fraser Fort George,RCMP Municipal,Prince George Mun,2008,509.0
Motor Vehicle Theft,Fraser Fort George,RCMP Provincial,Prince George Prov,2008,53.0
Motor Vehicle Theft,North Coast Regional District (22),RCMP Municipal,Prince Rupert Mun,2008,20.0
Motor Vehicle Theft,North Coast Regional District (22),RCMP Provincial,Prince Rupert Prov,2008,1.0
Motor Vehicle Theft,Okanagan Similkameen,RCMP Provincial,Princeton Prov,2008,15.0
Motor Vehicle Theft,Strathcona,RCMP Provincial,Quadra Island Prov,2008,2.0
Motor Vehicle Theft,Nanaimo,RCMP Municipal,Qualicum Beach Mun,2008,38.0
Motor Vehicle Theft,North Coast Regional District (22),RCMP Provincial,Queen Charlotte Prov,2008,4.0
Motor Vehicle Theft,Cariboo,RCMP Municipal,Quesnel Mun,2008,95.0
Motor Vehicle Theft,Cariboo,RCMP Provincial,Quesnel Prov,2008,66.0
Motor Vehicle Theft,Columbia Shuswap,RCMP Municipal,Revelstoke Mun,2008,57.0
Motor Vehicle Theft,Columbia Shuswap,RCMP Provincial,Revelstoke Prov,2008,6.0
Motor Vehicle Theft,Metro Vancouver,RCMP Municipal,Richmond Mun,2008,493.0
Motor Vehicle Theft,Metro Vancouver,RCMP Provincial,Ridge Meadows Prov,2008,33.0
Motor Vehicle Theft,Capital,Independent Municipal,Saanich Mun,2008,213.0
Motor Vehicle Theft,Central Kootenay,RCMP Provincial,Salmo Prov,2008,15.0
Motor Vehicle Theft,Columbia Shuswap,RCMP Municipal,Salmon Arm Mun,2008,75.0
Motor Vehicle Theft,Columbia Shuswap,RCMP Provincial,Salmon Arm Prov,2008,24.0
Motor Vehicle Theft,Capital,RCMP Provincial,Saltspring Island Prov,2008,9.0
Motor Vehicle Theft,Strathcona,RCMP Provincial,Sayward Prov,2008,1.0
Motor Vehicle Theft,Sunshine Coast,RCMP Municipal,Sechelt Mun,2008,19.0
Motor Vehicle Theft,Cowichan Valley,RCMP Provincial,Shawnigan Lake Prov,2008,42.0
Motor Vehicle Theft,Columbia Shuswap,RCMP Provincial,Sicamous Prov,2008,31.0
Motor Vehicle Theft,Capital,RCMP Municipal,Sidney Mun,2008,17.0
Motor Vehicle Theft,Capital,RCMP Provincial,Sidney Prov,2008,11.0
Motor Vehicle Theft,Central Kootenay,RCMP Provincial,Slocan Lake Prov,2008,0.0
Motor Vehicle Theft,Bulkley Nechako,RCMP Municipal,Smithers Mun,2008,27.0
Motor Vehicle Theft,Bulkley Nechako,RCMP Provincial,Smithers Prov,2008,20.0
Motor Vehicle Theft,Capital,RCMP Municipal,Sooke Mun,2008,23.0
Motor Vehicle Theft,Capital,RCMP Provincial,Sooke Prov,2008,20.0
Motor Vehicle Theft,Okanagan Similkameen,RCMP Provincial,South Okanagan/Oliver,2008,45.0
Motor Vehicle Theft,Okanagan Similkameen,RCMP Provincial,South Okanagan/Osoyoos,2008,37.0
Motor Vehicle Theft,North Okanagan,RCMP Municipal,Spallumcheen Mun,2008,NA
Motor Vehicle Theft,Squamish Lillooet,RCMP Municipal,Squamish Mun,2008,75.0
Motor Vehicle Theft,Squamish Lillooet,RCMP Provincial,Squamish Prov,2008,10.0
Motor Vehicle Theft,Kitimat Stikine,RCMP Provincial,Stewart Prov,2008,0.0
Motor Vehicle Theft,Squamish Lillooet,First Nations Aboriginal Police Service,Stl'atl'imx FNAPS,2008,13.0
Motor Vehicle Theft,Okanagan Similkameen,RCMP Municipal,Summerland Mun,2008,44.0
Motor Vehicle Theft,Sunshine Coast,RCMP Provincial,Sunshine Coast Prov,2008,42.0
Motor Vehicle Theft,Metro Vancouver,RCMP Municipal,Surrey Mun,2008,3890.0
Motor Vehicle Theft,Bulkley Nechako,RCMP Provincial,Takla Landing Prov,2008,1.0
Motor Vehicle Theft,Kitimat Stikine,RCMP Municipal,Terrace Mun,2008,27.0
Motor Vehicle Theft,Kitimat Stikine,RCMP Provincial,Terrace Prov,2008,17.0
Motor Vehicle Theft,Powell River,RCMP Provincial,Texada Island Prov,2008,1.0
Motor Vehicle Theft,Thompson Nicola,RCMP Provincial,T'Kumlups Prov,2008,93.0
Motor Vehicle Theft,Alberni Clayoquot,RCMP Provincial,Tofino Prov,2008,11.0
Motor Vehicle Theft,Kootenay Boundary,RCMP Municipal,Trail Mun,2008,31.0
Motor Vehicle Theft,Kootenay Boundary,RCMP Provincial,Trail and Greater District,2008,24.0
Motor Vehicle Theft,Fraser Fort George,RCMP Provincial,Tsay Keh Dene Prov,2008,1.0
Motor Vehicle Theft,Peace River,RCMP Provincial,Tumbler Ridge Prov,2008,17.0
Motor Vehicle Theft,Alberni Clayoquot,RCMP Provincial,Ucluelet Prov,2008,13.0
Motor Vehicle Theft,Metro Vancouver,RCMP Provincial,University Prov,2008,12.0
Motor Vehicle Theft,Fraser Fort George,RCMP Provincial,Valemount Prov,2008,14.0
Motor Vehicle Theft,Metro Vancouver,Independent Municipal,Vancouver Mun,2008,2433.0
Motor Vehicle Theft,Bulkley Nechako,RCMP Provincial,Vanderhoof Prov,2008,44.0
Motor Vehicle Theft,North Okanagan,RCMP Municipal,Vernon Mun,2008,432.0
Motor Vehicle Theft,North Okanagan,RCMP Provincial,Vernon Prov,2008,57.0
Motor Vehicle Theft,Capital,Independent Municipal,Victoria Mun,2008,416.0
Motor Vehicle Theft,Capital,RCMP Municipal,View Royal Mun,2008,26.0
Motor Vehicle Theft,Cariboo,RCMP Provincial,Wells Prov,2008,2.0
Motor Vehicle Theft,Central Okanagan,RCMP Municipal,West Kelowna Mun,2008,NA
Motor Vehicle Theft,Capital,RCMP Provincial,West Shore Prov,2008,28.0
Motor Vehicle Theft,Metro Vancouver,Independent Municipal,West Vancouver Mun,2008,54.0
Motor Vehicle Theft,Squamish Lillooet,RCMP Municipal,Whistler Mun,2008,59.0
Motor Vehicle Theft,Squamish Lillooet,RCMP Provincial,Whistler Prov,2008,3.0
Motor Vehicle Theft,Metro Vancouver,RCMP Municipal,White Rock Mun,2008,64.0
Motor Vehicle Theft,Cariboo,RCMP Municipal,Williams Lake Mun,2008,302.0
Motor Vehicle Theft,Cariboo,RCMP Provincial,Williams Lake Prov,2008,69.0
Administration of Justice Offenses,Fraser Valley,Independent Municipal,Abbotsford Mun,2008,280.0
Administration of Justice Offenses,Fraser Valley,RCMP Provincial,Agassiz Prov,2008,26.0
Administration of Justice Offenses,Mount Waddington,RCMP Provincial,Alert Bay Prov,2008,19.0
Administration of Justice Offenses,Cariboo,RCMP Provincial,Alexis Creek Prov,2008,43.0
Administration of Justice Offenses,Cariboo,RCMP Provincial,Anahim Lake Prov,2008,45.0
Administration of Justice Offenses,North Okanagan,RCMP Provincial,Armstrong Prov,2008,16.0
Administration of Justice Offenses,Thompson Nicola,RCMP Provincial,Ashcroft Prov,2008,16.0
Administration of Justice Offenses,Kitimat Stikine,RCMP Provincial,Atlin Prov,2008,9.0
Administration of Justice Offenses,Thompson Nicola,RCMP Provincial,Barriere Prov,2008,11.0
Administration of Justice Offenses,Central Coast,RCMP Provincial,Bella Bella Prov,2008,24.0
Administration of Justice Offenses,Central Coast,RCMP Provincial,Bella Coola Prov,2008,83.0
Administration of Justice Offenses,Fraser Valley,RCMP Provincial,Boston Bar Prov,2008,3.0
Administration of Justice Offenses,Kootenay Boundary,RCMP Provincial,Boundary/Grand Forks Prov,2008,46.0
Administration of Justice Offenses,Kootenay Boundary,RCMP Provincial,Boundary/Midway Prov,2008,3.0
Administration of Justice Offenses,Metro Vancouver,RCMP Provincial,Bowen Island Prov,2008,2.0
Administration of Justice Offenses,Metro Vancouver,RCMP Municipal,Burnaby Mun,2008,289.0
Administration of Justice Offenses,Bulkley Nechako,RCMP Provincial,Burns Lake Prov,2008,117.0
Administration of Justice Offenses,Strathcona,RCMP Municipal,Campbell River Mun,2008,286.0
Administration of Justice Offenses,Strathcona,RCMP Provincial,Campbell River Prov,2008,22.0
Administration of Justice Offenses,Central Kootenay,RCMP Municipal,Castlegar Mun,2008,50.0
Administration of Justice Offenses,Central Kootenay,RCMP Provincial,Castlegar Prov,2008,7.0
Administration of Justice Offenses,Capital,Independent Municipal,Central Saanich Mun,2008,7.0
Administration of Justice Offenses,Thompson Nicola,RCMP Provincial,Chase Prov,2008,37.0
Administration of Justice Offenses,Peace River,RCMP Provincial,Chetwynd Prov,2008,82.0
Administration of Justice Offenses,Fraser Valley,RCMP Municipal,Chilliwack Mun,2008,194.0
Administration of Justice Offenses,Fraser Valley,RCMP Provincial,Chilliwack Prov,2008,30.0
Administration of Justice Offenses,Thompson Nicola,RCMP Provincial,Clearwater Prov,2008,6.0
Administration of Justice Offenses,Thompson Nicola,RCMP Provincial,Clinton Prov,2008,2.0
Administration of Justice Offenses,North Okanagan,RCMP Municipal,Coldstream Mun,2008,8.0
Administration of Justice Offenses,East Kootenay,RCMP Provincial,Columbia Valley Prov,2008,31.0
Administration of Justice Offenses,Capital,RCMP Municipal,Colwood Mun,2008,14.0
Administration of Justice Offenses,Comox Valley,RCMP Municipal,Comox Mun,2008,12.0
Administration of Justice Offenses,Comox Valley,RCMP Provincial,Comox Valley Prov,2008,42.0
Administration of Justice Offenses,Metro Vancouver,RCMP Municipal,Coquitlam Mun,2008,214.0
Administration of Justice Offenses,Metro Vancouver,RCMP Provincial,Coquitlam Prov,2008,0.0
Administration of Justice Offenses,Comox Valley,RCMP Municipal,Courtenay Mun,2008,122.0
Administration of Justice Offenses,East Kootenay,RCMP Municipal,Cranbrook Mun,2008,132.0
Administration of Justice Offenses,East Kootenay,RCMP Provincial,Cranbrook Prov,2008,6.0
Administration of Justice Offenses,Central Kootenay,RCMP Municipal,Creston Mun,2008,NA
Administration of Justice Offenses,Central Kootenay,RCMP Provincial,Creston Prov,2008,56.0
Administration of Justice Offenses,Peace River,RCMP Municipal,Dawson Creek Mun,2008,140.0
Administration of Justice Offenses,Peace River,RCMP Provincial,Dawson Creek Prov,2008,11.0
Administration of Justice Offenses,Kitimat Stikine,RCMP Provincial,Dease Lake Prov,2008,22.0
Administration of Justice Offenses,Metro Vancouver,Independent Municipal,Delta Mun,2008,207.0
Administration of Justice Offenses,Cowichan Valley,RCMP Provincial,Duncan Prov,2008,70.0
Administration of Justice Offenses,East Kootenay,RCMP Provincial,Elk Valley Prov,2008,24.0
Administration of Justice Offenses,North Okanagan,RCMP Provincial,Enderby Prov,2008,10.0
Administration of Justice Offenses,Columbia Shuswap,RCMP Provincial,Falkland Prov,2008,2.0
Administration of Justice Offenses,Bulkley Nechako,RCMP Provincial,Fort St James Prov,2008,120.0
Administration of Justice Offenses,Peace River,RCMP Municipal,Fort St John Mun,2008,170.0
Administration of Justice Offenses,Peace River,RCMP Provincial,Fort St John Prov,2008,32.0
Administration of Justice Offenses,Bulkley Nechako,RCMP Provincial,Fraser Lake Prov,2008,29.0
Administration of Justice Offenses,Nanaimo,RCMP Provincial,Gabriola Island Prov,2008,1.0
Administration of Justice Offenses,Columbia Shuswap,RCMP Provincial,Golden Prov,2008,28.0
Administration of Justice Offenses,Fraser Valley,RCMP Municipal,Hope Mun,2008,39.0
Administration of Justice Offenses,Fraser Valley,RCMP Provincial,Hope  Prov,2008,7.0
Administration of Justice Offenses,Bulkley Nechako,RCMP Provincial,Houston/Granisle Prov,2008,76.0
Administration of Justice Offenses,Peace River,RCMP Provincial,Hudson's Hope Prov,2008,3.0
Administration of Justice Offenses,Thompson Nicola,RCMP Municipal,Kamloops Mun,2008,324.0
Administration of Justice Offenses,Central Kootenay,RCMP Provincial,Kaslo Prov,2008,3.0
Administration of Justice Offenses,Central Okanagan,RCMP Municipal,Kelowna Mun,2008,326.0
Administration of Justice Offenses,Central Okanagan,RCMP Provincial,Kelowna Prov,2008,79.0
Administration of Justice Offenses,Fraser Valley,RCMP Municipal,Kent Mun,2008,NA
Administration of Justice Offenses,Okanagan Similkameen,RCMP Provincial,Keremeos Prov,2008,7.0
Administration of Justice Offenses,East Kootenay,RCMP Municipal,Kimberley Mun,2008,31.0
Administration of Justice Offenses,East Kootenay,RCMP Provincial,Kimberley Prov,2008,0.0
Administration of Justice Offenses,Kitimat Stikine,RCMP Municipal,Kitimat Mun,2008,77.0
Administration of Justice Offenses,Kitimat Stikine,RCMP Provincial,Kitimat Prov,2008,1.0
Administration of Justice Offenses,Cowichan Valley,RCMP Municipal,Ladysmith Mun,2008,9.0
Administration of Justice Offenses,Cowichan Valley,RCMP Provincial,Ladysmith Prov,2008,5.0
Administration of Justice Offenses,Central Okanagan,RCMP Municipal,Lake Country Mun,2008,14.0
Administration of Justice Offenses,Cowichan Valley,RCMP Provincial,Lake Cowichan Prov,2008,8.0
Administration of Justice Offenses,Capital,RCMP Municipal,Langford Mun,2008,58.0
Administration of Justice Offenses,Metro Vancouver,RCMP Municipal,Langley City Mun,2008,75.0
Administration of Justice Offenses,Metro Vancouver,RCMP Municipal,Langley Township Mun,2008,132.0
Administration of Justice Offenses,Squamish Lillooet,RCMP Provincial,Lillooet Prov,2008,24.0
Administration of Justice Offenses,Kitimat Stikine,RCMP Provincial,Lisims/Nass Valley Prov,2008,88.0
Administration of Justice Offenses,Thompson Nicola,RCMP Provincial,Logan Lake Prov,2008,6.0
Administration of Justice Offenses,North Okanagan,RCMP Provincial,Lumby Prov,2008,13.0
Administration of Justice Offenses,Thompson Nicola,RCMP Provincial,Lytton Prov,2008,9.0
Administration of Justice Offenses,Fraser Fort George,RCMP Provincial,Mackenzie Prov,2008,29.0
Administration of Justice Offenses,Metro Vancouver,RCMP Municipal,Maple Ridge Mun,2008,170.0
Administration of Justice Offenses,North Coast Regional District (22),RCMP Provincial,Masset Prov,2008,61.0
Administration of Justice Offenses,Fraser Fort George,RCMP Provincial,McBride Prov,2008,0.0
Administration of Justice Offenses,Thompson Nicola,RCMP Municipal,Merritt Mun,2008,102.0
Administration of Justice Offenses,Thompson Nicola,RCMP Provincial,Merritt Prov,2008,18.0
Administration of Justice Offenses,Fraser Valley,RCMP Municipal,Mission Mun,2008,127.0
Administration of Justice Offenses,Fraser Valley,RCMP Provincial,Mission Prov,2008,12.0
Administration of Justice Offenses,Central Kootenay,RCMP Provincial,Nakusp Prov,2008,7.0
Administration of Justice Offenses,Nanaimo,RCMP Municipal,Nanaimo Mun,2008,301.0
Administration of Justice Offenses,Nanaimo,RCMP Provincial,Nanaimo Prov,2008,14.0
Administration of Justice Offenses,Central Kootenay,Independent Municipal,Nelson Mun,2008,81.0
Administration of Justice Offenses,Central Kootenay,RCMP Provincial,Nelson Prov,2008,23.0
Administration of Justice Offenses,Kitimat Stikine,RCMP Provincial,New Hazelton Prov,2008,92.0
Administration of Justice Offenses,Metro Vancouver,Independent Municipal,New Westminster Mun,2008,373.0
Administration of Justice Offenses,Strathcona,RCMP Provincial,Nootka Sound Prov,2008,5.0
Administration of Justice Offenses,Cowichan Valley,RCMP Municipal,North Cowichan Mun,2008,72.0
Administration of Justice Offenses,Capital,RCMP Municipal,North Saanich Mun,2008,12.0
Administration of Justice Offenses,Metro Vancouver,RCMP Municipal,North Vancouver City Mun,2008,119.0
Administration of Justice Offenses,Metro Vancouver,RCMP Municipal,North Vancouver District Mun,2008,89.0
Administration of Justice Offenses,Metro Vancouver,RCMP Provincial,North Vancouver Prov,2008,30.0
Administration of Justice Offenses,Northern Rockies,RCMP Municipal,Northern Rockies Mun,2008,NA
Administration of Justice Offenses,Northern Rockies,RCMP Provincial,Northern Rockies Prov,2008,61.0
Administration of Justice Offenses,Capital,Independent Municipal,Oak Bay Mun,2008,9.0
Administration of Justice Offenses,Nanaimo,RCMP Provincial,Oceanside Prov,2008,17.0
Administration of Justice Offenses,Cariboo,RCMP Provincial,One Hundred Mile House Prov,2008,51.0
Administration of Justice Offenses,Capital,RCMP Provincial,Outer Gulf  Islands Prov,2008,8.0
Administration of Justice Offenses,Nanaimo,RCMP Municipal,Parksville Mun,2008,52.0
Administration of Justice Offenses,Central Okanagan,RCMP Municipal,Peachland Mun,2008,NA
Administration of Justice Offenses,Squamish Lillooet,RCMP Provincial,Pemberton Prov,2008,18.0
Administration of Justice Offenses,Okanagan Similkameen,RCMP Municipal,Penticton Mun,2008,148.0
Administration of Justice Offenses,Okanagan Similkameen,RCMP Provincial,Penticton Prov,2008,25.0
Administration of Justice Offenses,Metro Vancouver,RCMP Municipal,Pitt Meadows Mun,2008,31.0
Administration of Justice Offenses,Alberni Clayoquot,RCMP Municipal,Port Alberni Mun,2008,242.0
Administration of Justice Offenses,Alberni Clayoquot,RCMP Provincial,Port Alberni Prov,2008,25.0
Administration of Justice Offenses,Mount Waddington,RCMP Provincial,Port Alice Prov,2008,2.0
Administration of Justice Offenses,Metro Vancouver,RCMP Municipal,Port Coquitlam Mun,2008,88.0
Administration of Justice Offenses,Mount Waddington,RCMP Provincial,Port Hardy Prov,2008,79.0
Administration of Justice Offenses,Mount Waddington,RCMP Provincial,Port McNeill Prov,2008,33.0
Administration of Justice Offenses,Metro Vancouver,Independent Municipal,Port Moody Mun,2008,44.0
Administration of Justice Offenses,Powell River,RCMP Municipal,Powell River Mun,2008,53.0
Administration of Justice Offenses,Powell River,RCMP Provincial,Powell River Prov,2008,34.0
Administration of Justice Offenses,Fraser Fort George,RCMP Municipal,Prince George Mun,2008,467.0
Administration of Justice Offenses,Fraser Fort George,RCMP Provincial,Prince George Prov,2008,10.0
Administration of Justice Offenses,North Coast Regional District (22),RCMP Municipal,Prince Rupert Mun,2008,254.0
Administration of Justice Offenses,North Coast Regional District (22),RCMP Provincial,Prince Rupert Prov,2008,26.0
Administration of Justice Offenses,Okanagan Similkameen,RCMP Provincial,Princeton Prov,2008,5.0
Administration of Justice Offenses,Strathcona,RCMP Provincial,Quadra Island Prov,2008,3.0
Administration of Justice Offenses,Nanaimo,RCMP Municipal,Qualicum Beach Mun,2008,10.0
Administration of Justice Offenses,North Coast Regional District (22),RCMP Provincial,Queen Charlotte Prov,2008,31.0
Administration of Justice Offenses,Cariboo,RCMP Municipal,Quesnel Mun,2008,110.0
Administration of Justice Offenses,Cariboo,RCMP Provincial,Quesnel Prov,2008,30.0
Administration of Justice Offenses,Columbia Shuswap,RCMP Municipal,Revelstoke Mun,2008,40.0
Administration of Justice Offenses,Columbia Shuswap,RCMP Provincial,Revelstoke Prov,2008,5.0
Administration of Justice Offenses,Metro Vancouver,RCMP Municipal,Richmond Mun,2008,132.0
Administration of Justice Offenses,Metro Vancouver,RCMP Provincial,Ridge Meadows Prov,2008,13.0
Administration of Justice Offenses,Capital,Independent Municipal,Saanich Mun,2008,229.0
Administration of Justice Offenses,Central Kootenay,RCMP Provincial,Salmo Prov,2008,7.0
Administration of Justice Offenses,Columbia Shuswap,RCMP Municipal,Salmon Arm Mun,2008,133.0
Administration of Justice Offenses,Columbia Shuswap,RCMP Provincial,Salmon Arm Prov,2008,17.0
Administration of Justice Offenses,Capital,RCMP Provincial,Saltspring Island Prov,2008,20.0
Administration of Justice Offenses,Strathcona,RCMP Provincial,Sayward Prov,2008,3.0
Administration of Justice Offenses,Sunshine Coast,RCMP Municipal,Sechelt Mun,2008,48.0
Administration of Justice Offenses,Cowichan Valley,RCMP Provincial,Shawnigan Lake Prov,2008,22.0
Administration of Justice Offenses,Columbia Shuswap,RCMP Provincial,Sicamous Prov,2008,4.0
Administration of Justice Offenses,Capital,RCMP Municipal,Sidney Mun,2008,22.0
Administration of Justice Offenses,Capital,RCMP Provincial,Sidney Prov,2008,26.0
Administration of Justice Offenses,Central Kootenay,RCMP Provincial,Slocan Lake Prov,2008,1.0
Administration of Justice Offenses,Bulkley Nechako,RCMP Municipal,Smithers Mun,2008,81.0
Administration of Justice Offenses,Bulkley Nechako,RCMP Provincial,Smithers Prov,2008,28.0
Administration of Justice Offenses,Capital,RCMP Municipal,Sooke Mun,2008,39.0
Administration of Justice Offenses,Capital,RCMP Provincial,Sooke Prov,2008,6.0
Administration of Justice Offenses,Okanagan Similkameen,RCMP Provincial,South Okanagan/Oliver,2008,21.0
Administration of Justice Offenses,Okanagan Similkameen,RCMP Provincial,South Okanagan/Osoyoos,2008,18.0
Administration of Justice Offenses,North Okanagan,RCMP Municipal,Spallumcheen Mun,2008,NA
Administration of Justice Offenses,Squamish Lillooet,RCMP Municipal,Squamish Mun,2008,122.0
Administration of Justice Offenses,Squamish Lillooet,RCMP Provincial,Squamish Prov,2008,3.0
Administration of Justice Offenses,Kitimat Stikine,RCMP Provincial,Stewart Prov,2008,0.0
Administration of Justice Offenses,Squamish Lillooet,First Nations Aboriginal Police Service,Stl'atl'imx FNAPS,2008,21.0
Administration of Justice Offenses,Okanagan Similkameen,RCMP Municipal,Summerland Mun,2008,17.0
Administration of Justice Offenses,Sunshine Coast,RCMP Provincial,Sunshine Coast Prov,2008,59.0
Administration of Justice Offenses,Metro Vancouver,RCMP Municipal,Surrey Mun,2008,1022.0
Administration of Justice Offenses,Bulkley Nechako,RCMP Provincial,Takla Landing Prov,2008,3.0
Administration of Justice Offenses,Kitimat Stikine,RCMP Municipal,Terrace Mun,2008,362.0
Administration of Justice Offenses,Kitimat Stikine,RCMP Provincial,Terrace Prov,2008,35.0
Administration of Justice Offenses,Powell River,RCMP Provincial,Texada Island Prov,2008,2.0
Administration of Justice Offenses,Thompson Nicola,RCMP Provincial,T'Kumlups Prov,2008,20.0
Administration of Justice Offenses,Alberni Clayoquot,RCMP Provincial,Tofino Prov,2008,37.0
Administration of Justice Offenses,Kootenay Boundary,RCMP Municipal,Trail Mun,2008,30.0
Administration of Justice Offenses,Kootenay Boundary,RCMP Provincial,Trail and Greater District,2008,42.0
Administration of Justice Offenses,Fraser Fort George,RCMP Provincial,Tsay Keh Dene Prov,2008,36.0
Administration of Justice Offenses,Peace River,RCMP Provincial,Tumbler Ridge Prov,2008,20.0
Administration of Justice Offenses,Alberni Clayoquot,RCMP Provincial,Ucluelet Prov,2008,33.0
Administration of Justice Offenses,Metro Vancouver,RCMP Provincial,University Prov,2008,10.0
Administration of Justice Offenses,Fraser Fort George,RCMP Provincial,Valemount Prov,2008,2.0
Administration of Justice Offenses,Metro Vancouver,Independent Municipal,Vancouver Mun,2008,2146.0
Administration of Justice Offenses,Bulkley Nechako,RCMP Provincial,Vanderhoof Prov,2008,49.0
Administration of Justice Offenses,North Okanagan,RCMP Municipal,Vernon Mun,2008,176.0
Administration of Justice Offenses,North Okanagan,RCMP Provincial,Vernon Prov,2008,16.0
Administration of Justice Offenses,Capital,Independent Municipal,Victoria Mun,2008,665.0
Administration of Justice Offenses,Capital,RCMP Municipal,View Royal Mun,2008,13.0
Administration of Justice Offenses,Cariboo,RCMP Provincial,Wells Prov,2008,0.0
Administration of Justice Offenses,Central Okanagan,RCMP Municipal,West Kelowna Mun,2008,NA
Administration of Justice Offenses,Capital,RCMP Provincial,West Shore Prov,2008,26.0
Administration of Justice Offenses,Metro Vancouver,Independent Municipal,West Vancouver Mun,2008,75.0
Administration of Justice Offenses,Squamish Lillooet,RCMP Municipal,Whistler Mun,2008,20.0
Administration of Justice Offenses,Squamish Lillooet,RCMP Provincial,Whistler Prov,2008,0.0
Administration of Justice Offenses,Metro Vancouver,RCMP Municipal,White Rock Mun,2008,19.0
Administration of Justice Offenses,Cariboo,RCMP Municipal,Williams Lake Mun,2008,155.0
Administration of Justice Offenses,Cariboo,RCMP Provincial,Williams Lake Prov,2008,19.0
Drug Offenses,Fraser Valley,Independent Municipal,Abbotsford Mun,2008,348.0
Drug Offenses,Fraser Valley,RCMP Provincial,Agassiz Prov,2008,62.0
Drug Offenses,Mount Waddington,RCMP Provincial,Alert Bay Prov,2008,11.0
Drug Offenses,Cariboo,RCMP Provincial,Alexis Creek Prov,2008,47.0
Drug Offenses,Cariboo,RCMP Provincial,Anahim Lake Prov,2008,11.0
Drug Offenses,North Okanagan,RCMP Provincial,Armstrong Prov,2008,37.0
Drug Offenses,Thompson Nicola,RCMP Provincial,Ashcroft Prov,2008,66.0
Drug Offenses,Kitimat Stikine,RCMP Provincial,Atlin Prov,2008,8.0
Drug Offenses,Thompson Nicola,RCMP Provincial,Barriere Prov,2008,54.0
Drug Offenses,Central Coast,RCMP Provincial,Bella Bella Prov,2008,23.0
Drug Offenses,Central Coast,RCMP Provincial,Bella Coola Prov,2008,37.0
Drug Offenses,Fraser Valley,RCMP Provincial,Boston Bar Prov,2008,12.0
Drug Offenses,Kootenay Boundary,RCMP Provincial,Boundary/Grand Forks Prov,2008,39.0
Drug Offenses,Kootenay Boundary,RCMP Provincial,Boundary/Midway Prov,2008,12.0
Drug Offenses,Metro Vancouver,RCMP Provincial,Bowen Island Prov,2008,10.0
Drug Offenses,Metro Vancouver,RCMP Municipal,Burnaby Mun,2008,767.0
Drug Offenses,Bulkley Nechako,RCMP Provincial,Burns Lake Prov,2008,120.0
Drug Offenses,Strathcona,RCMP Municipal,Campbell River Mun,2008,251.0
Drug Offenses,Strathcona,RCMP Provincial,Campbell River Prov,2008,29.0
Drug Offenses,Central Kootenay,RCMP Municipal,Castlegar Mun,2008,78.0
Drug Offenses,Central Kootenay,RCMP Provincial,Castlegar Prov,2008,33.0
Drug Offenses,Capital,Independent Municipal,Central Saanich Mun,2008,21.0
Drug Offenses,Thompson Nicola,RCMP Provincial,Chase Prov,2008,82.0
Drug Offenses,Peace River,RCMP Provincial,Chetwynd Prov,2008,59.0
Drug Offenses,Fraser Valley,RCMP Municipal,Chilliwack Mun,2008,283.0
Drug Offenses,Fraser Valley,RCMP Provincial,Chilliwack Prov,2008,46.0
Drug Offenses,Thompson Nicola,RCMP Provincial,Clearwater Prov,2008,126.0
Drug Offenses,Thompson Nicola,RCMP Provincial,Clinton Prov,2008,25.0
Drug Offenses,North Okanagan,RCMP Municipal,Coldstream Mun,2008,12.0
Drug Offenses,East Kootenay,RCMP Provincial,Columbia Valley Prov,2008,44.0
Drug Offenses,Capital,RCMP Municipal,Colwood Mun,2008,37.0
Drug Offenses,Comox Valley,RCMP Municipal,Comox Mun,2008,31.0
Drug Offenses,Comox Valley,RCMP Provincial,Comox Valley Prov,2008,123.0
Drug Offenses,Metro Vancouver,RCMP Municipal,Coquitlam Mun,2008,531.0
Drug Offenses,Metro Vancouver,RCMP Provincial,Coquitlam Prov,2008,7.0
Drug Offenses,Comox Valley,RCMP Municipal,Courtenay Mun,2008,231.0
Drug Offenses,East Kootenay,RCMP Municipal,Cranbrook Mun,2008,178.0
Drug Offenses,East Kootenay,RCMP Provincial,Cranbrook Prov,2008,27.0
Drug Offenses,Central Kootenay,RCMP Municipal,Creston Mun,2008,NA
Drug Offenses,Central Kootenay,RCMP Provincial,Creston Prov,2008,76.0
Drug Offenses,Peace River,RCMP Municipal,Dawson Creek Mun,2008,132.0
Drug Offenses,Peace River,RCMP Provincial,Dawson Creek Prov,2008,29.0
Drug Offenses,Kitimat Stikine,RCMP Provincial,Dease Lake Prov,2008,8.0
Drug Offenses,Metro Vancouver,Independent Municipal,Delta Mun,2008,377.0
Drug Offenses,Cowichan Valley,RCMP Provincial,Duncan Prov,2008,121.0
Drug Offenses,East Kootenay,RCMP Provincial,Elk Valley Prov,2008,67.0
Drug Offenses,North Okanagan,RCMP Provincial,Enderby Prov,2008,54.0
Drug Offenses,Columbia Shuswap,RCMP Provincial,Falkland Prov,2008,15.0
Drug Offenses,Bulkley Nechako,RCMP Provincial,Fort St James Prov,2008,46.0
Drug Offenses,Peace River,RCMP Municipal,Fort St John Mun,2008,274.0
Drug Offenses,Peace River,RCMP Provincial,Fort St John Prov,2008,45.0
Drug Offenses,Bulkley Nechako,RCMP Provincial,Fraser Lake Prov,2008,12.0
Drug Offenses,Nanaimo,RCMP Provincial,Gabriola Island Prov,2008,17.0
Drug Offenses,Columbia Shuswap,RCMP Provincial,Golden Prov,2008,133.0
Drug Offenses,Fraser Valley,RCMP Municipal,Hope Mun,2008,105.0
Drug Offenses,Fraser Valley,RCMP Provincial,Hope  Prov,2008,29.0
Drug Offenses,Bulkley Nechako,RCMP Provincial,Houston/Granisle Prov,2008,41.0
Drug Offenses,Peace River,RCMP Provincial,Hudson's Hope Prov,2008,4.0
Drug Offenses,Thompson Nicola,RCMP Municipal,Kamloops Mun,2008,588.0
Drug Offenses,Central Kootenay,RCMP Provincial,Kaslo Prov,2008,37.0
Drug Offenses,Central Okanagan,RCMP Municipal,Kelowna Mun,2008,777.0
Drug Offenses,Central Okanagan,RCMP Provincial,Kelowna Prov,2008,151.0
Drug Offenses,Fraser Valley,RCMP Municipal,Kent Mun,2008,NA
Drug Offenses,Okanagan Similkameen,RCMP Provincial,Keremeos Prov,2008,22.0
Drug Offenses,East Kootenay,RCMP Municipal,Kimberley Mun,2008,33.0
Drug Offenses,East Kootenay,RCMP Provincial,Kimberley Prov,2008,7.0
Drug Offenses,Kitimat Stikine,RCMP Municipal,Kitimat Mun,2008,43.0
Drug Offenses,Kitimat Stikine,RCMP Provincial,Kitimat Prov,2008,6.0
Drug Offenses,Cowichan Valley,RCMP Municipal,Ladysmith Mun,2008,25.0
Drug Offenses,Cowichan Valley,RCMP Provincial,Ladysmith Prov,2008,38.0
Drug Offenses,Central Okanagan,RCMP Municipal,Lake Country Mun,2008,35.0
Drug Offenses,Cowichan Valley,RCMP Provincial,Lake Cowichan Prov,2008,44.0
Drug Offenses,Capital,RCMP Municipal,Langford Mun,2008,115.0
Drug Offenses,Metro Vancouver,RCMP Municipal,Langley City Mun,2008,255.0
Drug Offenses,Metro Vancouver,RCMP Municipal,Langley Township Mun,2008,472.0
Drug Offenses,Squamish Lillooet,RCMP Provincial,Lillooet Prov,2008,36.0
Drug Offenses,Kitimat Stikine,RCMP Provincial,Lisims/Nass Valley Prov,2008,21.0
Drug Offenses,Thompson Nicola,RCMP Provincial,Logan Lake Prov,2008,14.0
Drug Offenses,North Okanagan,RCMP Provincial,Lumby Prov,2008,32.0
Drug Offenses,Thompson Nicola,RCMP Provincial,Lytton Prov,2008,29.0
Drug Offenses,Fraser Fort George,RCMP Provincial,Mackenzie Prov,2008,38.0
Drug Offenses,Metro Vancouver,RCMP Municipal,Maple Ridge Mun,2008,306.0
Drug Offenses,North Coast Regional District (22),RCMP Provincial,Masset Prov,2008,13.0
Drug Offenses,Fraser Fort George,RCMP Provincial,McBride Prov,2008,14.0
Drug Offenses,Thompson Nicola,RCMP Municipal,Merritt Mun,2008,54.0
Drug Offenses,Thompson Nicola,RCMP Provincial,Merritt Prov,2008,21.0
Drug Offenses,Fraser Valley,RCMP Municipal,Mission Mun,2008,239.0
Drug Offenses,Fraser Valley,RCMP Provincial,Mission Prov,2008,17.0
Drug Offenses,Central Kootenay,RCMP Provincial,Nakusp Prov,2008,17.0
Drug Offenses,Nanaimo,RCMP Municipal,Nanaimo Mun,2008,629.0
Drug Offenses,Nanaimo,RCMP Provincial,Nanaimo Prov,2008,38.0
Drug Offenses,Central Kootenay,Independent Municipal,Nelson Mun,2008,72.0
Drug Offenses,Central Kootenay,RCMP Provincial,Nelson Prov,2008,83.0
Drug Offenses,Kitimat Stikine,RCMP Provincial,New Hazelton Prov,2008,94.0
Drug Offenses,Metro Vancouver,Independent Municipal,New Westminster Mun,2008,508.0
Drug Offenses,Strathcona,RCMP Provincial,Nootka Sound Prov,2008,19.0
Drug Offenses,Cowichan Valley,RCMP Municipal,North Cowichan Mun,2008,186.0
Drug Offenses,Capital,RCMP Municipal,North Saanich Mun,2008,55.0
Drug Offenses,Metro Vancouver,RCMP Municipal,North Vancouver City Mun,2008,254.0
Drug Offenses,Metro Vancouver,RCMP Municipal,North Vancouver District Mun,2008,222.0
Drug Offenses,Metro Vancouver,RCMP Provincial,North Vancouver Prov,2008,22.0
Drug Offenses,Northern Rockies,RCMP Municipal,Northern Rockies Mun,2008,NA
Drug Offenses,Northern Rockies,RCMP Provincial,Northern Rockies Prov,2008,66.0
Drug Offenses,Capital,Independent Municipal,Oak Bay Mun,2008,24.0
Drug Offenses,Nanaimo,RCMP Provincial,Oceanside Prov,2008,52.0
Drug Offenses,Cariboo,RCMP Provincial,One Hundred Mile House Prov,2008,106.0
Drug Offenses,Capital,RCMP Provincial,Outer Gulf  Islands Prov,2008,2.0
Drug Offenses,Nanaimo,RCMP Municipal,Parksville Mun,2008,73.0
Drug Offenses,Central Okanagan,RCMP Municipal,Peachland Mun,2008,NA
Drug Offenses,Squamish Lillooet,RCMP Provincial,Pemberton Prov,2008,73.0
Drug Offenses,Okanagan Similkameen,RCMP Municipal,Penticton Mun,2008,228.0
Drug Offenses,Okanagan Similkameen,RCMP Provincial,Penticton Prov,2008,40.0
Drug Offenses,Metro Vancouver,RCMP Municipal,Pitt Meadows Mun,2008,57.0
Drug Offenses,Alberni Clayoquot,RCMP Municipal,Port Alberni Mun,2008,133.0
Drug Offenses,Alberni Clayoquot,RCMP Provincial,Port Alberni Prov,2008,31.0
Drug Offenses,Mount Waddington,RCMP Provincial,Port Alice Prov,2008,8.0
Drug Offenses,Metro Vancouver,RCMP Municipal,Port Coquitlam Mun,2008,235.0
Drug Offenses,Mount Waddington,RCMP Provincial,Port Hardy Prov,2008,31.0
Drug Offenses,Mount Waddington,RCMP Provincial,Port McNeill Prov,2008,38.0
Drug Offenses,Metro Vancouver,Independent Municipal,Port Moody Mun,2008,166.0
Drug Offenses,Powell River,RCMP Municipal,Powell River Mun,2008,62.0
Drug Offenses,Powell River,RCMP Provincial,Powell River Prov,2008,29.0
Drug Offenses,Fraser Fort George,RCMP Municipal,Prince George Mun,2008,519.0
Drug Offenses,Fraser Fort George,RCMP Provincial,Prince George Prov,2008,52.0
Drug Offenses,North Coast Regional District (22),RCMP Municipal,Prince Rupert Mun,2008,155.0
Drug Offenses,North Coast Regional District (22),RCMP Provincial,Prince Rupert Prov,2008,21.0
Drug Offenses,Okanagan Similkameen,RCMP Provincial,Princeton Prov,2008,46.0
Drug Offenses,Strathcona,RCMP Provincial,Quadra Island Prov,2008,17.0
Drug Offenses,Nanaimo,RCMP Municipal,Qualicum Beach Mun,2008,31.0
Drug Offenses,North Coast Regional District (22),RCMP Provincial,Queen Charlotte Prov,2008,22.0
Drug Offenses,Cariboo,RCMP Municipal,Quesnel Mun,2008,107.0
Drug Offenses,Cariboo,RCMP Provincial,Quesnel Prov,2008,66.0
Drug Offenses,Columbia Shuswap,RCMP Municipal,Revelstoke Mun,2008,82.0
Drug Offenses,Columbia Shuswap,RCMP Provincial,Revelstoke Prov,2008,41.0
Drug Offenses,Metro Vancouver,RCMP Municipal,Richmond Mun,2008,1086.0
Drug Offenses,Metro Vancouver,RCMP Provincial,Ridge Meadows Prov,2008,20.0
Drug Offenses,Capital,Independent Municipal,Saanich Mun,2008,236.0
Drug Offenses,Central Kootenay,RCMP Provincial,Salmo Prov,2008,41.0
Drug Offenses,Columbia Shuswap,RCMP Municipal,Salmon Arm Mun,2008,122.0
Drug Offenses,Columbia Shuswap,RCMP Provincial,Salmon Arm Prov,2008,28.0
Drug Offenses,Capital,RCMP Provincial,Saltspring Island Prov,2008,35.0
Drug Offenses,Strathcona,RCMP Provincial,Sayward Prov,2008,46.0
Drug Offenses,Sunshine Coast,RCMP Municipal,Sechelt Mun,2008,106.0
Drug Offenses,Cowichan Valley,RCMP Provincial,Shawnigan Lake Prov,2008,101.0
Drug Offenses,Columbia Shuswap,RCMP Provincial,Sicamous Prov,2008,24.0
Drug Offenses,Capital,RCMP Municipal,Sidney Mun,2008,81.0
Drug Offenses,Capital,RCMP Provincial,Sidney Prov,2008,11.0
Drug Offenses,Central Kootenay,RCMP Provincial,Slocan Lake Prov,2008,31.0
Drug Offenses,Bulkley Nechako,RCMP Municipal,Smithers Mun,2008,85.0
Drug Offenses,Bulkley Nechako,RCMP Provincial,Smithers Prov,2008,17.0
Drug Offenses,Capital,RCMP Municipal,Sooke Mun,2008,98.0
Drug Offenses,Capital,RCMP Provincial,Sooke Prov,2008,25.0
Drug Offenses,Okanagan Similkameen,RCMP Provincial,South Okanagan/Oliver,2008,63.0
Drug Offenses,Okanagan Similkameen,RCMP Provincial,South Okanagan/Osoyoos,2008,65.0
Drug Offenses,North Okanagan,RCMP Municipal,Spallumcheen Mun,2008,NA
Drug Offenses,Squamish Lillooet,RCMP Municipal,Squamish Mun,2008,154.0
Drug Offenses,Squamish Lillooet,RCMP Provincial,Squamish Prov,2008,20.0
Drug Offenses,Kitimat Stikine,RCMP Provincial,Stewart Prov,2008,31.0
Drug Offenses,Squamish Lillooet,First Nations Aboriginal Police Service,Stl'atl'imx FNAPS,2008,22.0
Drug Offenses,Okanagan Similkameen,RCMP Municipal,Summerland Mun,2008,54.0
Drug Offenses,Sunshine Coast,RCMP Provincial,Sunshine Coast Prov,2008,143.0
Drug Offenses,Metro Vancouver,RCMP Municipal,Surrey Mun,2008,2710.0
Drug Offenses,Bulkley Nechako,RCMP Provincial,Takla Landing Prov,2008,2.0
Drug Offenses,Kitimat Stikine,RCMP Municipal,Terrace Mun,2008,70.0
Drug Offenses,Kitimat Stikine,RCMP Provincial,Terrace Prov,2008,36.0
Drug Offenses,Powell River,RCMP Provincial,Texada Island Prov,2008,27.0
Drug Offenses,Thompson Nicola,RCMP Provincial,T'Kumlups Prov,2008,38.0
Drug Offenses,Alberni Clayoquot,RCMP Provincial,Tofino Prov,2008,34.0
Drug Offenses,Kootenay Boundary,RCMP Municipal,Trail Mun,2008,60.0
Drug Offenses,Kootenay Boundary,RCMP Provincial,Trail and Greater District,2008,38.0
Drug Offenses,Fraser Fort George,RCMP Provincial,Tsay Keh Dene Prov,2008,3.0
Drug Offenses,Peace River,RCMP Provincial,Tumbler Ridge Prov,2008,24.0
Drug Offenses,Alberni Clayoquot,RCMP Provincial,Ucluelet Prov,2008,25.0
Drug Offenses,Metro Vancouver,RCMP Provincial,University Prov,2008,109.0
Drug Offenses,Fraser Fort George,RCMP Provincial,Valemount Prov,2008,27.0
Drug Offenses,Metro Vancouver,Independent Municipal,Vancouver Mun,2008,5281.0
Drug Offenses,Bulkley Nechako,RCMP Provincial,Vanderhoof Prov,2008,57.0
Drug Offenses,North Okanagan,RCMP Municipal,Vernon Mun,2008,251.0
Drug Offenses,North Okanagan,RCMP Provincial,Vernon Prov,2008,26.0
Drug Offenses,Capital,Independent Municipal,Victoria Mun,2008,823.0
Drug Offenses,Capital,RCMP Municipal,View Royal Mun,2008,21.0
Drug Offenses,Cariboo,RCMP Provincial,Wells Prov,2008,2.0
Drug Offenses,Central Okanagan,RCMP Municipal,West Kelowna Mun,2008,NA
Drug Offenses,Capital,RCMP Provincial,West Shore Prov,2008,28.0
Drug Offenses,Metro Vancouver,Independent Municipal,West Vancouver Mun,2008,191.0
Drug Offenses,Squamish Lillooet,RCMP Municipal,Whistler Mun,2008,178.0
Drug Offenses,Squamish Lillooet,RCMP Provincial,Whistler Prov,2008,3.0
Drug Offenses,Metro Vancouver,RCMP Municipal,White Rock Mun,2008,140.0
Drug Offenses,Cariboo,RCMP Municipal,Williams Lake Mun,2008,186.0
Drug Offenses,Cariboo,RCMP Provincial,Williams Lake Prov,2008,83.0
Population,Fraser Valley,Independent Municipal,Abbotsford Mun,2008,132890.0
Population,Fraser Valley,RCMP Provincial,Agassiz Prov,2008,9530.0
Population,Mount Waddington,RCMP Provincial,Alert Bay Prov,2008,1425.0
Population,Cariboo,RCMP Provincial,Alexis Creek Prov,2008,1738.0
Population,Cariboo,RCMP Provincial,Anahim Lake Prov,2008,719.0
Population,North Okanagan,RCMP Provincial,Armstrong Prov,2008,10154.0
Population,Thompson Nicola,RCMP Provincial,Ashcroft Prov,2008,3847.0
Population,Kitimat Stikine,RCMP Provincial,Atlin Prov,2008,440.0
Population,Thompson Nicola,RCMP Provincial,Barriere Prov,2008,3897.0
Population,Central Coast,RCMP Provincial,Bella Bella Prov,2008,1585.0
Population,Central Coast,RCMP Provincial,Bella Coola Prov,2008,1875.0
Population,Fraser Valley,RCMP Provincial,Boston Bar Prov,2008,657.0
Population,Kootenay Boundary,RCMP Provincial,Boundary/Grand Forks Prov,2008,9036.0
Population,Kootenay Boundary,RCMP Provincial,Boundary/Midway Prov,2008,2917.0
Population,Metro Vancouver,RCMP Provincial,Bowen Island Prov,2008,3454.0
Population,Metro Vancouver,RCMP Municipal,Burnaby Mun,2008,218157.0
Population,Bulkley Nechako,RCMP Provincial,Burns Lake Prov,2008,6245.0
Population,Strathcona,RCMP Municipal,Campbell River Mun,2008,30861.0
Population,Strathcona,RCMP Provincial,Campbell River Prov,2008,5388.0
Population,Central Kootenay,RCMP Municipal,Castlegar Mun,2008,7608.0
Population,Central Kootenay,RCMP Provincial,Castlegar Prov,2008,5972.0
Population,Capital,Independent Municipal,Central Saanich Mun,2008,16096.0
Population,Thompson Nicola,RCMP Provincial,Chase Prov,2008,8444.0
Population,Peace River,RCMP Provincial,Chetwynd Prov,2008,5299.0
Population,Fraser Valley,RCMP Municipal,Chilliwack Mun,2008,78360.0
Population,Fraser Valley,RCMP Provincial,Chilliwack Prov,2008,5013.0
Population,Thompson Nicola,RCMP Provincial,Clearwater Prov,2008,4365.0
Population,Thompson Nicola,RCMP Provincial,Clinton Prov,2008,1818.0
Population,North Okanagan,RCMP Municipal,Coldstream Mun,2008,10165.0
Population,East Kootenay,RCMP Provincial,Columbia Valley Prov,2008,9467.0
Population,Capital,RCMP Municipal,Colwood Mun,2008,15854.0
Population,Comox Valley,RCMP Municipal,Comox Mun,2008,13327.0
Population,Comox Valley,RCMP Provincial,Comox Valley Prov,2008,25791.0
Population,Metro Vancouver,RCMP Municipal,Coquitlam Mun,2008,122673.0
Population,Metro Vancouver,RCMP Provincial,Coquitlam Prov,2008,2748.0
Population,Comox Valley,RCMP Municipal,Courtenay Mun,2008,23745.0
Population,East Kootenay,RCMP Municipal,Cranbrook Mun,2008,19140.0
Population,East Kootenay,RCMP Provincial,Cranbrook Prov,2008,6770.0
Population,Central Kootenay,RCMP Municipal,Creston Mun,2008,NA
Population,Central Kootenay,RCMP Provincial,Creston Prov,2008,13211.0
Population,Peace River,RCMP Municipal,Dawson Creek Mun,2008,11172.0
Population,Peace River,RCMP Provincial,Dawson Creek Prov,2008,6827.0
Population,Kitimat Stikine,RCMP Provincial,Dease Lake Prov,2008,1281.0
Population,Metro Vancouver,Independent Municipal,Delta Mun,2008,100703.0
Population,Cowichan Valley,RCMP Provincial,Duncan Prov,2008,14448.0
Population,East Kootenay,RCMP Provincial,Elk Valley Prov,2008,13583.0
Population,North Okanagan,RCMP Provincial,Enderby Prov,2008,6931.0
Population,Columbia Shuswap,RCMP Provincial,Falkland Prov,2008,2956.0
Population,Bulkley Nechako,RCMP Provincial,Fort St James Prov,2008,4115.0
Population,Peace River,RCMP Municipal,Fort St John Mun,2008,18227.0
Population,Peace River,RCMP Provincial,Fort St John Prov,2008,13905.0
Population,Bulkley Nechako,RCMP Provincial,Fraser Lake Prov,2008,3273.0
Population,Nanaimo,RCMP Provincial,Gabriola Island Prov,2008,4056.0
Population,Columbia Shuswap,RCMP Provincial,Golden Prov,2008,7100.0
Population,Fraser Valley,RCMP Municipal,Hope Mun,2008,6110.0
Population,Fraser Valley,RCMP Provincial,Hope  Prov,2008,1191.0
Population,Bulkley Nechako,RCMP Provincial,Houston/Granisle Prov,2008,4461.0
Population,Peace River,RCMP Provincial,Hudson's Hope Prov,2008,1218.0
Population,Thompson Nicola,RCMP Municipal,Kamloops Mun,2008,86149.0
Population,Central Kootenay,RCMP Provincial,Kaslo Prov,2008,2415.0
Population,Central Okanagan,RCMP Municipal,Kelowna Mun,2008,117722.0
Population,Central Okanagan,RCMP Provincial,Kelowna Prov,2008,48501.0
Population,Fraser Valley,RCMP Municipal,Kent Mun,2008,NA
Population,Okanagan Similkameen,RCMP Provincial,Keremeos Prov,2008,4878.0
Population,East Kootenay,RCMP Municipal,Kimberley Mun,2008,6514.0
Population,East Kootenay,RCMP Provincial,Kimberley Prov,2008,1971.0
Population,Kitimat Stikine,RCMP Municipal,Kitimat Mun,2008,8948.0
Population,Kitimat Stikine,RCMP Provincial,Kitimat Prov,2008,530.0
Population,Cowichan Valley,RCMP Municipal,Ladysmith Mun,2008,7916.0
Population,Cowichan Valley,RCMP Provincial,Ladysmith Prov,2008,5656.0
Population,Central Okanagan,RCMP Municipal,Lake Country Mun,2008,11036.0
Population,Cowichan Valley,RCMP Provincial,Lake Cowichan Prov,2008,5863.0
Population,Capital,RCMP Municipal,Langford Mun,2008,26173.0
Population,Metro Vancouver,RCMP Municipal,Langley City Mun,2008,25295.0
Population,Metro Vancouver,RCMP Municipal,Langley Township Mun,2008,102179.0
Population,Squamish Lillooet,RCMP Provincial,Lillooet Prov,2008,3258.0
Population,Kitimat Stikine,RCMP Provincial,Lisims/Nass Valley Prov,2008,1963.0
Population,Thompson Nicola,RCMP Provincial,Logan Lake Prov,2008,2636.0
Population,North Okanagan,RCMP Provincial,Lumby Prov,2008,5915.0
Population,Thompson Nicola,RCMP Provincial,Lytton Prov,2008,1931.0
Population,Fraser Fort George,RCMP Provincial,Mackenzie Prov,2008,4288.0
Population,Metro Vancouver,RCMP Municipal,Maple Ridge Mun,2008,74346.0
Population,North Coast Regional District (22),RCMP Provincial,Masset Prov,2008,2175.0
Population,Fraser Fort George,RCMP Provincial,McBride Prov,2008,1747.0
Population,Thompson Nicola,RCMP Municipal,Merritt Mun,2008,7431.0
Population,Thompson Nicola,RCMP Provincial,Merritt Prov,2008,3900.0
Population,Fraser Valley,RCMP Municipal,Mission Mun,2008,36711.0
Population,Fraser Valley,RCMP Provincial,Mission Prov,2008,4374.0
Population,Central Kootenay,RCMP Provincial,Nakusp Prov,2008,3360.0
Population,Nanaimo,RCMP Municipal,Nanaimo Mun,2008,82348.0
Population,Nanaimo,RCMP Provincial,Nanaimo Prov,2008,14004.0
Population,Central Kootenay,Independent Municipal,Nelson Mun,2008,9987.0
Population,Central Kootenay,RCMP Provincial,Nelson Prov,2008,11814.0
Population,Kitimat Stikine,RCMP Provincial,New Hazelton Prov,2008,5536.0
Population,Metro Vancouver,Independent Municipal,New Westminster Mun,2008,63603.0
Population,Strathcona,RCMP Provincial,Nootka Sound Prov,2008,2079.0
Population,Cowichan Valley,RCMP Municipal,North Cowichan Mun,2008,28888.0
Population,Capital,RCMP Municipal,North Saanich Mun,2008,11027.0
Population,Metro Vancouver,RCMP Municipal,North Vancouver City Mun,2008,47124.0
Population,Metro Vancouver,RCMP Municipal,North Vancouver District Mun,2008,85034.0
Population,Metro Vancouver,RCMP Provincial,North Vancouver Prov,2008,2066.0
Population,Northern Rockies,RCMP Municipal,Northern Rockies Mun,2008,NA
Population,Northern Rockies,RCMP Provincial,Northern Rockies Prov,2008,5915.0
Population,Capital,Independent Municipal,Oak Bay Mun,2008,18068.0
Population,Nanaimo,RCMP Provincial,Oceanside Prov,2008,24239.0
Population,Cariboo,RCMP Provincial,One Hundred Mile House Prov,2008,13053.0
Population,Capital,RCMP Provincial,Outer Gulf  Islands Prov,2008,4698.0
Population,Nanaimo,RCMP Municipal,Parksville Mun,2008,11765.0
Population,Central Okanagan,RCMP Municipal,Peachland Mun,2008,NA
Population,Squamish Lillooet,RCMP Provincial,Pemberton Prov,2008,4155.0
Population,Okanagan Similkameen,RCMP Municipal,Penticton Mun,2008,33001.0
Population,Okanagan Similkameen,RCMP Provincial,Penticton Prov,2008,11821.0
Population,Metro Vancouver,RCMP Municipal,Pitt Meadows Mun,2008,17387.0
Population,Alberni Clayoquot,RCMP Municipal,Port Alberni Mun,2008,17655.0
Population,Alberni Clayoquot,RCMP Provincial,Port Alberni Prov,2008,8241.0
Population,Mount Waddington,RCMP Provincial,Port Alice Prov,2008,863.0
Population,Metro Vancouver,RCMP Municipal,Port Coquitlam Mun,2008,55441.0
Population,Mount Waddington,RCMP Provincial,Port Hardy Prov,2008,5349.0
Population,Mount Waddington,RCMP Provincial,Port McNeill Prov,2008,4595.0
Population,Metro Vancouver,Independent Municipal,Port Moody Mun,2008,31340.0
Population,Powell River,RCMP Municipal,Powell River Mun,2008,13113.0
Population,Powell River,RCMP Provincial,Powell River Prov,2008,5468.0
Population,Fraser Fort George,RCMP Municipal,Prince George Mun,2008,72864.0
Population,Fraser Fort George,RCMP Provincial,Prince George Prov,2008,13430.0
Population,North Coast Regional District (22),RCMP Municipal,Prince Rupert Mun,2008,12723.0
Population,North Coast Regional District (22),RCMP Provincial,Prince Rupert Prov,2008,2105.0
Population,Okanagan Similkameen,RCMP Provincial,Princeton Prov,2008,4859.0
Population,Strathcona,RCMP Provincial,Quadra Island Prov,2008,3576.0
Population,Nanaimo,RCMP Municipal,Qualicum Beach Mun,2008,8747.0
Population,North Coast Regional District (22),RCMP Provincial,Queen Charlotte Prov,2008,2444.0
Population,Cariboo,RCMP Municipal,Quesnel Mun,2008,9688.0
Population,Cariboo,RCMP Provincial,Quesnel Prov,2008,13509.0
Population,Columbia Shuswap,RCMP Municipal,Revelstoke Mun,2008,7209.0
Population,Columbia Shuswap,RCMP Provincial,Revelstoke Prov,2008,591.0
Population,Metro Vancouver,RCMP Municipal,Richmond Mun,2008,188224.0
Population,Metro Vancouver,RCMP Provincial,Ridge Meadows Prov,2008,97.0
Population,Capital,Independent Municipal,Saanich Mun,2008,112311.0
Population,Central Kootenay,RCMP Provincial,Salmo Prov,2008,2545.0
Population,Columbia Shuswap,RCMP Municipal,Salmon Arm Mun,2008,17165.0
Population,Columbia Shuswap,RCMP Provincial,Salmon Arm Prov,2008,9583.0
Population,Capital,RCMP Provincial,Saltspring Island Prov,2008,10189.0
Population,Strathcona,RCMP Provincial,Sayward Prov,2008,797.0
Population,Sunshine Coast,RCMP Municipal,Sechelt Mun,2008,8837.0
Population,Cowichan Valley,RCMP Provincial,Shawnigan Lake Prov,2008,17231.0
Population,Columbia Shuswap,RCMP Provincial,Sicamous Prov,2008,4143.0
Population,Capital,RCMP Municipal,Sidney Mun,2008,11392.0
Population,Capital,RCMP Provincial,Sidney Prov,2008,3455.0
Population,Central Kootenay,RCMP Provincial,Slocan Lake Prov,2008,1986.0
Population,Bulkley Nechako,RCMP Municipal,Smithers Mun,2008,5325.0
Population,Bulkley Nechako,RCMP Provincial,Smithers Prov,2008,7459.0
Population,Capital,RCMP Municipal,Sooke Mun,2008,10713.0
Population,Capital,RCMP Provincial,Sooke Prov,2008,4511.0
Population,Okanagan Similkameen,RCMP Provincial,South Okanagan/Oliver,2008,8756.0
Population,Okanagan Similkameen,RCMP Provincial,South Okanagan/Osoyoos,2008,7433.0
Population,North Okanagan,RCMP Municipal,Spallumcheen Mun,2008,NA
Population,Squamish Lillooet,RCMP Municipal,Squamish Mun,2008,16474.0
Population,Squamish Lillooet,RCMP Provincial,Squamish Prov,2008,1960.0
Population,Kitimat Stikine,RCMP Provincial,Stewart Prov,2008,507.0
Population,Squamish Lillooet,First Nations Aboriginal Police Service,Stl'atl'imx FNAPS,2008,2951.0
Population,Okanagan Similkameen,RCMP Municipal,Summerland Mun,2008,11282.0
Population,Sunshine Coast,RCMP Provincial,Sunshine Coast Prov,2008,19625.0
Population,Metro Vancouver,RCMP Municipal,Surrey Mun,2008,438698.0
Population,Bulkley Nechako,RCMP Provincial,Takla Landing Prov,2008,184.0
Population,Kitimat Stikine,RCMP Municipal,Terrace Mun,2008,11365.0
Population,Kitimat Stikine,RCMP Provincial,Terrace Prov,2008,7543.0
Population,Powell River,RCMP Provincial,Texada Island Prov,2008,1040.0
Population,Thompson Nicola,RCMP Provincial,T'Kumlups Prov,2008,8035.0
Population,Alberni Clayoquot,RCMP Provincial,Tofino Prov,2008,3162.0
Population,Kootenay Boundary,RCMP Municipal,Trail Mun,2008,7530.0
Population,Kootenay Boundary,RCMP Provincial,Trail and Greater District,2008,11081.0
Population,Fraser Fort George,RCMP Provincial,Tsay Keh Dene Prov,2008,370.0
Population,Peace River,RCMP Provincial,Tumbler Ridge Prov,2008,2654.0
Population,Alberni Clayoquot,RCMP Provincial,Ucluelet Prov,2008,2167.0
Population,Metro Vancouver,RCMP Provincial,University Prov,2008,11781.0
Population,Fraser Fort George,RCMP Provincial,Valemount Prov,2008,1587.0
Population,Metro Vancouver,Independent Municipal,Vancouver Mun,2008,604871.0
Population,Bulkley Nechako,RCMP Provincial,Vanderhoof Prov,2008,8352.0
Population,North Okanagan,RCMP Municipal,Vernon Mun,2008,38162.0
Population,North Okanagan,RCMP Provincial,Vernon Prov,2008,11610.0
Population,Capital,Independent Municipal,Victoria Mun,2008,98386.0
Population,Capital,RCMP Municipal,View Royal Mun,2008,9240.0
Population,Cariboo,RCMP Provincial,Wells Prov,2008,354.0
Population,Central Okanagan,RCMP Municipal,West Kelowna Mun,2008,NA
Population,Capital,RCMP Provincial,West Shore Prov,2008,8913.0
Population,Metro Vancouver,Independent Municipal,West Vancouver Mun,2008,44867.0
Population,Squamish Lillooet,RCMP Municipal,Whistler Mun,2008,9631.0
Population,Squamish Lillooet,RCMP Provincial,Whistler Prov,2008,294.0
Population,Metro Vancouver,RCMP Municipal,White Rock Mun,2008,18889.0
Population,Cariboo,RCMP Municipal,Williams Lake Mun,2008,11168.0
Population,Cariboo,RCMP Provincial,Williams Lake Prov,2008,13086.0
Criminal Code Offences,Fraser Valley,Independent Municipal,Abbotsford Mun,2009,9421.0
Criminal Code Offences,Fraser Valley,RCMP Provincial,Agassiz Prov,2009,711.0
Criminal Code Offences,Mount Waddington,RCMP Provincial,Alert Bay Prov,2009,306.0
Criminal Code Offences,Cariboo,RCMP Provincial,Alexis Creek Prov,2009,317.0
Criminal Code Offences,Cariboo,RCMP Provincial,Anahim Lake Prov,2009,233.0
Criminal Code Offences,North Okanagan,RCMP Provincial,Armstrong Prov,2009,464.0
Criminal Code Offences,Thompson Nicola,RCMP Provincial,Ashcroft Prov,2009,354.0
Criminal Code Offences,Kitimat Stikine,RCMP Provincial,Atlin Prov,2009,99.0
Criminal Code Offences,Thompson Nicola,RCMP Provincial,Barriere Prov,2009,188.0
Criminal Code Offences,Central Coast,RCMP Provincial,Bella Bella Prov,2009,438.0
Criminal Code Offences,Central Coast,RCMP Provincial,Bella Coola Prov,2009,341.0
Criminal Code Offences,Fraser Valley,RCMP Provincial,Boston Bar Prov,2009,115.0
Criminal Code Offences,Kootenay Boundary,RCMP Provincial,Boundary/Grand Forks Prov,2009,777.0
Criminal Code Offences,Kootenay Boundary,RCMP Provincial,Boundary/Midway Prov,2009,252.0
Criminal Code Offences,Metro Vancouver,RCMP Provincial,Bowen Island Prov,2009,129.0
Criminal Code Offences,Metro Vancouver,RCMP Municipal,Burnaby Mun,2009,18255.0
Criminal Code Offences,Bulkley Nechako,RCMP Provincial,Burns Lake Prov,2009,1259.0
Criminal Code Offences,Strathcona,RCMP Municipal,Campbell River Mun,2009,4064.0
Criminal Code Offences,Strathcona,RCMP Provincial,Campbell River Prov,2009,391.0
Criminal Code Offences,Central Kootenay,RCMP Municipal,Castlegar Mun,2009,921.0
Criminal Code Offences,Central Kootenay,RCMP Provincial,Castlegar Prov,2009,271.0
Criminal Code Offences,Capital,Independent Municipal,Central Saanich Mun,2009,693.0
Criminal Code Offences,Thompson Nicola,RCMP Provincial,Chase Prov,2009,646.0
Criminal Code Offences,Peace River,RCMP Provincial,Chetwynd Prov,2009,770.0
Criminal Code Offences,Fraser Valley,RCMP Municipal,Chilliwack Mun,2009,8978.0
Criminal Code Offences,Fraser Valley,RCMP Provincial,Chilliwack Prov,2009,534.0
Criminal Code Offences,Thompson Nicola,RCMP Provincial,Clearwater Prov,2009,310.0
Criminal Code Offences,Thompson Nicola,RCMP Provincial,Clinton Prov,2009,147.0
Criminal Code Offences,North Okanagan,RCMP Municipal,Coldstream Mun,2009,424.0
Criminal Code Offences,East Kootenay,RCMP Provincial,Columbia Valley Prov,2009,934.0
Criminal Code Offences,Capital,RCMP Municipal,Colwood Mun,2009,789.0
Criminal Code Offences,Comox Valley,RCMP Municipal,Comox Mun,2009,663.0
Criminal Code Offences,Comox Valley,RCMP Provincial,Comox Valley Prov,2009,1224.0
Criminal Code Offences,Metro Vancouver,RCMP Municipal,Coquitlam Mun,2009,8203.0
Criminal Code Offences,Metro Vancouver,RCMP Provincial,Coquitlam Prov,2009,124.0
Criminal Code Offences,Comox Valley,RCMP Municipal,Courtenay Mun,2009,3231.0
Criminal Code Offences,East Kootenay,RCMP Municipal,Cranbrook Mun,2009,2162.0
Criminal Code Offences,East Kootenay,RCMP Provincial,Cranbrook Prov,2009,341.0
Criminal Code Offences,Central Kootenay,RCMP Municipal,Creston Mun,2009,NA
Criminal Code Offences,Central Kootenay,RCMP Provincial,Creston Prov,2009,948.0
Criminal Code Offences,Peace River,RCMP Municipal,Dawson Creek Mun,2009,1678.0
Criminal Code Offences,Peace River,RCMP Provincial,Dawson Creek Prov,2009,273.0
Criminal Code Offences,Kitimat Stikine,RCMP Provincial,Dease Lake Prov,2009,230.0
Criminal Code Offences,Metro Vancouver,Independent Municipal,Delta Mun,2009,6626.0
Criminal Code Offences,Cowichan Valley,RCMP Provincial,Duncan Prov,2009,1990.0
Criminal Code Offences,East Kootenay,RCMP Provincial,Elk Valley Prov,2009,1186.0
Criminal Code Offences,North Okanagan,RCMP Provincial,Enderby Prov,2009,404.0
Criminal Code Offences,Columbia Shuswap,RCMP Provincial,Falkland Prov,2009,137.0
Criminal Code Offences,Bulkley Nechako,RCMP Provincial,Fort St James Prov,2009,1160.0
Criminal Code Offences,Peace River,RCMP Municipal,Fort St John Mun,2009,3579.0
Criminal Code Offences,Peace River,RCMP Provincial,Fort St John Prov,2009,691.0
Criminal Code Offences,Bulkley Nechako,RCMP Provincial,Fraser Lake Prov,2009,357.0
Criminal Code Offences,Nanaimo,RCMP Provincial,Gabriola Island Prov,2009,245.0
Criminal Code Offences,Columbia Shuswap,RCMP Provincial,Golden Prov,2009,634.0
Criminal Code Offences,Fraser Valley,RCMP Municipal,Hope Mun,2009,974.0
Criminal Code Offences,Fraser Valley,RCMP Provincial,Hope  Prov,2009,196.0
Criminal Code Offences,Bulkley Nechako,RCMP Provincial,Houston/Granisle Prov,2009,564.0
Criminal Code Offences,Peace River,RCMP Provincial,Hudson's Hope Prov,2009,106.0
Criminal Code Offences,Thompson Nicola,RCMP Municipal,Kamloops Mun,2009,9752.0
Criminal Code Offences,Central Kootenay,RCMP Provincial,Kaslo Prov,2009,110.0
Criminal Code Offences,Central Okanagan,RCMP Municipal,Kelowna Mun,2009,14620.0
Criminal Code Offences,Central Okanagan,RCMP Provincial,Kelowna Prov,2009,1477.0
Criminal Code Offences,Fraser Valley,RCMP Municipal,Kent Mun,2009,264.0
Criminal Code Offences,Okanagan Similkameen,RCMP Provincial,Keremeos Prov,2009,428.0
Criminal Code Offences,East Kootenay,RCMP Municipal,Kimberley Mun,2009,441.0
Criminal Code Offences,East Kootenay,RCMP Provincial,Kimberley Prov,2009,73.0
Criminal Code Offences,Kitimat Stikine,RCMP Municipal,Kitimat Mun,2009,1053.0
Criminal Code Offences,Kitimat Stikine,RCMP Provincial,Kitimat Prov,2009,49.0
Criminal Code Offences,Cowichan Valley,RCMP Municipal,Ladysmith Mun,2009,674.0
Criminal Code Offences,Cowichan Valley,RCMP Provincial,Ladysmith Prov,2009,368.0
Criminal Code Offences,Central Okanagan,RCMP Municipal,Lake Country Mun,2009,743.0
Criminal Code Offences,Cowichan Valley,RCMP Provincial,Lake Cowichan Prov,2009,642.0
Criminal Code Offences,Capital,RCMP Municipal,Langford Mun,2009,2441.0
Criminal Code Offences,Metro Vancouver,RCMP Municipal,Langley City Mun,2009,3498.0
Criminal Code Offences,Metro Vancouver,RCMP Municipal,Langley Township Mun,2009,7772.0
Criminal Code Offences,Squamish Lillooet,RCMP Provincial,Lillooet Prov,2009,550.0
Criminal Code Offences,Kitimat Stikine,RCMP Provincial,Lisims/Nass Valley Prov,2009,513.0
Criminal Code Offences,Thompson Nicola,RCMP Provincial,Logan Lake Prov,2009,181.0
Criminal Code Offences,North Okanagan,RCMP Provincial,Lumby Prov,2009,320.0
Criminal Code Offences,Thompson Nicola,RCMP Provincial,Lytton Prov,2009,183.0
Criminal Code Offences,Fraser Fort George,RCMP Provincial,Mackenzie Prov,2009,336.0
Criminal Code Offences,Metro Vancouver,RCMP Municipal,Maple Ridge Mun,2009,7182.0
Criminal Code Offences,North Coast Regional District (22),RCMP Provincial,Masset Prov,2009,507.0
Criminal Code Offences,Fraser Fort George,RCMP Provincial,McBride Prov,2009,109.0
Criminal Code Offences,Thompson Nicola,RCMP Municipal,Merritt Mun,2009,1435.0
Criminal Code Offences,Thompson Nicola,RCMP Provincial,Merritt Prov,2009,328.0
Criminal Code Offences,Fraser Valley,RCMP Municipal,Mission Mun,2009,3770.0
Criminal Code Offences,Fraser Valley,RCMP Provincial,Mission Prov,2009,378.0
Criminal Code Offences,Central Kootenay,RCMP Provincial,Nakusp Prov,2009,249.0
Criminal Code Offences,Nanaimo,RCMP Municipal,Nanaimo Mun,2009,11311.0
Criminal Code Offences,Nanaimo,RCMP Provincial,Nanaimo Prov,2009,598.0
Criminal Code Offences,Central Kootenay,Independent Municipal,Nelson Mun,2009,951.0
Criminal Code Offences,Central Kootenay,RCMP Provincial,Nelson Prov,2009,295.0
Criminal Code Offences,Kitimat Stikine,RCMP Provincial,New Hazelton Prov,2009,1367.0
Criminal Code Offences,Metro Vancouver,Independent Municipal,New Westminster Mun,2009,6221.0
Criminal Code Offences,Strathcona,RCMP Provincial,Nootka Sound Prov,2009,192.0
Criminal Code Offences,Cowichan Valley,RCMP Municipal,North Cowichan Mun,2009,2355.0
Criminal Code Offences,Capital,RCMP Municipal,North Saanich Mun,2009,439.0
Criminal Code Offences,Metro Vancouver,RCMP Municipal,North Vancouver City Mun,2009,4731.0
Criminal Code Offences,Metro Vancouver,RCMP Municipal,North Vancouver District Mun,2009,4280.0
Criminal Code Offences,Metro Vancouver,RCMP Provincial,North Vancouver Prov,2009,421.0
Criminal Code Offences,Northern Rockies,RCMP Municipal,Northern Rockies Mun,2009,NA
Criminal Code Offences,Northern Rockies,RCMP Provincial,Northern Rockies Prov,2009,1104.0
Criminal Code Offences,Capital,Independent Municipal,Oak Bay Mun,2009,829.0
Criminal Code Offences,Nanaimo,RCMP Provincial,Oceanside Prov,2009,1108.0
Criminal Code Offences,Cariboo,RCMP Provincial,One Hundred Mile House Prov,2009,796.0
Criminal Code Offences,Capital,RCMP Provincial,Outer Gulf  Islands Prov,2009,135.0
Criminal Code Offences,Nanaimo,RCMP Municipal,Parksville Mun,2009,1194.0
Criminal Code Offences,Central Okanagan,RCMP Municipal,Peachland Mun,2009,NA
Criminal Code Offences,Squamish Lillooet,RCMP Provincial,Pemberton Prov,2009,356.0
Criminal Code Offences,Okanagan Similkameen,RCMP Municipal,Penticton Mun,2009,4497.0
Criminal Code Offences,Okanagan Similkameen,RCMP Provincial,Penticton Prov,2009,590.0
Criminal Code Offences,Metro Vancouver,RCMP Municipal,Pitt Meadows Mun,2009,1463.0
Criminal Code Offences,Alberni Clayoquot,RCMP Municipal,Port Alberni Mun,2009,2752.0
Criminal Code Offences,Alberni Clayoquot,RCMP Provincial,Port Alberni Prov,2009,410.0
Criminal Code Offences,Mount Waddington,RCMP Provincial,Port Alice Prov,2009,91.0
Criminal Code Offences,Metro Vancouver,RCMP Municipal,Port Coquitlam Mun,2009,3798.0
Criminal Code Offences,Mount Waddington,RCMP Provincial,Port Hardy Prov,2009,973.0
Criminal Code Offences,Mount Waddington,RCMP Provincial,Port McNeill Prov,2009,386.0
Criminal Code Offences,Metro Vancouver,Independent Municipal,Port Moody Mun,2009,1366.0
Criminal Code Offences,Powell River,RCMP Municipal,Powell River Mun,2009,1129.0
Criminal Code Offences,Powell River,RCMP Provincial,Powell River Prov,2009,413.0
Criminal Code Offences,Fraser Fort George,RCMP Municipal,Prince George Mun,2009,11986.0
Criminal Code Offences,Fraser Fort George,RCMP Provincial,Prince George Prov,2009,510.0
Criminal Code Offences,North Coast Regional District (22),RCMP Municipal,Prince Rupert Mun,2009,3072.0
Criminal Code Offences,North Coast Regional District (22),RCMP Provincial,Prince Rupert Prov,2009,208.0
Criminal Code Offences,Okanagan Similkameen,RCMP Provincial,Princeton Prov,2009,443.0
Criminal Code Offences,Strathcona,RCMP Provincial,Quadra Island Prov,2009,141.0
Criminal Code Offences,Nanaimo,RCMP Municipal,Qualicum Beach Mun,2009,467.0
Criminal Code Offences,North Coast Regional District (22),RCMP Provincial,Queen Charlotte Prov,2009,163.0
Criminal Code Offences,Cariboo,RCMP Municipal,Quesnel Mun,2009,2382.0
Criminal Code Offences,Cariboo,RCMP Provincial,Quesnel Prov,2009,781.0
Criminal Code Offences,Columbia Shuswap,RCMP Municipal,Revelstoke Mun,2009,692.0
Criminal Code Offences,Columbia Shuswap,RCMP Provincial,Revelstoke Prov,2009,61.0
Criminal Code Offences,Metro Vancouver,RCMP Municipal,Richmond Mun,2009,12110.0
Criminal Code Offences,Metro Vancouver,RCMP Provincial,Ridge Meadows Prov,2009,1208.0
Criminal Code Offences,Capital,Independent Municipal,Saanich Mun,2009,5826.0
Criminal Code Offences,Central Kootenay,RCMP Provincial,Salmo Prov,2009,254.0
Criminal Code Offences,Columbia Shuswap,RCMP Municipal,Salmon Arm Mun,2009,1816.0
Criminal Code Offences,Columbia Shuswap,RCMP Provincial,Salmon Arm Prov,2009,458.0
Criminal Code Offences,Capital,RCMP Provincial,Saltspring Island Prov,2009,599.0
Criminal Code Offences,Strathcona,RCMP Provincial,Sayward Prov,2009,79.0
Criminal Code Offences,Sunshine Coast,RCMP Municipal,Sechelt Mun,2009,776.0
Criminal Code Offences,Cowichan Valley,RCMP Provincial,Shawnigan Lake Prov,2009,888.0
Criminal Code Offences,Columbia Shuswap,RCMP Provincial,Sicamous Prov,2009,394.0
Criminal Code Offences,Capital,RCMP Municipal,Sidney Mun,2009,775.0
Criminal Code Offences,Capital,RCMP Provincial,Sidney Prov,2009,356.0
Criminal Code Offences,Central Kootenay,RCMP Provincial,Slocan Lake Prov,2009,107.0
Criminal Code Offences,Bulkley Nechako,RCMP Municipal,Smithers Mun,2009,1086.0
Criminal Code Offences,Bulkley Nechako,RCMP Provincial,Smithers Prov,2009,458.0
Criminal Code Offences,Capital,RCMP Municipal,Sooke Mun,2009,978.0
Criminal Code Offences,Capital,RCMP Provincial,Sooke Prov,2009,400.0
Criminal Code Offences,Okanagan Similkameen,RCMP Provincial,South Okanagan/Oliver,2009,882.0
Criminal Code Offences,Okanagan Similkameen,RCMP Provincial,South Okanagan/Osoyoos,2009,725.0
Criminal Code Offences,North Okanagan,RCMP Municipal,Spallumcheen Mun,2009,NA
Criminal Code Offences,Squamish Lillooet,RCMP Municipal,Squamish Mun,2009,1727.0
Criminal Code Offences,Squamish Lillooet,RCMP Provincial,Squamish Prov,2009,101.0
Criminal Code Offences,Kitimat Stikine,RCMP Provincial,Stewart Prov,2009,31.0
Criminal Code Offences,Squamish Lillooet,First Nations Aboriginal Police Service,Stl'atl'imx FNAPS,2009,530.0
Criminal Code Offences,Okanagan Similkameen,RCMP Municipal,Summerland Mun,2009,546.0
Criminal Code Offences,Sunshine Coast,RCMP Provincial,Sunshine Coast Prov,2009,1457.0
Criminal Code Offences,Metro Vancouver,RCMP Municipal,Surrey Mun,2009,44330.0
Criminal Code Offences,Bulkley Nechako,RCMP Provincial,Takla Landing Prov,2009,124.0
Criminal Code Offences,Kitimat Stikine,RCMP Municipal,Terrace Mun,2009,2621.0
Criminal Code Offences,Kitimat Stikine,RCMP Provincial,Terrace Prov,2009,687.0
Criminal Code Offences,Powell River,RCMP Provincial,Texada Island Prov,2009,52.0
Criminal Code Offences,Thompson Nicola,RCMP Provincial,T'Kumlups Prov,2009,682.0
Criminal Code Offences,Alberni Clayoquot,RCMP Provincial,Tofino Prov,2009,706.0
Criminal Code Offences,Kootenay Boundary,RCMP Municipal,Trail Mun,2009,887.0
Criminal Code Offences,Kootenay Boundary,RCMP Provincial,Trail and Greater District,2009,502.0
Criminal Code Offences,Fraser Fort George,RCMP Provincial,Tsay Keh Dene Prov,2009,292.0
Criminal Code Offences,Peace River,RCMP Provincial,Tumbler Ridge Prov,2009,363.0
Criminal Code Offences,Alberni Clayoquot,RCMP Provincial,Ucluelet Prov,2009,320.0
Criminal Code Offences,Metro Vancouver,RCMP Provincial,University Prov,2009,1172.0
Criminal Code Offences,Fraser Fort George,RCMP Provincial,Valemount Prov,2009,207.0
Criminal Code Offences,Metro Vancouver,Independent Municipal,Vancouver Mun,2009,51779.0
Criminal Code Offences,Bulkley Nechako,RCMP Provincial,Vanderhoof Prov,2009,1300.0
Criminal Code Offences,North Okanagan,RCMP Municipal,Vernon Mun,2009,4861.0
Criminal Code Offences,North Okanagan,RCMP Provincial,Vernon Prov,2009,597.0
Criminal Code Offences,Capital,Independent Municipal,Victoria Mun,2009,13375.0
Criminal Code Offences,Capital,RCMP Municipal,View Royal Mun,2009,769.0
Criminal Code Offences,Cariboo,RCMP Provincial,Wells Prov,2009,26.0
Criminal Code Offences,Central Okanagan,RCMP Municipal,West Kelowna Mun,2009,1917.0
Criminal Code Offences,Capital,RCMP Provincial,West Shore Prov,2009,488.0
Criminal Code Offences,Metro Vancouver,Independent Municipal,West Vancouver Mun,2009,2256.0
Criminal Code Offences,Squamish Lillooet,RCMP Municipal,Whistler Mun,2009,1739.0
Criminal Code Offences,Squamish Lillooet,RCMP Provincial,Whistler Prov,2009,67.0
Criminal Code Offences,Metro Vancouver,RCMP Municipal,White Rock Mun,2009,1176.0
Criminal Code Offences,Cariboo,RCMP Municipal,Williams Lake Mun,2009,2797.0
Criminal Code Offences,Cariboo,RCMP Provincial,Williams Lake Prov,2009,569.0
Crime Rates,Fraser Valley,Independent Municipal,Abbotsford Mun,2009,69.75
Crime Rates,Fraser Valley,RCMP Provincial,Agassiz Prov,2009,182.20999999999998
Crime Rates,Mount Waddington,RCMP Provincial,Alert Bay Prov,2009,218.88000000000002
Crime Rates,Cariboo,RCMP Provincial,Alexis Creek Prov,2009,182.92000000000002
Crime Rates,Cariboo,RCMP Provincial,Anahim Lake Prov,2009,325.41999999999996
Crime Rates,North Okanagan,RCMP Provincial,Armstrong Prov,2009,44.54
Crime Rates,Thompson Nicola,RCMP Provincial,Ashcroft Prov,2009,92.43
Crime Rates,Kitimat Stikine,RCMP Provincial,Atlin Prov,2009,231.85000000000002
Crime Rates,Thompson Nicola,RCMP Provincial,Barriere Prov,2009,47.63
Crime Rates,Central Coast,RCMP Provincial,Bella Bella Prov,2009,275.82
Crime Rates,Central Coast,RCMP Provincial,Bella Coola Prov,2009,181.38000000000002
Crime Rates,Fraser Valley,RCMP Provincial,Boston Bar Prov,2009,178.85000000000002
Crime Rates,Kootenay Boundary,RCMP Provincial,Boundary/Grand Forks Prov,2009,86.63
Crime Rates,Kootenay Boundary,RCMP Provincial,Boundary/Midway Prov,2009,86.6
Crime Rates,Metro Vancouver,RCMP Provincial,Bowen Island Prov,2009,37.690000000000005
Crime Rates,Metro Vancouver,RCMP Municipal,Burnaby Mun,2009,81.86
Crime Rates,Bulkley Nechako,RCMP Provincial,Burns Lake Prov,2009,203.0
Crime Rates,Strathcona,RCMP Municipal,Campbell River Mun,2009,130.41
Crime Rates,Strathcona,RCMP Provincial,Campbell River Prov,2009,72.42
Crime Rates,Central Kootenay,RCMP Municipal,Castlegar Mun,2009,117.31
Crime Rates,Central Kootenay,RCMP Provincial,Castlegar Prov,2009,45.59
Crime Rates,Capital,Independent Municipal,Central Saanich Mun,2009,43.08
Crime Rates,Thompson Nicola,RCMP Provincial,Chase Prov,2009,76.28
Crime Rates,Peace River,RCMP Provincial,Chetwynd Prov,2009,143.93
Crime Rates,Fraser Valley,RCMP Municipal,Chilliwack Mun,2009,112.64
Crime Rates,Fraser Valley,RCMP Provincial,Chilliwack Prov,2009,108.76
Crime Rates,Thompson Nicola,RCMP Provincial,Clearwater Prov,2009,70.71000000000001
Crime Rates,Thompson Nicola,RCMP Provincial,Clinton Prov,2009,79.76
Crime Rates,North Okanagan,RCMP Municipal,Coldstream Mun,2009,40.68
Crime Rates,East Kootenay,RCMP Provincial,Columbia Valley Prov,2009,98.26
Crime Rates,Capital,RCMP Municipal,Colwood Mun,2009,49.13
Crime Rates,Comox Valley,RCMP Municipal,Comox Mun,2009,48.92
Crime Rates,Comox Valley,RCMP Provincial,Comox Valley Prov,2009,46.93
Crime Rates,Metro Vancouver,RCMP Municipal,Coquitlam Mun,2009,65.6
Crime Rates,Metro Vancouver,RCMP Provincial,Coquitlam Prov,2009,45.04
Crime Rates,Comox Valley,RCMP Municipal,Courtenay Mun,2009,135.23999999999998
Crime Rates,East Kootenay,RCMP Municipal,Cranbrook Mun,2009,110.89
Crime Rates,East Kootenay,RCMP Provincial,Cranbrook Prov,2009,50.71
Crime Rates,Central Kootenay,RCMP Municipal,Creston Mun,2009,NA
Crime Rates,Central Kootenay,RCMP Provincial,Creston Prov,2009,71.51
Crime Rates,Peace River,RCMP Municipal,Dawson Creek Mun,2009,150.39000000000001
Crime Rates,Peace River,RCMP Provincial,Dawson Creek Prov,2009,39.77
Crime Rates,Kitimat Stikine,RCMP Provincial,Dease Lake Prov,2009,180.68
Crime Rates,Metro Vancouver,Independent Municipal,Delta Mun,2009,65.29
Crime Rates,Cowichan Valley,RCMP Provincial,Duncan Prov,2009,137.15
Crime Rates,East Kootenay,RCMP Provincial,Elk Valley Prov,2009,86.88
Crime Rates,North Okanagan,RCMP Provincial,Enderby Prov,2009,58.01
Crime Rates,Columbia Shuswap,RCMP Provincial,Falkland Prov,2009,46.52
Crime Rates,Bulkley Nechako,RCMP Provincial,Fort St James Prov,2009,278.11
Crime Rates,Peace River,RCMP Municipal,Fort St John Mun,2009,192.04
Crime Rates,Peace River,RCMP Provincial,Fort St John Prov,2009,49.449999999999996
Crime Rates,Bulkley Nechako,RCMP Provincial,Fraser Lake Prov,2009,108.86999999999999
Crime Rates,Nanaimo,RCMP Provincial,Gabriola Island Prov,2009,60.120000000000005
Crime Rates,Columbia Shuswap,RCMP Provincial,Golden Prov,2009,89.52
Crime Rates,Fraser Valley,RCMP Municipal,Hope Mun,2009,158.60999999999999
Crime Rates,Fraser Valley,RCMP Provincial,Hope  Prov,2009,167.95000000000002
Crime Rates,Bulkley Nechako,RCMP Provincial,Houston/Granisle Prov,2009,127.23
Crime Rates,Peace River,RCMP Provincial,Hudson's Hope Prov,2009,86.6
Crime Rates,Thompson Nicola,RCMP Municipal,Kamloops Mun,2009,111.98
Crime Rates,Central Kootenay,RCMP Provincial,Kaslo Prov,2009,45.949999999999996
Crime Rates,Central Okanagan,RCMP Municipal,Kelowna Mun,2009,122.27
Crime Rates,Central Okanagan,RCMP Provincial,Kelowna Prov,2009,64.02
Crime Rates,Fraser Valley,RCMP Municipal,Kent Mun,2009,46.65
Crime Rates,Okanagan Similkameen,RCMP Provincial,Keremeos Prov,2009,87.7
Crime Rates,East Kootenay,RCMP Municipal,Kimberley Mun,2009,65.8
Crime Rates,East Kootenay,RCMP Provincial,Kimberley Prov,2009,37.28
Crime Rates,Kitimat Stikine,RCMP Municipal,Kitimat Mun,2009,118.43
Crime Rates,Kitimat Stikine,RCMP Provincial,Kitimat Prov,2009,92.45
Crime Rates,Cowichan Valley,RCMP Municipal,Ladysmith Mun,2009,85.24000000000001
Crime Rates,Cowichan Valley,RCMP Provincial,Ladysmith Prov,2009,64.82
Crime Rates,Central Okanagan,RCMP Municipal,Lake Country Mun,2009,64.78
Crime Rates,Cowichan Valley,RCMP Provincial,Lake Cowichan Prov,2009,106.93
Crime Rates,Capital,RCMP Municipal,Langford Mun,2009,88.93
Crime Rates,Metro Vancouver,RCMP Municipal,Langley City Mun,2009,137.55
Crime Rates,Metro Vancouver,RCMP Municipal,Langley Township Mun,2009,74.52
Crime Rates,Squamish Lillooet,RCMP Provincial,Lillooet Prov,2009,169.39000000000001
Crime Rates,Kitimat Stikine,RCMP Provincial,Lisims/Nass Valley Prov,2009,261.33
Crime Rates,Thompson Nicola,RCMP Provincial,Logan Lake Prov,2009,69.38
Crime Rates,North Okanagan,RCMP Provincial,Lumby Prov,2009,53.75
Crime Rates,Thompson Nicola,RCMP Provincial,Lytton Prov,2009,93.32
Crime Rates,Fraser Fort George,RCMP Provincial,Mackenzie Prov,2009,87.94000000000001
Crime Rates,Metro Vancouver,RCMP Municipal,Maple Ridge Mun,2009,94.98
Crime Rates,North Coast Regional District (22),RCMP Provincial,Masset Prov,2009,240.06
Crime Rates,Fraser Fort George,RCMP Provincial,McBride Prov,2009,63.63
Crime Rates,Thompson Nicola,RCMP Municipal,Merritt Mun,2009,193.19
Crime Rates,Thompson Nicola,RCMP Provincial,Merritt Prov,2009,82.72
Crime Rates,Fraser Valley,RCMP Municipal,Mission Mun,2009,101.45
Crime Rates,Fraser Valley,RCMP Provincial,Mission Prov,2009,88.24000000000001
Crime Rates,Central Kootenay,RCMP Provincial,Nakusp Prov,2009,73.91000000000001
Crime Rates,Nanaimo,RCMP Municipal,Nanaimo Mun,2009,135.36
Crime Rates,Nanaimo,RCMP Provincial,Nanaimo Prov,2009,42.71
Crime Rates,Central Kootenay,Independent Municipal,Nelson Mun,2009,92.93
Crime Rates,Central Kootenay,RCMP Provincial,Nelson Prov,2009,25.07
Crime Rates,Kitimat Stikine,RCMP Provincial,New Hazelton Prov,2009,246.62
Crime Rates,Metro Vancouver,Independent Municipal,New Westminster Mun,2009,95.81
Crime Rates,Strathcona,RCMP Provincial,Nootka Sound Prov,2009,93.84
Crime Rates,Cowichan Valley,RCMP Municipal,North Cowichan Mun,2009,81.2
Crime Rates,Capital,RCMP Municipal,North Saanich Mun,2009,39.86
Crime Rates,Metro Vancouver,RCMP Municipal,North Vancouver City Mun,2009,98.61
Crime Rates,Metro Vancouver,RCMP Municipal,North Vancouver District Mun,2009,50.2
Crime Rates,Metro Vancouver,RCMP Provincial,North Vancouver Prov,2009,204.87
Crime Rates,Northern Rockies,RCMP Municipal,Northern Rockies Mun,2009,NA
Crime Rates,Northern Rockies,RCMP Provincial,Northern Rockies Prov,2009,190.70999999999998
Crime Rates,Capital,Independent Municipal,Oak Bay Mun,2009,45.96
Crime Rates,Nanaimo,RCMP Provincial,Oceanside Prov,2009,45.49
Crime Rates,Cariboo,RCMP Provincial,One Hundred Mile House Prov,2009,61.17
Crime Rates,Capital,RCMP Provincial,Outer Gulf  Islands Prov,2009,28.58
Crime Rates,Nanaimo,RCMP Municipal,Parksville Mun,2009,99.28
Crime Rates,Central Okanagan,RCMP Municipal,Peachland Mun,2009,NA
Crime Rates,Squamish Lillooet,RCMP Provincial,Pemberton Prov,2009,83.66999999999999
Crime Rates,Okanagan Similkameen,RCMP Municipal,Penticton Mun,2009,134.89000000000001
Crime Rates,Okanagan Similkameen,RCMP Provincial,Penticton Prov,2009,50.04
Crime Rates,Metro Vancouver,RCMP Municipal,Pitt Meadows Mun,2009,81.85
Crime Rates,Alberni Clayoquot,RCMP Municipal,Port Alberni Mun,2009,155.29
Crime Rates,Alberni Clayoquot,RCMP Provincial,Port Alberni Prov,2009,49.849999999999994
Crime Rates,Mount Waddington,RCMP Provincial,Port Alice Prov,2009,105.94000000000001
Crime Rates,Metro Vancouver,RCMP Municipal,Port Coquitlam Mun,2009,67.41000000000001
Crime Rates,Mount Waddington,RCMP Provincial,Port Hardy Prov,2009,179.09
Crime Rates,Mount Waddington,RCMP Provincial,Port McNeill Prov,2009,84.78
Crime Rates,Metro Vancouver,Independent Municipal,Port Moody Mun,2009,41.65
Crime Rates,Powell River,RCMP Municipal,Powell River Mun,2009,86.14999999999999
Crime Rates,Powell River,RCMP Provincial,Powell River Prov,2009,74.49000000000001
Crime Rates,Fraser Fort George,RCMP Municipal,Prince George Mun,2009,163.92000000000002
Crime Rates,Fraser Fort George,RCMP Provincial,Prince George Prov,2009,38.27
Crime Rates,North Coast Regional District (22),RCMP Municipal,Prince Rupert Mun,2009,241.81
Crime Rates,North Coast Regional District (22),RCMP Provincial,Prince Rupert Prov,2009,104.0
Crime Rates,Okanagan Similkameen,RCMP Provincial,Princeton Prov,2009,91.81
Crime Rates,Strathcona,RCMP Provincial,Quadra Island Prov,2009,39.349999999999994
Crime Rates,Nanaimo,RCMP Municipal,Qualicum Beach Mun,2009,53.24
Crime Rates,North Coast Regional District (22),RCMP Provincial,Queen Charlotte Prov,2009,68.83
Crime Rates,Cariboo,RCMP Municipal,Quesnel Mun,2009,242.62
Crime Rates,Cariboo,RCMP Provincial,Quesnel Prov,2009,57.99
Crime Rates,Columbia Shuswap,RCMP Municipal,Revelstoke Mun,2009,96.24000000000001
Crime Rates,Columbia Shuswap,RCMP Provincial,Revelstoke Prov,2009,104.1
Crime Rates,Metro Vancouver,RCMP Municipal,Richmond Mun,2009,62.9
Crime Rates,Metro Vancouver,RCMP Provincial,Ridge Meadows Prov,2009,12715.79
Crime Rates,Capital,Independent Municipal,Saanich Mun,2009,51.849999999999994
Crime Rates,Central Kootenay,RCMP Provincial,Salmo Prov,2009,99.03
Crime Rates,Columbia Shuswap,RCMP Municipal,Salmon Arm Mun,2009,104.2
Crime Rates,Columbia Shuswap,RCMP Provincial,Salmon Arm Prov,2009,48.190000000000005
Crime Rates,Capital,RCMP Provincial,Saltspring Island Prov,2009,58.48
Crime Rates,Strathcona,RCMP Provincial,Sayward Prov,2009,99.11999999999999
Crime Rates,Sunshine Coast,RCMP Municipal,Sechelt Mun,2009,87.13
Crime Rates,Cowichan Valley,RCMP Provincial,Shawnigan Lake Prov,2009,51.349999999999994
Crime Rates,Columbia Shuswap,RCMP Provincial,Sicamous Prov,2009,97.26
Crime Rates,Capital,RCMP Municipal,Sidney Mun,2009,68.23
Crime Rates,Capital,RCMP Provincial,Sidney Prov,2009,102.51
Crime Rates,Central Kootenay,RCMP Provincial,Slocan Lake Prov,2009,54.15
Crime Rates,Bulkley Nechako,RCMP Municipal,Smithers Mun,2009,201.63
Crime Rates,Bulkley Nechako,RCMP Provincial,Smithers Prov,2009,61.46
Crime Rates,Capital,RCMP Municipal,Sooke Mun,2009,88.86
Crime Rates,Capital,RCMP Provincial,Sooke Prov,2009,88.2
Crime Rates,Okanagan Similkameen,RCMP Provincial,South Okanagan/Oliver,2009,97.91000000000001
Crime Rates,Okanagan Similkameen,RCMP Provincial,South Okanagan/Osoyoos,2009,96.66999999999999
Crime Rates,North Okanagan,RCMP Municipal,Spallumcheen Mun,2009,NA
Crime Rates,Squamish Lillooet,RCMP Municipal,Squamish Mun,2009,102.3
Crime Rates,Squamish Lillooet,RCMP Provincial,Squamish Prov,2009,51.790000000000006
Crime Rates,Kitimat Stikine,RCMP Provincial,Stewart Prov,2009,63.660000000000004
Crime Rates,Squamish Lillooet,First Nations Aboriginal Police Service,Stl'atl'imx FNAPS,2009,179.9
Crime Rates,Okanagan Similkameen,RCMP Municipal,Summerland Mun,2009,47.59
Crime Rates,Sunshine Coast,RCMP Provincial,Sunshine Coast Prov,2009,74.25
Crime Rates,Metro Vancouver,RCMP Municipal,Surrey Mun,2009,97.78
Crime Rates,Bulkley Nechako,RCMP Provincial,Takla Landing Prov,2009,670.2700000000001
Crime Rates,Kitimat Stikine,RCMP Municipal,Terrace Mun,2009,229.67
Crime Rates,Kitimat Stikine,RCMP Provincial,Terrace Prov,2009,91.08
Crime Rates,Powell River,RCMP Provincial,Texada Island Prov,2009,49.290000000000006
Crime Rates,Thompson Nicola,RCMP Provincial,T'Kumlups Prov,2009,83.48
Crime Rates,Alberni Clayoquot,RCMP Provincial,Tofino Prov,2009,221.59
Crime Rates,Kootenay Boundary,RCMP Municipal,Trail Mun,2009,116.5
Crime Rates,Kootenay Boundary,RCMP Provincial,Trail and Greater District,2009,45.27
Crime Rates,Fraser Fort George,RCMP Provincial,Tsay Keh Dene Prov,2009,782.8399999999999
Crime Rates,Peace River,RCMP Provincial,Tumbler Ridge Prov,2009,135.75
Crime Rates,Alberni Clayoquot,RCMP Provincial,Ucluelet Prov,2009,146.72
Crime Rates,Metro Vancouver,RCMP Provincial,University Prov,2009,100.03
Crime Rates,Fraser Fort George,RCMP Provincial,Valemount Prov,2009,129.13
Crime Rates,Metro Vancouver,Independent Municipal,Vancouver Mun,2009,84.66
Crime Rates,Bulkley Nechako,RCMP Provincial,Vanderhoof Prov,2009,153.48000000000002
Crime Rates,North Okanagan,RCMP Municipal,Vernon Mun,2009,125.43
Crime Rates,North Okanagan,RCMP Provincial,Vernon Prov,2009,50.8
Crime Rates,Capital,Independent Municipal,Victoria Mun,2009,135.26
Crime Rates,Capital,RCMP Municipal,View Royal Mun,2009,81.57
Crime Rates,Cariboo,RCMP Provincial,Wells Prov,2009,76.02
Crime Rates,Central Okanagan,RCMP Municipal,West Kelowna Mun,2009,72.09
Crime Rates,Capital,RCMP Provincial,West Shore Prov,2009,54.839999999999996
Crime Rates,Metro Vancouver,Independent Municipal,West Vancouver Mun,2009,50.05
Crime Rates,Squamish Lillooet,RCMP Municipal,Whistler Mun,2009,171.16
Crime Rates,Squamish Lillooet,RCMP Provincial,Whistler Prov,2009,227.89000000000001
Crime Rates,Metro Vancouver,RCMP Municipal,White Rock Mun,2009,61.52
Crime Rates,Cariboo,RCMP Municipal,Williams Lake Mun,2009,250.99
Crime Rates,Cariboo,RCMP Provincial,Williams Lake Prov,2009,43.61
Violent Offenses,Fraser Valley,Independent Municipal,Abbotsford Mun,2009,1931.0
Violent Offenses,Fraser Valley,RCMP Provincial,Agassiz Prov,2009,133.0
Violent Offenses,Mount Waddington,RCMP Provincial,Alert Bay Prov,2009,101.0
Violent Offenses,Cariboo,RCMP Provincial,Alexis Creek Prov,2009,124.0
Violent Offenses,Cariboo,RCMP Provincial,Anahim Lake Prov,2009,66.0
Violent Offenses,North Okanagan,RCMP Provincial,Armstrong Prov,2009,91.0
Violent Offenses,Thompson Nicola,RCMP Provincial,Ashcroft Prov,2009,89.0
Violent Offenses,Kitimat Stikine,RCMP Provincial,Atlin Prov,2009,27.0
Violent Offenses,Thompson Nicola,RCMP Provincial,Barriere Prov,2009,59.0
Violent Offenses,Central Coast,RCMP Provincial,Bella Bella Prov,2009,167.0
Violent Offenses,Central Coast,RCMP Provincial,Bella Coola Prov,2009,96.0
Violent Offenses,Fraser Valley,RCMP Provincial,Boston Bar Prov,2009,19.0
Violent Offenses,Kootenay Boundary,RCMP Provincial,Boundary/Grand Forks Prov,2009,132.0
Violent Offenses,Kootenay Boundary,RCMP Provincial,Boundary/Midway Prov,2009,70.0
Violent Offenses,Metro Vancouver,RCMP Provincial,Bowen Island Prov,2009,21.0
Violent Offenses,Metro Vancouver,RCMP Municipal,Burnaby Mun,2009,2928.0
Violent Offenses,Bulkley Nechako,RCMP Provincial,Burns Lake Prov,2009,327.0
Violent Offenses,Strathcona,RCMP Municipal,Campbell River Mun,2009,746.0
Violent Offenses,Strathcona,RCMP Provincial,Campbell River Prov,2009,90.0
Violent Offenses,Central Kootenay,RCMP Municipal,Castlegar Mun,2009,137.0
Violent Offenses,Central Kootenay,RCMP Provincial,Castlegar Prov,2009,50.0
Violent Offenses,Capital,Independent Municipal,Central Saanich Mun,2009,113.0
Violent Offenses,Thompson Nicola,RCMP Provincial,Chase Prov,2009,159.0
Violent Offenses,Peace River,RCMP Provincial,Chetwynd Prov,2009,145.0
Violent Offenses,Fraser Valley,RCMP Municipal,Chilliwack Mun,2009,1311.0
Violent Offenses,Fraser Valley,RCMP Provincial,Chilliwack Prov,2009,92.0
Violent Offenses,Thompson Nicola,RCMP Provincial,Clearwater Prov,2009,80.0
Violent Offenses,Thompson Nicola,RCMP Provincial,Clinton Prov,2009,38.0
Violent Offenses,North Okanagan,RCMP Municipal,Coldstream Mun,2009,85.0
Violent Offenses,East Kootenay,RCMP Provincial,Columbia Valley Prov,2009,189.0
Violent Offenses,Capital,RCMP Municipal,Colwood Mun,2009,122.0
Violent Offenses,Comox Valley,RCMP Municipal,Comox Mun,2009,84.0
Violent Offenses,Comox Valley,RCMP Provincial,Comox Valley Prov,2009,240.0
Violent Offenses,Metro Vancouver,RCMP Municipal,Coquitlam Mun,2009,1128.0
Violent Offenses,Metro Vancouver,RCMP Provincial,Coquitlam Prov,2009,22.0
Violent Offenses,Comox Valley,RCMP Municipal,Courtenay Mun,2009,570.0
Violent Offenses,East Kootenay,RCMP Municipal,Cranbrook Mun,2009,511.0
Violent Offenses,East Kootenay,RCMP Provincial,Cranbrook Prov,2009,84.0
Violent Offenses,Central Kootenay,RCMP Municipal,Creston Mun,2009,NA
Violent Offenses,Central Kootenay,RCMP Provincial,Creston Prov,2009,184.0
Violent Offenses,Peace River,RCMP Municipal,Dawson Creek Mun,2009,288.0
Violent Offenses,Peace River,RCMP Provincial,Dawson Creek Prov,2009,65.0
Violent Offenses,Kitimat Stikine,RCMP Provincial,Dease Lake Prov,2009,81.0
Violent Offenses,Metro Vancouver,Independent Municipal,Delta Mun,2009,1030.0
Violent Offenses,Cowichan Valley,RCMP Provincial,Duncan Prov,2009,354.0
Violent Offenses,East Kootenay,RCMP Provincial,Elk Valley Prov,2009,245.0
Violent Offenses,North Okanagan,RCMP Provincial,Enderby Prov,2009,84.0
Violent Offenses,Columbia Shuswap,RCMP Provincial,Falkland Prov,2009,26.0
Violent Offenses,Bulkley Nechako,RCMP Provincial,Fort St James Prov,2009,301.0
Violent Offenses,Peace River,RCMP Municipal,Fort St John Mun,2009,802.0
Violent Offenses,Peace River,RCMP Provincial,Fort St John Prov,2009,215.0
Violent Offenses,Bulkley Nechako,RCMP Provincial,Fraser Lake Prov,2009,95.0
Violent Offenses,Nanaimo,RCMP Provincial,Gabriola Island Prov,2009,52.0
Violent Offenses,Columbia Shuswap,RCMP Provincial,Golden Prov,2009,132.0
Violent Offenses,Fraser Valley,RCMP Municipal,Hope Mun,2009,167.0
Violent Offenses,Fraser Valley,RCMP Provincial,Hope  Prov,2009,19.0
Violent Offenses,Bulkley Nechako,RCMP Provincial,Houston/Granisle Prov,2009,149.0
Violent Offenses,Peace River,RCMP Provincial,Hudson's Hope Prov,2009,33.0
Violent Offenses,Thompson Nicola,RCMP Municipal,Kamloops Mun,2009,2126.0
Violent Offenses,Central Kootenay,RCMP Provincial,Kaslo Prov,2009,23.0
Violent Offenses,Central Okanagan,RCMP Municipal,Kelowna Mun,2009,2550.0
Violent Offenses,Central Okanagan,RCMP Provincial,Kelowna Prov,2009,307.0
Violent Offenses,Fraser Valley,RCMP Municipal,Kent Mun,2009,52.0
Violent Offenses,Okanagan Similkameen,RCMP Provincial,Keremeos Prov,2009,67.0
Violent Offenses,East Kootenay,RCMP Municipal,Kimberley Mun,2009,95.0
Violent Offenses,East Kootenay,RCMP Provincial,Kimberley Prov,2009,17.0
Violent Offenses,Kitimat Stikine,RCMP Municipal,Kitimat Mun,2009,267.0
Violent Offenses,Kitimat Stikine,RCMP Provincial,Kitimat Prov,2009,15.0
Violent Offenses,Cowichan Valley,RCMP Municipal,Ladysmith Mun,2009,113.0
Violent Offenses,Cowichan Valley,RCMP Provincial,Ladysmith Prov,2009,86.0
Violent Offenses,Central Okanagan,RCMP Municipal,Lake Country Mun,2009,139.0
Violent Offenses,Cowichan Valley,RCMP Provincial,Lake Cowichan Prov,2009,140.0
Violent Offenses,Capital,RCMP Municipal,Langford Mun,2009,474.0
Violent Offenses,Metro Vancouver,RCMP Municipal,Langley City Mun,2009,434.0
Violent Offenses,Metro Vancouver,RCMP Municipal,Langley Township Mun,2009,1009.0
Violent Offenses,Squamish Lillooet,RCMP Provincial,Lillooet Prov,2009,99.0
Violent Offenses,Kitimat Stikine,RCMP Provincial,Lisims/Nass Valley Prov,2009,162.0
Violent Offenses,Thompson Nicola,RCMP Provincial,Logan Lake Prov,2009,54.0
Violent Offenses,North Okanagan,RCMP Provincial,Lumby Prov,2009,88.0
Violent Offenses,Thompson Nicola,RCMP Provincial,Lytton Prov,2009,65.0
Violent Offenses,Fraser Fort George,RCMP Provincial,Mackenzie Prov,2009,89.0
Violent Offenses,Metro Vancouver,RCMP Municipal,Maple Ridge Mun,2009,1132.0
Violent Offenses,North Coast Regional District (22),RCMP Provincial,Masset Prov,2009,126.0
Violent Offenses,Fraser Fort George,RCMP Provincial,McBride Prov,2009,15.0
Violent Offenses,Thompson Nicola,RCMP Municipal,Merritt Mun,2009,234.0
Violent Offenses,Thompson Nicola,RCMP Provincial,Merritt Prov,2009,78.0
Violent Offenses,Fraser Valley,RCMP Municipal,Mission Mun,2009,768.0
Violent Offenses,Fraser Valley,RCMP Provincial,Mission Prov,2009,87.0
Violent Offenses,Central Kootenay,RCMP Provincial,Nakusp Prov,2009,52.0
Violent Offenses,Nanaimo,RCMP Municipal,Nanaimo Mun,2009,1636.0
Violent Offenses,Nanaimo,RCMP Provincial,Nanaimo Prov,2009,107.0
Violent Offenses,Central Kootenay,Independent Municipal,Nelson Mun,2009,127.0
Violent Offenses,Central Kootenay,RCMP Provincial,Nelson Prov,2009,64.0
Violent Offenses,Kitimat Stikine,RCMP Provincial,New Hazelton Prov,2009,375.0
Violent Offenses,Metro Vancouver,Independent Municipal,New Westminster Mun,2009,1058.0
Violent Offenses,Strathcona,RCMP Provincial,Nootka Sound Prov,2009,36.0
Violent Offenses,Cowichan Valley,RCMP Municipal,North Cowichan Mun,2009,454.0
Violent Offenses,Capital,RCMP Municipal,North Saanich Mun,2009,49.0
Violent Offenses,Metro Vancouver,RCMP Municipal,North Vancouver City Mun,2009,609.0
Violent Offenses,Metro Vancouver,RCMP Municipal,North Vancouver District Mun,2009,533.0
Violent Offenses,Metro Vancouver,RCMP Provincial,North Vancouver Prov,2009,67.0
Violent Offenses,Northern Rockies,RCMP Municipal,Northern Rockies Mun,2009,NA
Violent Offenses,Northern Rockies,RCMP Provincial,Northern Rockies Prov,2009,269.0
Violent Offenses,Capital,Independent Municipal,Oak Bay Mun,2009,56.0
Violent Offenses,Nanaimo,RCMP Provincial,Oceanside Prov,2009,176.0
Violent Offenses,Cariboo,RCMP Provincial,One Hundred Mile House Prov,2009,194.0
Violent Offenses,Capital,RCMP Provincial,Outer Gulf  Islands Prov,2009,27.0
Violent Offenses,Nanaimo,RCMP Municipal,Parksville Mun,2009,145.0
Violent Offenses,Central Okanagan,RCMP Municipal,Peachland Mun,2009,NA
Violent Offenses,Squamish Lillooet,RCMP Provincial,Pemberton Prov,2009,66.0
Violent Offenses,Okanagan Similkameen,RCMP Municipal,Penticton Mun,2009,862.0
Violent Offenses,Okanagan Similkameen,RCMP Provincial,Penticton Prov,2009,117.0
Violent Offenses,Metro Vancouver,RCMP Municipal,Pitt Meadows Mun,2009,247.0
Violent Offenses,Alberni Clayoquot,RCMP Municipal,Port Alberni Mun,2009,527.0
Violent Offenses,Alberni Clayoquot,RCMP Provincial,Port Alberni Prov,2009,86.0
Violent Offenses,Mount Waddington,RCMP Provincial,Port Alice Prov,2009,19.0
Violent Offenses,Metro Vancouver,RCMP Municipal,Port Coquitlam Mun,2009,589.0
Violent Offenses,Mount Waddington,RCMP Provincial,Port Hardy Prov,2009,166.0
Violent Offenses,Mount Waddington,RCMP Provincial,Port McNeill Prov,2009,78.0
Violent Offenses,Metro Vancouver,Independent Municipal,Port Moody Mun,2009,233.0
Violent Offenses,Powell River,RCMP Municipal,Powell River Mun,2009,284.0
Violent Offenses,Powell River,RCMP Provincial,Powell River Prov,2009,108.0
Violent Offenses,Fraser Fort George,RCMP Municipal,Prince George Mun,2009,2063.0
Violent Offenses,Fraser Fort George,RCMP Provincial,Prince George Prov,2009,125.0
Violent Offenses,North Coast Regional District (22),RCMP Municipal,Prince Rupert Mun,2009,717.0
Violent Offenses,North Coast Regional District (22),RCMP Provincial,Prince Rupert Prov,2009,74.0
Violent Offenses,Okanagan Similkameen,RCMP Provincial,Princeton Prov,2009,113.0
Violent Offenses,Strathcona,RCMP Provincial,Quadra Island Prov,2009,28.0
Violent Offenses,Nanaimo,RCMP Municipal,Qualicum Beach Mun,2009,55.0
Violent Offenses,North Coast Regional District (22),RCMP Provincial,Queen Charlotte Prov,2009,49.0
Violent Offenses,Cariboo,RCMP Municipal,Quesnel Mun,2009,500.0
Violent Offenses,Cariboo,RCMP Provincial,Quesnel Prov,2009,208.0
Violent Offenses,Columbia Shuswap,RCMP Municipal,Revelstoke Mun,2009,119.0
Violent Offenses,Columbia Shuswap,RCMP Provincial,Revelstoke Prov,2009,7.0
Violent Offenses,Metro Vancouver,RCMP Municipal,Richmond Mun,2009,1893.0
Violent Offenses,Metro Vancouver,RCMP Provincial,Ridge Meadows Prov,2009,185.0
Violent Offenses,Capital,Independent Municipal,Saanich Mun,2009,933.0
Violent Offenses,Central Kootenay,RCMP Provincial,Salmo Prov,2009,60.0
Violent Offenses,Columbia Shuswap,RCMP Municipal,Salmon Arm Mun,2009,324.0
Violent Offenses,Columbia Shuswap,RCMP Provincial,Salmon Arm Prov,2009,118.0
Violent Offenses,Capital,RCMP Provincial,Saltspring Island Prov,2009,139.0
Violent Offenses,Strathcona,RCMP Provincial,Sayward Prov,2009,13.0
Violent Offenses,Sunshine Coast,RCMP Municipal,Sechelt Mun,2009,173.0
Violent Offenses,Cowichan Valley,RCMP Provincial,Shawnigan Lake Prov,2009,161.0
Violent Offenses,Columbia Shuswap,RCMP Provincial,Sicamous Prov,2009,53.0
Violent Offenses,Capital,RCMP Municipal,Sidney Mun,2009,141.0
Violent Offenses,Capital,RCMP Provincial,Sidney Prov,2009,119.0
Violent Offenses,Central Kootenay,RCMP Provincial,Slocan Lake Prov,2009,29.0
Violent Offenses,Bulkley Nechako,RCMP Municipal,Smithers Mun,2009,252.0
Violent Offenses,Bulkley Nechako,RCMP Provincial,Smithers Prov,2009,150.0
Violent Offenses,Capital,RCMP Municipal,Sooke Mun,2009,179.0
Violent Offenses,Capital,RCMP Provincial,Sooke Prov,2009,61.0
Violent Offenses,Okanagan Similkameen,RCMP Provincial,South Okanagan/Oliver,2009,210.0
Violent Offenses,Okanagan Similkameen,RCMP Provincial,South Okanagan/Osoyoos,2009,135.0
Violent Offenses,North Okanagan,RCMP Municipal,Spallumcheen Mun,2009,NA
Violent Offenses,Squamish Lillooet,RCMP Municipal,Squamish Mun,2009,376.0
Violent Offenses,Squamish Lillooet,RCMP Provincial,Squamish Prov,2009,22.0
Violent Offenses,Kitimat Stikine,RCMP Provincial,Stewart Prov,2009,9.0
Violent Offenses,Squamish Lillooet,First Nations Aboriginal Police Service,Stl'atl'imx FNAPS,2009,176.0
Violent Offenses,Okanagan Similkameen,RCMP Municipal,Summerland Mun,2009,100.0
Violent Offenses,Sunshine Coast,RCMP Provincial,Sunshine Coast Prov,2009,336.0
Violent Offenses,Metro Vancouver,RCMP Municipal,Surrey Mun,2009,8470.0
Violent Offenses,Bulkley Nechako,RCMP Provincial,Takla Landing Prov,2009,28.0
Violent Offenses,Kitimat Stikine,RCMP Municipal,Terrace Mun,2009,475.0
Violent Offenses,Kitimat Stikine,RCMP Provincial,Terrace Prov,2009,171.0
Violent Offenses,Powell River,RCMP Provincial,Texada Island Prov,2009,6.0
Violent Offenses,Thompson Nicola,RCMP Provincial,T'Kumlups Prov,2009,162.0
Violent Offenses,Alberni Clayoquot,RCMP Provincial,Tofino Prov,2009,155.0
Violent Offenses,Kootenay Boundary,RCMP Municipal,Trail Mun,2009,176.0
Violent Offenses,Kootenay Boundary,RCMP Provincial,Trail and Greater District,2009,119.0
Violent Offenses,Fraser Fort George,RCMP Provincial,Tsay Keh Dene Prov,2009,103.0
Violent Offenses,Peace River,RCMP Provincial,Tumbler Ridge Prov,2009,75.0
Violent Offenses,Alberni Clayoquot,RCMP Provincial,Ucluelet Prov,2009,80.0
Violent Offenses,Metro Vancouver,RCMP Provincial,University Prov,2009,120.0
Violent Offenses,Fraser Fort George,RCMP Provincial,Valemount Prov,2009,55.0
Violent Offenses,Metro Vancouver,Independent Municipal,Vancouver Mun,2009,10838.0
Violent Offenses,Bulkley Nechako,RCMP Provincial,Vanderhoof Prov,2009,223.0
Violent Offenses,North Okanagan,RCMP Municipal,Vernon Mun,2009,1012.0
Violent Offenses,North Okanagan,RCMP Provincial,Vernon Prov,2009,127.0
Violent Offenses,Capital,Independent Municipal,Victoria Mun,2009,2562.0
Violent Offenses,Capital,RCMP Municipal,View Royal Mun,2009,137.0
Violent Offenses,Cariboo,RCMP Provincial,Wells Prov,2009,5.0
Violent Offenses,Central Okanagan,RCMP Municipal,West Kelowna Mun,2009,338.0
Violent Offenses,Capital,RCMP Provincial,West Shore Prov,2009,114.0
Violent Offenses,Metro Vancouver,Independent Municipal,West Vancouver Mun,2009,290.0
Violent Offenses,Squamish Lillooet,RCMP Municipal,Whistler Mun,2009,270.0
Violent Offenses,Squamish Lillooet,RCMP Provincial,Whistler Prov,2009,5.0
Violent Offenses,Metro Vancouver,RCMP Municipal,White Rock Mun,2009,184.0
Violent Offenses,Cariboo,RCMP Municipal,Williams Lake Mun,2009,567.0
Violent Offenses,Cariboo,RCMP Provincial,Williams Lake Prov,2009,179.0
Property Offenses,Fraser Valley,Independent Municipal,Abbotsford Mun,2009,6378.0
Property Offenses,Fraser Valley,RCMP Provincial,Agassiz Prov,2009,356.0
Property Offenses,Mount Waddington,RCMP Provincial,Alert Bay Prov,2009,136.0
Property Offenses,Cariboo,RCMP Provincial,Alexis Creek Prov,2009,117.0
Property Offenses,Cariboo,RCMP Provincial,Anahim Lake Prov,2009,66.0
Property Offenses,North Okanagan,RCMP Provincial,Armstrong Prov,2009,321.0
Property Offenses,Thompson Nicola,RCMP Provincial,Ashcroft Prov,2009,198.0
Property Offenses,Kitimat Stikine,RCMP Provincial,Atlin Prov,2009,35.0
Property Offenses,Thompson Nicola,RCMP Provincial,Barriere Prov,2009,92.0
Property Offenses,Central Coast,RCMP Provincial,Bella Bella Prov,2009,149.0
Property Offenses,Central Coast,RCMP Provincial,Bella Coola Prov,2009,91.0
Property Offenses,Fraser Valley,RCMP Provincial,Boston Bar Prov,2009,67.0
Property Offenses,Kootenay Boundary,RCMP Provincial,Boundary/Grand Forks Prov,2009,549.0
Property Offenses,Kootenay Boundary,RCMP Provincial,Boundary/Midway Prov,2009,153.0
Property Offenses,Metro Vancouver,RCMP Provincial,Bowen Island Prov,2009,87.0
Property Offenses,Metro Vancouver,RCMP Municipal,Burnaby Mun,2009,14046.0
Property Offenses,Bulkley Nechako,RCMP Provincial,Burns Lake Prov,2009,528.0
Property Offenses,Strathcona,RCMP Municipal,Campbell River Mun,2009,1964.0
Property Offenses,Strathcona,RCMP Provincial,Campbell River Prov,2009,149.0
Property Offenses,Central Kootenay,RCMP Municipal,Castlegar Mun,2009,516.0
Property Offenses,Central Kootenay,RCMP Provincial,Castlegar Prov,2009,164.0
Property Offenses,Capital,Independent Municipal,Central Saanich Mun,2009,512.0
Property Offenses,Thompson Nicola,RCMP Provincial,Chase Prov,2009,351.0
Property Offenses,Peace River,RCMP Provincial,Chetwynd Prov,2009,309.0
Property Offenses,Fraser Valley,RCMP Municipal,Chilliwack Mun,2009,5817.0
Property Offenses,Fraser Valley,RCMP Provincial,Chilliwack Prov,2009,317.0
Property Offenses,Thompson Nicola,RCMP Provincial,Clearwater Prov,2009,164.0
Property Offenses,Thompson Nicola,RCMP Provincial,Clinton Prov,2009,77.0
Property Offenses,North Okanagan,RCMP Municipal,Coldstream Mun,2009,304.0
Property Offenses,East Kootenay,RCMP Provincial,Columbia Valley Prov,2009,622.0
Property Offenses,Capital,RCMP Municipal,Colwood Mun,2009,581.0
Property Offenses,Comox Valley,RCMP Municipal,Comox Mun,2009,431.0
Property Offenses,Comox Valley,RCMP Provincial,Comox Valley Prov,2009,713.0
Property Offenses,Metro Vancouver,RCMP Municipal,Coquitlam Mun,2009,4864.0
Property Offenses,Metro Vancouver,RCMP Provincial,Coquitlam Prov,2009,69.0
Property Offenses,Comox Valley,RCMP Municipal,Courtenay Mun,2009,1732.0
Property Offenses,East Kootenay,RCMP Municipal,Cranbrook Mun,2009,1146.0
Property Offenses,East Kootenay,RCMP Provincial,Cranbrook Prov,2009,186.0
Property Offenses,Central Kootenay,RCMP Municipal,Creston Mun,2009,NA
Property Offenses,Central Kootenay,RCMP Provincial,Creston Prov,2009,468.0
Property Offenses,Peace River,RCMP Municipal,Dawson Creek Mun,2009,745.0
Property Offenses,Peace River,RCMP Provincial,Dawson Creek Prov,2009,144.0
Property Offenses,Kitimat Stikine,RCMP Provincial,Dease Lake Prov,2009,64.0
Property Offenses,Metro Vancouver,Independent Municipal,Delta Mun,2009,4202.0
Property Offenses,Cowichan Valley,RCMP Provincial,Duncan Prov,2009,1182.0
Property Offenses,East Kootenay,RCMP Provincial,Elk Valley Prov,2009,732.0
Property Offenses,North Okanagan,RCMP Provincial,Enderby Prov,2009,222.0
Property Offenses,Columbia Shuswap,RCMP Provincial,Falkland Prov,2009,94.0
Property Offenses,Bulkley Nechako,RCMP Provincial,Fort St James Prov,2009,562.0
Property Offenses,Peace River,RCMP Municipal,Fort St John Mun,2009,1676.0
Property Offenses,Peace River,RCMP Provincial,Fort St John Prov,2009,348.0
Property Offenses,Bulkley Nechako,RCMP Provincial,Fraser Lake Prov,2009,177.0
Property Offenses,Nanaimo,RCMP Provincial,Gabriola Island Prov,2009,165.0
Property Offenses,Columbia Shuswap,RCMP Provincial,Golden Prov,2009,367.0
Property Offenses,Fraser Valley,RCMP Municipal,Hope Mun,2009,521.0
Property Offenses,Fraser Valley,RCMP Provincial,Hope  Prov,2009,133.0
Property Offenses,Bulkley Nechako,RCMP Provincial,Houston/Granisle Prov,2009,231.0
Property Offenses,Peace River,RCMP Provincial,Hudson's Hope Prov,2009,52.0
Property Offenses,Thompson Nicola,RCMP Municipal,Kamloops Mun,2009,5536.0
Property Offenses,Central Kootenay,RCMP Provincial,Kaslo Prov,2009,73.0
Property Offenses,Central Okanagan,RCMP Municipal,Kelowna Mun,2009,8795.0
Property Offenses,Central Okanagan,RCMP Provincial,Kelowna Prov,2009,951.0
Property Offenses,Fraser Valley,RCMP Municipal,Kent Mun,2009,153.0
Property Offenses,Okanagan Similkameen,RCMP Provincial,Keremeos Prov,2009,230.0
Property Offenses,East Kootenay,RCMP Municipal,Kimberley Mun,2009,267.0
Property Offenses,East Kootenay,RCMP Provincial,Kimberley Prov,2009,38.0
Property Offenses,Kitimat Stikine,RCMP Municipal,Kitimat Mun,2009,465.0
Property Offenses,Kitimat Stikine,RCMP Provincial,Kitimat Prov,2009,19.0
Property Offenses,Cowichan Valley,RCMP Municipal,Ladysmith Mun,2009,470.0
Property Offenses,Cowichan Valley,RCMP Provincial,Ladysmith Prov,2009,220.0
Property Offenses,Central Okanagan,RCMP Municipal,Lake Country Mun,2009,513.0
Property Offenses,Cowichan Valley,RCMP Provincial,Lake Cowichan Prov,2009,360.0
Property Offenses,Capital,RCMP Municipal,Langford Mun,2009,1692.0
Property Offenses,Metro Vancouver,RCMP Municipal,Langley City Mun,2009,2273.0
Property Offenses,Metro Vancouver,RCMP Municipal,Langley Township Mun,2009,5791.0
Property Offenses,Squamish Lillooet,RCMP Provincial,Lillooet Prov,2009,235.0
Property Offenses,Kitimat Stikine,RCMP Provincial,Lisims/Nass Valley Prov,2009,147.0
Property Offenses,Thompson Nicola,RCMP Provincial,Logan Lake Prov,2009,98.0
Property Offenses,North Okanagan,RCMP Provincial,Lumby Prov,2009,197.0
Property Offenses,Thompson Nicola,RCMP Provincial,Lytton Prov,2009,63.0
Property Offenses,Fraser Fort George,RCMP Provincial,Mackenzie Prov,2009,170.0
Property Offenses,Metro Vancouver,RCMP Municipal,Maple Ridge Mun,2009,4471.0
Property Offenses,North Coast Regional District (22),RCMP Provincial,Masset Prov,2009,159.0
Property Offenses,Fraser Fort George,RCMP Provincial,McBride Prov,2009,71.0
Property Offenses,Thompson Nicola,RCMP Municipal,Merritt Mun,2009,782.0
Property Offenses,Thompson Nicola,RCMP Provincial,Merritt Prov,2009,170.0
Property Offenses,Fraser Valley,RCMP Municipal,Mission Mun,2009,2247.0
Property Offenses,Fraser Valley,RCMP Provincial,Mission Prov,2009,224.0
Property Offenses,Central Kootenay,RCMP Provincial,Nakusp Prov,2009,141.0
Property Offenses,Nanaimo,RCMP Municipal,Nanaimo Mun,2009,6691.0
Property Offenses,Nanaimo,RCMP Provincial,Nanaimo Prov,2009,405.0
Property Offenses,Central Kootenay,Independent Municipal,Nelson Mun,2009,665.0
Property Offenses,Central Kootenay,RCMP Provincial,Nelson Prov,2009,183.0
Property Offenses,Kitimat Stikine,RCMP Provincial,New Hazelton Prov,2009,482.0
Property Offenses,Metro Vancouver,Independent Municipal,New Westminster Mun,2009,3788.0
Property Offenses,Strathcona,RCMP Provincial,Nootka Sound Prov,2009,127.0
Property Offenses,Cowichan Valley,RCMP Municipal,North Cowichan Mun,2009,1470.0
Property Offenses,Capital,RCMP Municipal,North Saanich Mun,2009,305.0
Property Offenses,Metro Vancouver,RCMP Municipal,North Vancouver City Mun,2009,2882.0
Property Offenses,Metro Vancouver,RCMP Municipal,North Vancouver District Mun,2009,2696.0
Property Offenses,Metro Vancouver,RCMP Provincial,North Vancouver Prov,2009,238.0
Property Offenses,Northern Rockies,RCMP Municipal,Northern Rockies Mun,2009,NA
Property Offenses,Northern Rockies,RCMP Provincial,Northern Rockies Prov,2009,494.0
Property Offenses,Capital,Independent Municipal,Oak Bay Mun,2009,736.0
Property Offenses,Nanaimo,RCMP Provincial,Oceanside Prov,2009,804.0
Property Offenses,Cariboo,RCMP Provincial,One Hundred Mile House Prov,2009,410.0
Property Offenses,Capital,RCMP Provincial,Outer Gulf  Islands Prov,2009,88.0
Property Offenses,Nanaimo,RCMP Municipal,Parksville Mun,2009,814.0
Property Offenses,Central Okanagan,RCMP Municipal,Peachland Mun,2009,NA
Property Offenses,Squamish Lillooet,RCMP Provincial,Pemberton Prov,2009,191.0
Property Offenses,Okanagan Similkameen,RCMP Municipal,Penticton Mun,2009,2573.0
Property Offenses,Okanagan Similkameen,RCMP Provincial,Penticton Prov,2009,381.0
Property Offenses,Metro Vancouver,RCMP Municipal,Pitt Meadows Mun,2009,815.0
Property Offenses,Alberni Clayoquot,RCMP Municipal,Port Alberni Mun,2009,1388.0
Property Offenses,Alberni Clayoquot,RCMP Provincial,Port Alberni Prov,2009,240.0
Property Offenses,Mount Waddington,RCMP Provincial,Port Alice Prov,2009,64.0
Property Offenses,Metro Vancouver,RCMP Municipal,Port Coquitlam Mun,2009,1906.0
Property Offenses,Mount Waddington,RCMP Provincial,Port Hardy Prov,2009,341.0
Property Offenses,Mount Waddington,RCMP Provincial,Port McNeill Prov,2009,223.0
Property Offenses,Metro Vancouver,Independent Municipal,Port Moody Mun,2009,956.0
Property Offenses,Powell River,RCMP Municipal,Powell River Mun,2009,635.0
Property Offenses,Powell River,RCMP Provincial,Powell River Prov,2009,210.0
Property Offenses,Fraser Fort George,RCMP Municipal,Prince George Mun,2009,6765.0
Property Offenses,Fraser Fort George,RCMP Provincial,Prince George Prov,2009,309.0
Property Offenses,North Coast Regional District (22),RCMP Municipal,Prince Rupert Mun,2009,1316.0
Property Offenses,North Coast Regional District (22),RCMP Provincial,Prince Rupert Prov,2009,76.0
Property Offenses,Okanagan Similkameen,RCMP Provincial,Princeton Prov,2009,228.0
Property Offenses,Strathcona,RCMP Provincial,Quadra Island Prov,2009,85.0
Property Offenses,Nanaimo,RCMP Municipal,Qualicum Beach Mun,2009,374.0
Property Offenses,North Coast Regional District (22),RCMP Provincial,Queen Charlotte Prov,2009,89.0
Property Offenses,Cariboo,RCMP Municipal,Quesnel Mun,2009,1195.0
Property Offenses,Cariboo,RCMP Provincial,Quesnel Prov,2009,388.0
Property Offenses,Columbia Shuswap,RCMP Municipal,Revelstoke Mun,2009,450.0
Property Offenses,Columbia Shuswap,RCMP Provincial,Revelstoke Prov,2009,50.0
Property Offenses,Metro Vancouver,RCMP Municipal,Richmond Mun,2009,8149.0
Property Offenses,Metro Vancouver,RCMP Provincial,Ridge Meadows Prov,2009,783.0
Property Offenses,Capital,Independent Municipal,Saanich Mun,2009,4313.0
Property Offenses,Central Kootenay,RCMP Provincial,Salmo Prov,2009,129.0
Property Offenses,Columbia Shuswap,RCMP Municipal,Salmon Arm Mun,2009,1114.0
Property Offenses,Columbia Shuswap,RCMP Provincial,Salmon Arm Prov,2009,254.0
Property Offenses,Capital,RCMP Provincial,Saltspring Island Prov,2009,260.0
Property Offenses,Strathcona,RCMP Provincial,Sayward Prov,2009,54.0
Property Offenses,Sunshine Coast,RCMP Municipal,Sechelt Mun,2009,419.0
Property Offenses,Cowichan Valley,RCMP Provincial,Shawnigan Lake Prov,2009,627.0
Property Offenses,Columbia Shuswap,RCMP Provincial,Sicamous Prov,2009,294.0
Property Offenses,Capital,RCMP Municipal,Sidney Mun,2009,487.0
Property Offenses,Capital,RCMP Provincial,Sidney Prov,2009,102.0
Property Offenses,Central Kootenay,RCMP Provincial,Slocan Lake Prov,2009,57.0
Property Offenses,Bulkley Nechako,RCMP Municipal,Smithers Mun,2009,476.0
Property Offenses,Bulkley Nechako,RCMP Provincial,Smithers Prov,2009,188.0
Property Offenses,Capital,RCMP Municipal,Sooke Mun,2009,618.0
Property Offenses,Capital,RCMP Provincial,Sooke Prov,2009,292.0
Property Offenses,Okanagan Similkameen,RCMP Provincial,South Okanagan/Oliver,2009,503.0
Property Offenses,Okanagan Similkameen,RCMP Provincial,South Okanagan/Osoyoos,2009,401.0
Property Offenses,North Okanagan,RCMP Municipal,Spallumcheen Mun,2009,NA
Property Offenses,Squamish Lillooet,RCMP Municipal,Squamish Mun,2009,939.0
Property Offenses,Squamish Lillooet,RCMP Provincial,Squamish Prov,2009,58.0
Property Offenses,Kitimat Stikine,RCMP Provincial,Stewart Prov,2009,15.0
Property Offenses,Squamish Lillooet,First Nations Aboriginal Police Service,Stl'atl'imx FNAPS,2009,129.0
Property Offenses,Okanagan Similkameen,RCMP Municipal,Summerland Mun,2009,339.0
Property Offenses,Sunshine Coast,RCMP Provincial,Sunshine Coast Prov,2009,785.0
Property Offenses,Metro Vancouver,RCMP Municipal,Surrey Mun,2009,27119.0
Property Offenses,Bulkley Nechako,RCMP Provincial,Takla Landing Prov,2009,28.0
Property Offenses,Kitimat Stikine,RCMP Municipal,Terrace Mun,2009,968.0
Property Offenses,Kitimat Stikine,RCMP Provincial,Terrace Prov,2009,345.0
Property Offenses,Powell River,RCMP Provincial,Texada Island Prov,2009,44.0
Property Offenses,Thompson Nicola,RCMP Provincial,T'Kumlups Prov,2009,407.0
Property Offenses,Alberni Clayoquot,RCMP Provincial,Tofino Prov,2009,363.0
Property Offenses,Kootenay Boundary,RCMP Municipal,Trail Mun,2009,464.0
Property Offenses,Kootenay Boundary,RCMP Provincial,Trail and Greater District,2009,234.0
Property Offenses,Fraser Fort George,RCMP Provincial,Tsay Keh Dene Prov,2009,92.0
Property Offenses,Peace River,RCMP Provincial,Tumbler Ridge Prov,2009,192.0
Property Offenses,Alberni Clayoquot,RCMP Provincial,Ucluelet Prov,2009,149.0
Property Offenses,Metro Vancouver,RCMP Provincial,University Prov,2009,889.0
Property Offenses,Fraser Fort George,RCMP Provincial,Valemount Prov,2009,110.0
Property Offenses,Metro Vancouver,Independent Municipal,Vancouver Mun,2009,35059.0
Property Offenses,Bulkley Nechako,RCMP Provincial,Vanderhoof Prov,2009,691.0
Property Offenses,North Okanagan,RCMP Municipal,Vernon Mun,2009,2971.0
Property Offenses,North Okanagan,RCMP Provincial,Vernon Prov,2009,409.0
Property Offenses,Capital,Independent Municipal,Victoria Mun,2009,8860.0
Property Offenses,Capital,RCMP Municipal,View Royal Mun,2009,527.0
Property Offenses,Cariboo,RCMP Provincial,Wells Prov,2009,13.0
Property Offenses,Central Okanagan,RCMP Municipal,West Kelowna Mun,2009,1285.0
Property Offenses,Capital,RCMP Provincial,West Shore Prov,2009,316.0
Property Offenses,Metro Vancouver,Independent Municipal,West Vancouver Mun,2009,1756.0
Property Offenses,Squamish Lillooet,RCMP Municipal,Whistler Mun,2009,1088.0
Property Offenses,Squamish Lillooet,RCMP Provincial,Whistler Prov,2009,58.0
Property Offenses,Metro Vancouver,RCMP Municipal,White Rock Mun,2009,758.0
Property Offenses,Cariboo,RCMP Municipal,Williams Lake Mun,2009,1232.0
Property Offenses,Cariboo,RCMP Provincial,Williams Lake Prov,2009,260.0
Other CCC Offenses,Fraser Valley,Independent Municipal,Abbotsford Mun,2009,1112.0
Other CCC Offenses,Fraser Valley,RCMP Provincial,Agassiz Prov,2009,222.0
Other CCC Offenses,Mount Waddington,RCMP Provincial,Alert Bay Prov,2009,69.0
Other CCC Offenses,Cariboo,RCMP Provincial,Alexis Creek Prov,2009,76.0
Other CCC Offenses,Cariboo,RCMP Provincial,Anahim Lake Prov,2009,101.0
Other CCC Offenses,North Okanagan,RCMP Provincial,Armstrong Prov,2009,52.0
Other CCC Offenses,Thompson Nicola,RCMP Provincial,Ashcroft Prov,2009,67.0
Other CCC Offenses,Kitimat Stikine,RCMP Provincial,Atlin Prov,2009,37.0
Other CCC Offenses,Thompson Nicola,RCMP Provincial,Barriere Prov,2009,37.0
Other CCC Offenses,Central Coast,RCMP Provincial,Bella Bella Prov,2009,122.0
Other CCC Offenses,Central Coast,RCMP Provincial,Bella Coola Prov,2009,154.0
Other CCC Offenses,Fraser Valley,RCMP Provincial,Boston Bar Prov,2009,29.0
Other CCC Offenses,Kootenay Boundary,RCMP Provincial,Boundary/Grand Forks Prov,2009,96.0
Other CCC Offenses,Kootenay Boundary,RCMP Provincial,Boundary/Midway Prov,2009,29.0
Other CCC Offenses,Metro Vancouver,RCMP Provincial,Bowen Island Prov,2009,21.0
Other CCC Offenses,Metro Vancouver,RCMP Municipal,Burnaby Mun,2009,1281.0
Other CCC Offenses,Bulkley Nechako,RCMP Provincial,Burns Lake Prov,2009,404.0
Other CCC Offenses,Strathcona,RCMP Municipal,Campbell River Mun,2009,1354.0
Other CCC Offenses,Strathcona,RCMP Provincial,Campbell River Prov,2009,152.0
Other CCC Offenses,Central Kootenay,RCMP Municipal,Castlegar Mun,2009,268.0
Other CCC Offenses,Central Kootenay,RCMP Provincial,Castlegar Prov,2009,57.0
Other CCC Offenses,Capital,Independent Municipal,Central Saanich Mun,2009,68.0
Other CCC Offenses,Thompson Nicola,RCMP Provincial,Chase Prov,2009,136.0
Other CCC Offenses,Peace River,RCMP Provincial,Chetwynd Prov,2009,316.0
Other CCC Offenses,Fraser Valley,RCMP Municipal,Chilliwack Mun,2009,1850.0
Other CCC Offenses,Fraser Valley,RCMP Provincial,Chilliwack Prov,2009,125.0
Other CCC Offenses,Thompson Nicola,RCMP Provincial,Clearwater Prov,2009,66.0
Other CCC Offenses,Thompson Nicola,RCMP Provincial,Clinton Prov,2009,32.0
Other CCC Offenses,North Okanagan,RCMP Municipal,Coldstream Mun,2009,35.0
Other CCC Offenses,East Kootenay,RCMP Provincial,Columbia Valley Prov,2009,123.0
Other CCC Offenses,Capital,RCMP Municipal,Colwood Mun,2009,86.0
Other CCC Offenses,Comox Valley,RCMP Municipal,Comox Mun,2009,148.0
Other CCC Offenses,Comox Valley,RCMP Provincial,Comox Valley Prov,2009,271.0
Other CCC Offenses,Metro Vancouver,RCMP Municipal,Coquitlam Mun,2009,2211.0
Other CCC Offenses,Metro Vancouver,RCMP Provincial,Coquitlam Prov,2009,33.0
Other CCC Offenses,Comox Valley,RCMP Municipal,Courtenay Mun,2009,929.0
Other CCC Offenses,East Kootenay,RCMP Municipal,Cranbrook Mun,2009,505.0
Other CCC Offenses,East Kootenay,RCMP Provincial,Cranbrook Prov,2009,71.0
Other CCC Offenses,Central Kootenay,RCMP Municipal,Creston Mun,2009,NA
Other CCC Offenses,Central Kootenay,RCMP Provincial,Creston Prov,2009,296.0
Other CCC Offenses,Peace River,RCMP Municipal,Dawson Creek Mun,2009,645.0
Other CCC Offenses,Peace River,RCMP Provincial,Dawson Creek Prov,2009,64.0
Other CCC Offenses,Kitimat Stikine,RCMP Provincial,Dease Lake Prov,2009,85.0
Other CCC Offenses,Metro Vancouver,Independent Municipal,Delta Mun,2009,1394.0
Other CCC Offenses,Cowichan Valley,RCMP Provincial,Duncan Prov,2009,454.0
Other CCC Offenses,East Kootenay,RCMP Provincial,Elk Valley Prov,2009,209.0
Other CCC Offenses,North Okanagan,RCMP Provincial,Enderby Prov,2009,98.0
Other CCC Offenses,Columbia Shuswap,RCMP Provincial,Falkland Prov,2009,17.0
Other CCC Offenses,Bulkley Nechako,RCMP Provincial,Fort St James Prov,2009,297.0
Other CCC Offenses,Peace River,RCMP Municipal,Fort St John Mun,2009,1101.0
Other CCC Offenses,Peace River,RCMP Provincial,Fort St John Prov,2009,128.0
Other CCC Offenses,Bulkley Nechako,RCMP Provincial,Fraser Lake Prov,2009,85.0
Other CCC Offenses,Nanaimo,RCMP Provincial,Gabriola Island Prov,2009,28.0
Other CCC Offenses,Columbia Shuswap,RCMP Provincial,Golden Prov,2009,135.0
Other CCC Offenses,Fraser Valley,RCMP Municipal,Hope Mun,2009,286.0
Other CCC Offenses,Fraser Valley,RCMP Provincial,Hope  Prov,2009,44.0
Other CCC Offenses,Bulkley Nechako,RCMP Provincial,Houston/Granisle Prov,2009,184.0
Other CCC Offenses,Peace River,RCMP Provincial,Hudson's Hope Prov,2009,21.0
Other CCC Offenses,Thompson Nicola,RCMP Municipal,Kamloops Mun,2009,2090.0
Other CCC Offenses,Central Kootenay,RCMP Provincial,Kaslo Prov,2009,14.0
Other CCC Offenses,Central Okanagan,RCMP Municipal,Kelowna Mun,2009,3275.0
Other CCC Offenses,Central Okanagan,RCMP Provincial,Kelowna Prov,2009,219.0
Other CCC Offenses,Fraser Valley,RCMP Municipal,Kent Mun,2009,59.0
Other CCC Offenses,Okanagan Similkameen,RCMP Provincial,Keremeos Prov,2009,131.0
Other CCC Offenses,East Kootenay,RCMP Municipal,Kimberley Mun,2009,79.0
Other CCC Offenses,East Kootenay,RCMP Provincial,Kimberley Prov,2009,18.0
Other CCC Offenses,Kitimat Stikine,RCMP Municipal,Kitimat Mun,2009,321.0
Other CCC Offenses,Kitimat Stikine,RCMP Provincial,Kitimat Prov,2009,15.0
Other CCC Offenses,Cowichan Valley,RCMP Municipal,Ladysmith Mun,2009,91.0
Other CCC Offenses,Cowichan Valley,RCMP Provincial,Ladysmith Prov,2009,62.0
Other CCC Offenses,Central Okanagan,RCMP Municipal,Lake Country Mun,2009,91.0
Other CCC Offenses,Cowichan Valley,RCMP Provincial,Lake Cowichan Prov,2009,142.0
Other CCC Offenses,Capital,RCMP Municipal,Langford Mun,2009,275.0
Other CCC Offenses,Metro Vancouver,RCMP Municipal,Langley City Mun,2009,791.0
Other CCC Offenses,Metro Vancouver,RCMP Municipal,Langley Township Mun,2009,972.0
Other CCC Offenses,Squamish Lillooet,RCMP Provincial,Lillooet Prov,2009,216.0
Other CCC Offenses,Kitimat Stikine,RCMP Provincial,Lisims/Nass Valley Prov,2009,204.0
Other CCC Offenses,Thompson Nicola,RCMP Provincial,Logan Lake Prov,2009,29.0
Other CCC Offenses,North Okanagan,RCMP Provincial,Lumby Prov,2009,35.0
Other CCC Offenses,Thompson Nicola,RCMP Provincial,Lytton Prov,2009,55.0
Other CCC Offenses,Fraser Fort George,RCMP Provincial,Mackenzie Prov,2009,77.0
Other CCC Offenses,Metro Vancouver,RCMP Municipal,Maple Ridge Mun,2009,1579.0
Other CCC Offenses,North Coast Regional District (22),RCMP Provincial,Masset Prov,2009,222.0
Other CCC Offenses,Fraser Fort George,RCMP Provincial,McBride Prov,2009,23.0
Other CCC Offenses,Thompson Nicola,RCMP Municipal,Merritt Mun,2009,419.0
Other CCC Offenses,Thompson Nicola,RCMP Provincial,Merritt Prov,2009,80.0
Other CCC Offenses,Fraser Valley,RCMP Municipal,Mission Mun,2009,755.0
Other CCC Offenses,Fraser Valley,RCMP Provincial,Mission Prov,2009,67.0
Other CCC Offenses,Central Kootenay,RCMP Provincial,Nakusp Prov,2009,56.0
Other CCC Offenses,Nanaimo,RCMP Municipal,Nanaimo Mun,2009,2984.0
Other CCC Offenses,Nanaimo,RCMP Provincial,Nanaimo Prov,2009,86.0
Other CCC Offenses,Central Kootenay,Independent Municipal,Nelson Mun,2009,159.0
Other CCC Offenses,Central Kootenay,RCMP Provincial,Nelson Prov,2009,48.0
Other CCC Offenses,Kitimat Stikine,RCMP Provincial,New Hazelton Prov,2009,510.0
Other CCC Offenses,Metro Vancouver,Independent Municipal,New Westminster Mun,2009,1375.0
Other CCC Offenses,Strathcona,RCMP Provincial,Nootka Sound Prov,2009,29.0
Other CCC Offenses,Cowichan Valley,RCMP Municipal,North Cowichan Mun,2009,431.0
Other CCC Offenses,Capital,RCMP Municipal,North Saanich Mun,2009,85.0
Other CCC Offenses,Metro Vancouver,RCMP Municipal,North Vancouver City Mun,2009,1240.0
Other CCC Offenses,Metro Vancouver,RCMP Municipal,North Vancouver District Mun,2009,1051.0
Other CCC Offenses,Metro Vancouver,RCMP Provincial,North Vancouver Prov,2009,116.0
Other CCC Offenses,Northern Rockies,RCMP Municipal,Northern Rockies Mun,2009,NA
Other CCC Offenses,Northern Rockies,RCMP Provincial,Northern Rockies Prov,2009,341.0
Other CCC Offenses,Capital,Independent Municipal,Oak Bay Mun,2009,37.0
Other CCC Offenses,Nanaimo,RCMP Provincial,Oceanside Prov,2009,128.0
Other CCC Offenses,Cariboo,RCMP Provincial,One Hundred Mile House Prov,2009,192.0
Other CCC Offenses,Capital,RCMP Provincial,Outer Gulf  Islands Prov,2009,20.0
Other CCC Offenses,Nanaimo,RCMP Municipal,Parksville Mun,2009,235.0
Other CCC Offenses,Central Okanagan,RCMP Municipal,Peachland Mun,2009,NA
Other CCC Offenses,Squamish Lillooet,RCMP Provincial,Pemberton Prov,2009,99.0
Other CCC Offenses,Okanagan Similkameen,RCMP Municipal,Penticton Mun,2009,1062.0
Other CCC Offenses,Okanagan Similkameen,RCMP Provincial,Penticton Prov,2009,92.0
Other CCC Offenses,Metro Vancouver,RCMP Municipal,Pitt Meadows Mun,2009,401.0
Other CCC Offenses,Alberni Clayoquot,RCMP Municipal,Port Alberni Mun,2009,837.0
Other CCC Offenses,Alberni Clayoquot,RCMP Provincial,Port Alberni Prov,2009,84.0
Other CCC Offenses,Mount Waddington,RCMP Provincial,Port Alice Prov,2009,8.0
Other CCC Offenses,Metro Vancouver,RCMP Municipal,Port Coquitlam Mun,2009,1303.0
Other CCC Offenses,Mount Waddington,RCMP Provincial,Port Hardy Prov,2009,466.0
Other CCC Offenses,Mount Waddington,RCMP Provincial,Port McNeill Prov,2009,85.0
Other CCC Offenses,Metro Vancouver,Independent Municipal,Port Moody Mun,2009,177.0
Other CCC Offenses,Powell River,RCMP Municipal,Powell River Mun,2009,210.0
Other CCC Offenses,Powell River,RCMP Provincial,Powell River Prov,2009,95.0
Other CCC Offenses,Fraser Fort George,RCMP Municipal,Prince George Mun,2009,3158.0
Other CCC Offenses,Fraser Fort George,RCMP Provincial,Prince George Prov,2009,76.0
Other CCC Offenses,North Coast Regional District (22),RCMP Municipal,Prince Rupert Mun,2009,1039.0
Other CCC Offenses,North Coast Regional District (22),RCMP Provincial,Prince Rupert Prov,2009,58.0
Other CCC Offenses,Okanagan Similkameen,RCMP Provincial,Princeton Prov,2009,102.0
Other CCC Offenses,Strathcona,RCMP Provincial,Quadra Island Prov,2009,28.0
Other CCC Offenses,Nanaimo,RCMP Municipal,Qualicum Beach Mun,2009,38.0
Other CCC Offenses,North Coast Regional District (22),RCMP Provincial,Queen Charlotte Prov,2009,25.0
Other CCC Offenses,Cariboo,RCMP Municipal,Quesnel Mun,2009,687.0
Other CCC Offenses,Cariboo,RCMP Provincial,Quesnel Prov,2009,185.0
Other CCC Offenses,Columbia Shuswap,RCMP Municipal,Revelstoke Mun,2009,123.0
Other CCC Offenses,Columbia Shuswap,RCMP Provincial,Revelstoke Prov,2009,4.0
Other CCC Offenses,Metro Vancouver,RCMP Municipal,Richmond Mun,2009,2068.0
Other CCC Offenses,Metro Vancouver,RCMP Provincial,Ridge Meadows Prov,2009,240.0
Other CCC Offenses,Capital,Independent Municipal,Saanich Mun,2009,580.0
Other CCC Offenses,Central Kootenay,RCMP Provincial,Salmo Prov,2009,65.0
Other CCC Offenses,Columbia Shuswap,RCMP Municipal,Salmon Arm Mun,2009,378.0
Other CCC Offenses,Columbia Shuswap,RCMP Provincial,Salmon Arm Prov,2009,86.0
Other CCC Offenses,Capital,RCMP Provincial,Saltspring Island Prov,2009,200.0
Other CCC Offenses,Strathcona,RCMP Provincial,Sayward Prov,2009,12.0
Other CCC Offenses,Sunshine Coast,RCMP Municipal,Sechelt Mun,2009,184.0
Other CCC Offenses,Cowichan Valley,RCMP Provincial,Shawnigan Lake Prov,2009,100.0
Other CCC Offenses,Columbia Shuswap,RCMP Provincial,Sicamous Prov,2009,47.0
Other CCC Offenses,Capital,RCMP Municipal,Sidney Mun,2009,147.0
Other CCC Offenses,Capital,RCMP Provincial,Sidney Prov,2009,135.0
Other CCC Offenses,Central Kootenay,RCMP Provincial,Slocan Lake Prov,2009,21.0
Other CCC Offenses,Bulkley Nechako,RCMP Municipal,Smithers Mun,2009,358.0
Other CCC Offenses,Bulkley Nechako,RCMP Provincial,Smithers Prov,2009,120.0
Other CCC Offenses,Capital,RCMP Municipal,Sooke Mun,2009,181.0
Other CCC Offenses,Capital,RCMP Provincial,Sooke Prov,2009,47.0
Other CCC Offenses,Okanagan Similkameen,RCMP Provincial,South Okanagan/Oliver,2009,169.0
Other CCC Offenses,Okanagan Similkameen,RCMP Provincial,South Okanagan/Osoyoos,2009,189.0
Other CCC Offenses,North Okanagan,RCMP Municipal,Spallumcheen Mun,2009,NA
Other CCC Offenses,Squamish Lillooet,RCMP Municipal,Squamish Mun,2009,412.0
Other CCC Offenses,Squamish Lillooet,RCMP Provincial,Squamish Prov,2009,21.0
Other CCC Offenses,Kitimat Stikine,RCMP Provincial,Stewart Prov,2009,7.0
Other CCC Offenses,Squamish Lillooet,First Nations Aboriginal Police Service,Stl'atl'imx FNAPS,2009,225.0
Other CCC Offenses,Okanagan Similkameen,RCMP Municipal,Summerland Mun,2009,107.0
Other CCC Offenses,Sunshine Coast,RCMP Provincial,Sunshine Coast Prov,2009,336.0
Other CCC Offenses,Metro Vancouver,RCMP Municipal,Surrey Mun,2009,8741.0
Other CCC Offenses,Bulkley Nechako,RCMP Provincial,Takla Landing Prov,2009,68.0
Other CCC Offenses,Kitimat Stikine,RCMP Municipal,Terrace Mun,2009,1178.0
Other CCC Offenses,Kitimat Stikine,RCMP Provincial,Terrace Prov,2009,171.0
Other CCC Offenses,Powell River,RCMP Provincial,Texada Island Prov,2009,2.0
Other CCC Offenses,Thompson Nicola,RCMP Provincial,T'Kumlups Prov,2009,113.0
Other CCC Offenses,Alberni Clayoquot,RCMP Provincial,Tofino Prov,2009,188.0
Other CCC Offenses,Kootenay Boundary,RCMP Municipal,Trail Mun,2009,247.0
Other CCC Offenses,Kootenay Boundary,RCMP Provincial,Trail and Greater District,2009,149.0
Other CCC Offenses,Fraser Fort George,RCMP Provincial,Tsay Keh Dene Prov,2009,97.0
Other CCC Offenses,Peace River,RCMP Provincial,Tumbler Ridge Prov,2009,96.0
Other CCC Offenses,Alberni Clayoquot,RCMP Provincial,Ucluelet Prov,2009,91.0
Other CCC Offenses,Metro Vancouver,RCMP Provincial,University Prov,2009,163.0
Other CCC Offenses,Fraser Fort George,RCMP Provincial,Valemount Prov,2009,42.0
Other CCC Offenses,Metro Vancouver,Independent Municipal,Vancouver Mun,2009,5882.0
Other CCC Offenses,Bulkley Nechako,RCMP Provincial,Vanderhoof Prov,2009,386.0
Other CCC Offenses,North Okanagan,RCMP Municipal,Vernon Mun,2009,878.0
Other CCC Offenses,North Okanagan,RCMP Provincial,Vernon Prov,2009,61.0
Other CCC Offenses,Capital,Independent Municipal,Victoria Mun,2009,1953.0
Other CCC Offenses,Capital,RCMP Municipal,View Royal Mun,2009,105.0
Other CCC Offenses,Cariboo,RCMP Provincial,Wells Prov,2009,8.0
Other CCC Offenses,Central Okanagan,RCMP Municipal,West Kelowna Mun,2009,294.0
Other CCC Offenses,Capital,RCMP Provincial,West Shore Prov,2009,58.0
Other CCC Offenses,Metro Vancouver,Independent Municipal,West Vancouver Mun,2009,210.0
Other CCC Offenses,Squamish Lillooet,RCMP Municipal,Whistler Mun,2009,381.0
Other CCC Offenses,Squamish Lillooet,RCMP Provincial,Whistler Prov,2009,4.0
Other CCC Offenses,Metro Vancouver,RCMP Municipal,White Rock Mun,2009,234.0
Other CCC Offenses,Cariboo,RCMP Municipal,Williams Lake Mun,2009,998.0
Other CCC Offenses,Cariboo,RCMP Provincial,Williams Lake Prov,2009,130.0
Homicide,Fraser Valley,Independent Municipal,Abbotsford Mun,2009,9.0
Homicide,Fraser Valley,RCMP Provincial,Agassiz Prov,2009,1.0
Homicide,Mount Waddington,RCMP Provincial,Alert Bay Prov,2009,0.0
Homicide,Cariboo,RCMP Provincial,Alexis Creek Prov,2009,0.0
Homicide,Cariboo,RCMP Provincial,Anahim Lake Prov,2009,0.0
Homicide,North Okanagan,RCMP Provincial,Armstrong Prov,2009,0.0
Homicide,Thompson Nicola,RCMP Provincial,Ashcroft Prov,2009,0.0
Homicide,Kitimat Stikine,RCMP Provincial,Atlin Prov,2009,0.0
Homicide,Thompson Nicola,RCMP Provincial,Barriere Prov,2009,2.0
Homicide,Central Coast,RCMP Provincial,Bella Bella Prov,2009,0.0
Homicide,Central Coast,RCMP Provincial,Bella Coola Prov,2009,0.0
Homicide,Fraser Valley,RCMP Provincial,Boston Bar Prov,2009,0.0
Homicide,Kootenay Boundary,RCMP Provincial,Boundary/Grand Forks Prov,2009,1.0
Homicide,Kootenay Boundary,RCMP Provincial,Boundary/Midway Prov,2009,0.0
Homicide,Metro Vancouver,RCMP Provincial,Bowen Island Prov,2009,0.0
Homicide,Metro Vancouver,RCMP Municipal,Burnaby Mun,2009,7.0
Homicide,Bulkley Nechako,RCMP Provincial,Burns Lake Prov,2009,0.0
Homicide,Strathcona,RCMP Municipal,Campbell River Mun,2009,0.0
Homicide,Strathcona,RCMP Provincial,Campbell River Prov,2009,0.0
Homicide,Central Kootenay,RCMP Municipal,Castlegar Mun,2009,0.0
Homicide,Central Kootenay,RCMP Provincial,Castlegar Prov,2009,0.0
Homicide,Capital,Independent Municipal,Central Saanich Mun,2009,0.0
Homicide,Thompson Nicola,RCMP Provincial,Chase Prov,2009,0.0
Homicide,Peace River,RCMP Provincial,Chetwynd Prov,2009,0.0
Homicide,Fraser Valley,RCMP Municipal,Chilliwack Mun,2009,1.0
Homicide,Fraser Valley,RCMP Provincial,Chilliwack Prov,2009,1.0
Homicide,Thompson Nicola,RCMP Provincial,Clearwater Prov,2009,0.0
Homicide,Thompson Nicola,RCMP Provincial,Clinton Prov,2009,0.0
Homicide,North Okanagan,RCMP Municipal,Coldstream Mun,2009,0.0
Homicide,East Kootenay,RCMP Provincial,Columbia Valley Prov,2009,0.0
Homicide,Capital,RCMP Municipal,Colwood Mun,2009,0.0
Homicide,Comox Valley,RCMP Municipal,Comox Mun,2009,0.0
Homicide,Comox Valley,RCMP Provincial,Comox Valley Prov,2009,1.0
Homicide,Metro Vancouver,RCMP Municipal,Coquitlam Mun,2009,2.0
Homicide,Metro Vancouver,RCMP Provincial,Coquitlam Prov,2009,0.0
Homicide,Comox Valley,RCMP Municipal,Courtenay Mun,2009,1.0
Homicide,East Kootenay,RCMP Municipal,Cranbrook Mun,2009,0.0
Homicide,East Kootenay,RCMP Provincial,Cranbrook Prov,2009,0.0
Homicide,Central Kootenay,RCMP Municipal,Creston Mun,2009,NA
Homicide,Central Kootenay,RCMP Provincial,Creston Prov,2009,1.0
Homicide,Peace River,RCMP Municipal,Dawson Creek Mun,2009,0.0
Homicide,Peace River,RCMP Provincial,Dawson Creek Prov,2009,0.0
Homicide,Kitimat Stikine,RCMP Provincial,Dease Lake Prov,2009,0.0
Homicide,Metro Vancouver,Independent Municipal,Delta Mun,2009,1.0
Homicide,Cowichan Valley,RCMP Provincial,Duncan Prov,2009,0.0
Homicide,East Kootenay,RCMP Provincial,Elk Valley Prov,2009,0.0
Homicide,North Okanagan,RCMP Provincial,Enderby Prov,2009,0.0
Homicide,Columbia Shuswap,RCMP Provincial,Falkland Prov,2009,0.0
Homicide,Bulkley Nechako,RCMP Provincial,Fort St James Prov,2009,0.0
Homicide,Peace River,RCMP Municipal,Fort St John Mun,2009,0.0
Homicide,Peace River,RCMP Provincial,Fort St John Prov,2009,1.0
Homicide,Bulkley Nechako,RCMP Provincial,Fraser Lake Prov,2009,1.0
Homicide,Nanaimo,RCMP Provincial,Gabriola Island Prov,2009,0.0
Homicide,Columbia Shuswap,RCMP Provincial,Golden Prov,2009,0.0
Homicide,Fraser Valley,RCMP Municipal,Hope Mun,2009,0.0
Homicide,Fraser Valley,RCMP Provincial,Hope  Prov,2009,0.0
Homicide,Bulkley Nechako,RCMP Provincial,Houston/Granisle Prov,2009,1.0
Homicide,Peace River,RCMP Provincial,Hudson's Hope Prov,2009,0.0
Homicide,Thompson Nicola,RCMP Municipal,Kamloops Mun,2009,1.0
Homicide,Central Kootenay,RCMP Provincial,Kaslo Prov,2009,0.0
Homicide,Central Okanagan,RCMP Municipal,Kelowna Mun,2009,3.0
Homicide,Central Okanagan,RCMP Provincial,Kelowna Prov,2009,0.0
Homicide,Fraser Valley,RCMP Municipal,Kent Mun,2009,0.0
Homicide,Okanagan Similkameen,RCMP Provincial,Keremeos Prov,2009,0.0
Homicide,East Kootenay,RCMP Municipal,Kimberley Mun,2009,0.0
Homicide,East Kootenay,RCMP Provincial,Kimberley Prov,2009,0.0
Homicide,Kitimat Stikine,RCMP Municipal,Kitimat Mun,2009,1.0
Homicide,Kitimat Stikine,RCMP Provincial,Kitimat Prov,2009,0.0
Homicide,Cowichan Valley,RCMP Municipal,Ladysmith Mun,2009,0.0
Homicide,Cowichan Valley,RCMP Provincial,Ladysmith Prov,2009,0.0
Homicide,Central Okanagan,RCMP Municipal,Lake Country Mun,2009,0.0
Homicide,Cowichan Valley,RCMP Provincial,Lake Cowichan Prov,2009,0.0
Homicide,Capital,RCMP Municipal,Langford Mun,2009,0.0
Homicide,Metro Vancouver,RCMP Municipal,Langley City Mun,2009,1.0
Homicide,Metro Vancouver,RCMP Municipal,Langley Township Mun,2009,3.0
Homicide,Squamish Lillooet,RCMP Provincial,Lillooet Prov,2009,0.0
Homicide,Kitimat Stikine,RCMP Provincial,Lisims/Nass Valley Prov,2009,0.0
Homicide,Thompson Nicola,RCMP Provincial,Logan Lake Prov,2009,0.0
Homicide,North Okanagan,RCMP Provincial,Lumby Prov,2009,0.0
Homicide,Thompson Nicola,RCMP Provincial,Lytton Prov,2009,0.0
Homicide,Fraser Fort George,RCMP Provincial,Mackenzie Prov,2009,0.0
Homicide,Metro Vancouver,RCMP Municipal,Maple Ridge Mun,2009,1.0
Homicide,North Coast Regional District (22),RCMP Provincial,Masset Prov,2009,0.0
Homicide,Fraser Fort George,RCMP Provincial,McBride Prov,2009,0.0
Homicide,Thompson Nicola,RCMP Municipal,Merritt Mun,2009,1.0
Homicide,Thompson Nicola,RCMP Provincial,Merritt Prov,2009,0.0
Homicide,Fraser Valley,RCMP Municipal,Mission Mun,2009,0.0
Homicide,Fraser Valley,RCMP Provincial,Mission Prov,2009,2.0
Homicide,Central Kootenay,RCMP Provincial,Nakusp Prov,2009,1.0
Homicide,Nanaimo,RCMP Municipal,Nanaimo Mun,2009,0.0
Homicide,Nanaimo,RCMP Provincial,Nanaimo Prov,2009,0.0
Homicide,Central Kootenay,Independent Municipal,Nelson Mun,2009,0.0
Homicide,Central Kootenay,RCMP Provincial,Nelson Prov,2009,0.0
Homicide,Kitimat Stikine,RCMP Provincial,New Hazelton Prov,2009,1.0
Homicide,Metro Vancouver,Independent Municipal,New Westminster Mun,2009,0.0
Homicide,Strathcona,RCMP Provincial,Nootka Sound Prov,2009,0.0
Homicide,Cowichan Valley,RCMP Municipal,North Cowichan Mun,2009,0.0
Homicide,Capital,RCMP Municipal,North Saanich Mun,2009,0.0
Homicide,Metro Vancouver,RCMP Municipal,North Vancouver City Mun,2009,0.0
Homicide,Metro Vancouver,RCMP Municipal,North Vancouver District Mun,2009,1.0
Homicide,Metro Vancouver,RCMP Provincial,North Vancouver Prov,2009,0.0
Homicide,Northern Rockies,RCMP Municipal,Northern Rockies Mun,2009,NA
Homicide,Northern Rockies,RCMP Provincial,Northern Rockies Prov,2009,0.0
Homicide,Capital,Independent Municipal,Oak Bay Mun,2009,0.0
Homicide,Nanaimo,RCMP Provincial,Oceanside Prov,2009,0.0
Homicide,Cariboo,RCMP Provincial,One Hundred Mile House Prov,2009,1.0
Homicide,Capital,RCMP Provincial,Outer Gulf  Islands Prov,2009,0.0
Homicide,Nanaimo,RCMP Municipal,Parksville Mun,2009,1.0
Homicide,Central Okanagan,RCMP Municipal,Peachland Mun,2009,NA
Homicide,Squamish Lillooet,RCMP Provincial,Pemberton Prov,2009,0.0
Homicide,Okanagan Similkameen,RCMP Municipal,Penticton Mun,2009,2.0
Homicide,Okanagan Similkameen,RCMP Provincial,Penticton Prov,2009,0.0
Homicide,Metro Vancouver,RCMP Municipal,Pitt Meadows Mun,2009,0.0
Homicide,Alberni Clayoquot,RCMP Municipal,Port Alberni Mun,2009,0.0
Homicide,Alberni Clayoquot,RCMP Provincial,Port Alberni Prov,2009,1.0
Homicide,Mount Waddington,RCMP Provincial,Port Alice Prov,2009,0.0
Homicide,Metro Vancouver,RCMP Municipal,Port Coquitlam Mun,2009,0.0
Homicide,Mount Waddington,RCMP Provincial,Port Hardy Prov,2009,0.0
Homicide,Mount Waddington,RCMP Provincial,Port McNeill Prov,2009,1.0
Homicide,Metro Vancouver,Independent Municipal,Port Moody Mun,2009,0.0
Homicide,Powell River,RCMP Municipal,Powell River Mun,2009,0.0
Homicide,Powell River,RCMP Provincial,Powell River Prov,2009,1.0
Homicide,Fraser Fort George,RCMP Municipal,Prince George Mun,2009,3.0
Homicide,Fraser Fort George,RCMP Provincial,Prince George Prov,2009,0.0
Homicide,North Coast Regional District (22),RCMP Municipal,Prince Rupert Mun,2009,2.0
Homicide,North Coast Regional District (22),RCMP Provincial,Prince Rupert Prov,2009,0.0
Homicide,Okanagan Similkameen,RCMP Provincial,Princeton Prov,2009,0.0
Homicide,Strathcona,RCMP Provincial,Quadra Island Prov,2009,0.0
Homicide,Nanaimo,RCMP Municipal,Qualicum Beach Mun,2009,0.0
Homicide,North Coast Regional District (22),RCMP Provincial,Queen Charlotte Prov,2009,0.0
Homicide,Cariboo,RCMP Municipal,Quesnel Mun,2009,2.0
Homicide,Cariboo,RCMP Provincial,Quesnel Prov,2009,0.0
Homicide,Columbia Shuswap,RCMP Municipal,Revelstoke Mun,2009,0.0
Homicide,Columbia Shuswap,RCMP Provincial,Revelstoke Prov,2009,0.0
Homicide,Metro Vancouver,RCMP Municipal,Richmond Mun,2009,5.0
Homicide,Metro Vancouver,RCMP Provincial,Ridge Meadows Prov,2009,4.0
Homicide,Capital,Independent Municipal,Saanich Mun,2009,0.0
Homicide,Central Kootenay,RCMP Provincial,Salmo Prov,2009,0.0
Homicide,Columbia Shuswap,RCMP Municipal,Salmon Arm Mun,2009,0.0
Homicide,Columbia Shuswap,RCMP Provincial,Salmon Arm Prov,2009,0.0
Homicide,Capital,RCMP Provincial,Saltspring Island Prov,2009,0.0
Homicide,Strathcona,RCMP Provincial,Sayward Prov,2009,0.0
Homicide,Sunshine Coast,RCMP Municipal,Sechelt Mun,2009,0.0
Homicide,Cowichan Valley,RCMP Provincial,Shawnigan Lake Prov,2009,0.0
Homicide,Columbia Shuswap,RCMP Provincial,Sicamous Prov,2009,0.0
Homicide,Capital,RCMP Municipal,Sidney Mun,2009,0.0
Homicide,Capital,RCMP Provincial,Sidney Prov,2009,0.0
Homicide,Central Kootenay,RCMP Provincial,Slocan Lake Prov,2009,0.0
Homicide,Bulkley Nechako,RCMP Municipal,Smithers Mun,2009,0.0
Homicide,Bulkley Nechako,RCMP Provincial,Smithers Prov,2009,0.0
Homicide,Capital,RCMP Municipal,Sooke Mun,2009,0.0
Homicide,Capital,RCMP Provincial,Sooke Prov,2009,0.0
Homicide,Okanagan Similkameen,RCMP Provincial,South Okanagan/Oliver,2009,0.0
Homicide,Okanagan Similkameen,RCMP Provincial,South Okanagan/Osoyoos,2009,0.0
Homicide,North Okanagan,RCMP Municipal,Spallumcheen Mun,2009,NA
Homicide,Squamish Lillooet,RCMP Municipal,Squamish Mun,2009,0.0
Homicide,Squamish Lillooet,RCMP Provincial,Squamish Prov,2009,0.0
Homicide,Kitimat Stikine,RCMP Provincial,Stewart Prov,2009,0.0
Homicide,Squamish Lillooet,First Nations Aboriginal Police Service,Stl'atl'imx FNAPS,2009,0.0
Homicide,Okanagan Similkameen,RCMP Municipal,Summerland Mun,2009,0.0
Homicide,Sunshine Coast,RCMP Provincial,Sunshine Coast Prov,2009,1.0
Homicide,Metro Vancouver,RCMP Municipal,Surrey Mun,2009,20.0
Homicide,Bulkley Nechako,RCMP Provincial,Takla Landing Prov,2009,0.0
Homicide,Kitimat Stikine,RCMP Municipal,Terrace Mun,2009,0.0
Homicide,Kitimat Stikine,RCMP Provincial,Terrace Prov,2009,1.0
Homicide,Powell River,RCMP Provincial,Texada Island Prov,2009,0.0
Homicide,Thompson Nicola,RCMP Provincial,T'Kumlups Prov,2009,1.0
Homicide,Alberni Clayoquot,RCMP Provincial,Tofino Prov,2009,0.0
Homicide,Kootenay Boundary,RCMP Municipal,Trail Mun,2009,0.0
Homicide,Kootenay Boundary,RCMP Provincial,Trail and Greater District,2009,0.0
Homicide,Fraser Fort George,RCMP Provincial,Tsay Keh Dene Prov,2009,0.0
Homicide,Peace River,RCMP Provincial,Tumbler Ridge Prov,2009,0.0
Homicide,Alberni Clayoquot,RCMP Provincial,Ucluelet Prov,2009,0.0
Homicide,Metro Vancouver,RCMP Provincial,University Prov,2009,1.0
Homicide,Fraser Fort George,RCMP Provincial,Valemount Prov,2009,0.0
Homicide,Metro Vancouver,Independent Municipal,Vancouver Mun,2009,18.0
Homicide,Bulkley Nechako,RCMP Provincial,Vanderhoof Prov,2009,0.0
Homicide,North Okanagan,RCMP Municipal,Vernon Mun,2009,0.0
Homicide,North Okanagan,RCMP Provincial,Vernon Prov,2009,1.0
Homicide,Capital,Independent Municipal,Victoria Mun,2009,3.0
Homicide,Capital,RCMP Municipal,View Royal Mun,2009,0.0
Homicide,Cariboo,RCMP Provincial,Wells Prov,2009,0.0
Homicide,Central Okanagan,RCMP Municipal,West Kelowna Mun,2009,0.0
Homicide,Capital,RCMP Provincial,West Shore Prov,2009,0.0
Homicide,Metro Vancouver,Independent Municipal,West Vancouver Mun,2009,1.0
Homicide,Squamish Lillooet,RCMP Municipal,Whistler Mun,2009,0.0
Homicide,Squamish Lillooet,RCMP Provincial,Whistler Prov,2009,0.0
Homicide,Metro Vancouver,RCMP Municipal,White Rock Mun,2009,0.0
Homicide,Cariboo,RCMP Municipal,Williams Lake Mun,2009,1.0
Homicide,Cariboo,RCMP Provincial,Williams Lake Prov,2009,0.0
Motor Vehicle Theft,Fraser Valley,Independent Municipal,Abbotsford Mun,2009,784.0
Motor Vehicle Theft,Fraser Valley,RCMP Provincial,Agassiz Prov,2009,33.0
Motor Vehicle Theft,Mount Waddington,RCMP Provincial,Alert Bay Prov,2009,0.0
Motor Vehicle Theft,Cariboo,RCMP Provincial,Alexis Creek Prov,2009,8.0
Motor Vehicle Theft,Cariboo,RCMP Provincial,Anahim Lake Prov,2009,2.0
Motor Vehicle Theft,North Okanagan,RCMP Provincial,Armstrong Prov,2009,44.0
Motor Vehicle Theft,Thompson Nicola,RCMP Provincial,Ashcroft Prov,2009,26.0
Motor Vehicle Theft,Kitimat Stikine,RCMP Provincial,Atlin Prov,2009,2.0
Motor Vehicle Theft,Thompson Nicola,RCMP Provincial,Barriere Prov,2009,3.0
Motor Vehicle Theft,Central Coast,RCMP Provincial,Bella Bella Prov,2009,1.0
Motor Vehicle Theft,Central Coast,RCMP Provincial,Bella Coola Prov,2009,11.0
Motor Vehicle Theft,Fraser Valley,RCMP Provincial,Boston Bar Prov,2009,3.0
Motor Vehicle Theft,Kootenay Boundary,RCMP Provincial,Boundary/Grand Forks Prov,2009,47.0
Motor Vehicle Theft,Kootenay Boundary,RCMP Provincial,Boundary/Midway Prov,2009,14.0
Motor Vehicle Theft,Metro Vancouver,RCMP Provincial,Bowen Island Prov,2009,4.0
Motor Vehicle Theft,Metro Vancouver,RCMP Municipal,Burnaby Mun,2009,1157.0
Motor Vehicle Theft,Bulkley Nechako,RCMP Provincial,Burns Lake Prov,2009,13.0
Motor Vehicle Theft,Strathcona,RCMP Municipal,Campbell River Mun,2009,58.0
Motor Vehicle Theft,Strathcona,RCMP Provincial,Campbell River Prov,2009,6.0
Motor Vehicle Theft,Central Kootenay,RCMP Municipal,Castlegar Mun,2009,24.0
Motor Vehicle Theft,Central Kootenay,RCMP Provincial,Castlegar Prov,2009,22.0
Motor Vehicle Theft,Capital,Independent Municipal,Central Saanich Mun,2009,7.0
Motor Vehicle Theft,Thompson Nicola,RCMP Provincial,Chase Prov,2009,30.0
Motor Vehicle Theft,Peace River,RCMP Provincial,Chetwynd Prov,2009,35.0
Motor Vehicle Theft,Fraser Valley,RCMP Municipal,Chilliwack Mun,2009,497.0
Motor Vehicle Theft,Fraser Valley,RCMP Provincial,Chilliwack Prov,2009,36.0
Motor Vehicle Theft,Thompson Nicola,RCMP Provincial,Clearwater Prov,2009,13.0
Motor Vehicle Theft,Thompson Nicola,RCMP Provincial,Clinton Prov,2009,2.0
Motor Vehicle Theft,North Okanagan,RCMP Municipal,Coldstream Mun,2009,50.0
Motor Vehicle Theft,East Kootenay,RCMP Provincial,Columbia Valley Prov,2009,38.0
Motor Vehicle Theft,Capital,RCMP Municipal,Colwood Mun,2009,40.0
Motor Vehicle Theft,Comox Valley,RCMP Municipal,Comox Mun,2009,14.0
Motor Vehicle Theft,Comox Valley,RCMP Provincial,Comox Valley Prov,2009,53.0
Motor Vehicle Theft,Metro Vancouver,RCMP Municipal,Coquitlam Mun,2009,432.0
Motor Vehicle Theft,Metro Vancouver,RCMP Provincial,Coquitlam Prov,2009,4.0
Motor Vehicle Theft,Comox Valley,RCMP Municipal,Courtenay Mun,2009,54.0
Motor Vehicle Theft,East Kootenay,RCMP Municipal,Cranbrook Mun,2009,35.0
Motor Vehicle Theft,East Kootenay,RCMP Provincial,Cranbrook Prov,2009,19.0
Motor Vehicle Theft,Central Kootenay,RCMP Municipal,Creston Mun,2009,NA
Motor Vehicle Theft,Central Kootenay,RCMP Provincial,Creston Prov,2009,26.0
Motor Vehicle Theft,Peace River,RCMP Municipal,Dawson Creek Mun,2009,63.0
Motor Vehicle Theft,Peace River,RCMP Provincial,Dawson Creek Prov,2009,20.0
Motor Vehicle Theft,Kitimat Stikine,RCMP Provincial,Dease Lake Prov,2009,2.0
Motor Vehicle Theft,Metro Vancouver,Independent Municipal,Delta Mun,2009,329.0
Motor Vehicle Theft,Cowichan Valley,RCMP Provincial,Duncan Prov,2009,52.0
Motor Vehicle Theft,East Kootenay,RCMP Provincial,Elk Valley Prov,2009,35.0
Motor Vehicle Theft,North Okanagan,RCMP Provincial,Enderby Prov,2009,20.0
Motor Vehicle Theft,Columbia Shuswap,RCMP Provincial,Falkland Prov,2009,7.0
Motor Vehicle Theft,Bulkley Nechako,RCMP Provincial,Fort St James Prov,2009,15.0
Motor Vehicle Theft,Peace River,RCMP Municipal,Fort St John Mun,2009,193.0
Motor Vehicle Theft,Peace River,RCMP Provincial,Fort St John Prov,2009,52.0
Motor Vehicle Theft,Bulkley Nechako,RCMP Provincial,Fraser Lake Prov,2009,15.0
Motor Vehicle Theft,Nanaimo,RCMP Provincial,Gabriola Island Prov,2009,6.0
Motor Vehicle Theft,Columbia Shuswap,RCMP Provincial,Golden Prov,2009,24.0
Motor Vehicle Theft,Fraser Valley,RCMP Municipal,Hope Mun,2009,40.0
Motor Vehicle Theft,Fraser Valley,RCMP Provincial,Hope  Prov,2009,8.0
Motor Vehicle Theft,Bulkley Nechako,RCMP Provincial,Houston/Granisle Prov,2009,11.0
Motor Vehicle Theft,Peace River,RCMP Provincial,Hudson's Hope Prov,2009,3.0
Motor Vehicle Theft,Thompson Nicola,RCMP Municipal,Kamloops Mun,2009,318.0
Motor Vehicle Theft,Central Kootenay,RCMP Provincial,Kaslo Prov,2009,5.0
Motor Vehicle Theft,Central Okanagan,RCMP Municipal,Kelowna Mun,2009,884.0
Motor Vehicle Theft,Central Okanagan,RCMP Provincial,Kelowna Prov,2009,83.0
Motor Vehicle Theft,Fraser Valley,RCMP Municipal,Kent Mun,2009,17.0
Motor Vehicle Theft,Okanagan Similkameen,RCMP Provincial,Keremeos Prov,2009,18.0
Motor Vehicle Theft,East Kootenay,RCMP Municipal,Kimberley Mun,2009,4.0
Motor Vehicle Theft,East Kootenay,RCMP Provincial,Kimberley Prov,2009,1.0
Motor Vehicle Theft,Kitimat Stikine,RCMP Municipal,Kitimat Mun,2009,12.0
Motor Vehicle Theft,Kitimat Stikine,RCMP Provincial,Kitimat Prov,2009,0.0
Motor Vehicle Theft,Cowichan Valley,RCMP Municipal,Ladysmith Mun,2009,15.0
Motor Vehicle Theft,Cowichan Valley,RCMP Provincial,Ladysmith Prov,2009,13.0
Motor Vehicle Theft,Central Okanagan,RCMP Municipal,Lake Country Mun,2009,68.0
Motor Vehicle Theft,Cowichan Valley,RCMP Provincial,Lake Cowichan Prov,2009,23.0
Motor Vehicle Theft,Capital,RCMP Municipal,Langford Mun,2009,119.0
Motor Vehicle Theft,Metro Vancouver,RCMP Municipal,Langley City Mun,2009,303.0
Motor Vehicle Theft,Metro Vancouver,RCMP Municipal,Langley Township Mun,2009,677.0
Motor Vehicle Theft,Squamish Lillooet,RCMP Provincial,Lillooet Prov,2009,12.0
Motor Vehicle Theft,Kitimat Stikine,RCMP Provincial,Lisims/Nass Valley Prov,2009,3.0
Motor Vehicle Theft,Thompson Nicola,RCMP Provincial,Logan Lake Prov,2009,1.0
Motor Vehicle Theft,North Okanagan,RCMP Provincial,Lumby Prov,2009,16.0
Motor Vehicle Theft,Thompson Nicola,RCMP Provincial,Lytton Prov,2009,2.0
Motor Vehicle Theft,Fraser Fort George,RCMP Provincial,Mackenzie Prov,2009,8.0
Motor Vehicle Theft,Metro Vancouver,RCMP Municipal,Maple Ridge Mun,2009,417.0
Motor Vehicle Theft,North Coast Regional District (22),RCMP Provincial,Masset Prov,2009,7.0
Motor Vehicle Theft,Fraser Fort George,RCMP Provincial,McBride Prov,2009,2.0
Motor Vehicle Theft,Thompson Nicola,RCMP Municipal,Merritt Mun,2009,63.0
Motor Vehicle Theft,Thompson Nicola,RCMP Provincial,Merritt Prov,2009,26.0
Motor Vehicle Theft,Fraser Valley,RCMP Municipal,Mission Mun,2009,289.0
Motor Vehicle Theft,Fraser Valley,RCMP Provincial,Mission Prov,2009,26.0
Motor Vehicle Theft,Central Kootenay,RCMP Provincial,Nakusp Prov,2009,1.0
Motor Vehicle Theft,Nanaimo,RCMP Municipal,Nanaimo Mun,2009,400.0
Motor Vehicle Theft,Nanaimo,RCMP Provincial,Nanaimo Prov,2009,24.0
Motor Vehicle Theft,Central Kootenay,Independent Municipal,Nelson Mun,2009,16.0
Motor Vehicle Theft,Central Kootenay,RCMP Provincial,Nelson Prov,2009,5.0
Motor Vehicle Theft,Kitimat Stikine,RCMP Provincial,New Hazelton Prov,2009,20.0
Motor Vehicle Theft,Metro Vancouver,Independent Municipal,New Westminster Mun,2009,419.0
Motor Vehicle Theft,Strathcona,RCMP Provincial,Nootka Sound Prov,2009,4.0
Motor Vehicle Theft,Cowichan Valley,RCMP Municipal,North Cowichan Mun,2009,84.0
Motor Vehicle Theft,Capital,RCMP Municipal,North Saanich Mun,2009,15.0
Motor Vehicle Theft,Metro Vancouver,RCMP Municipal,North Vancouver City Mun,2009,117.0
Motor Vehicle Theft,Metro Vancouver,RCMP Municipal,North Vancouver District Mun,2009,144.0
Motor Vehicle Theft,Metro Vancouver,RCMP Provincial,North Vancouver Prov,2009,14.0
Motor Vehicle Theft,Northern Rockies,RCMP Municipal,Northern Rockies Mun,2009,NA
Motor Vehicle Theft,Northern Rockies,RCMP Provincial,Northern Rockies Prov,2009,64.0
Motor Vehicle Theft,Capital,Independent Municipal,Oak Bay Mun,2009,19.0
Motor Vehicle Theft,Nanaimo,RCMP Provincial,Oceanside Prov,2009,53.0
Motor Vehicle Theft,Cariboo,RCMP Provincial,One Hundred Mile House Prov,2009,30.0
Motor Vehicle Theft,Capital,RCMP Provincial,Outer Gulf  Islands Prov,2009,3.0
Motor Vehicle Theft,Nanaimo,RCMP Municipal,Parksville Mun,2009,34.0
Motor Vehicle Theft,Central Okanagan,RCMP Municipal,Peachland Mun,2009,NA
Motor Vehicle Theft,Squamish Lillooet,RCMP Provincial,Pemberton Prov,2009,9.0
Motor Vehicle Theft,Okanagan Similkameen,RCMP Municipal,Penticton Mun,2009,228.0
Motor Vehicle Theft,Okanagan Similkameen,RCMP Provincial,Penticton Prov,2009,37.0
Motor Vehicle Theft,Metro Vancouver,RCMP Municipal,Pitt Meadows Mun,2009,107.0
Motor Vehicle Theft,Alberni Clayoquot,RCMP Municipal,Port Alberni Mun,2009,81.0
Motor Vehicle Theft,Alberni Clayoquot,RCMP Provincial,Port Alberni Prov,2009,25.0
Motor Vehicle Theft,Mount Waddington,RCMP Provincial,Port Alice Prov,2009,0.0
Motor Vehicle Theft,Metro Vancouver,RCMP Municipal,Port Coquitlam Mun,2009,218.0
Motor Vehicle Theft,Mount Waddington,RCMP Provincial,Port Hardy Prov,2009,13.0
Motor Vehicle Theft,Mount Waddington,RCMP Provincial,Port McNeill Prov,2009,6.0
Motor Vehicle Theft,Metro Vancouver,Independent Municipal,Port Moody Mun,2009,53.0
Motor Vehicle Theft,Powell River,RCMP Municipal,Powell River Mun,2009,17.0
Motor Vehicle Theft,Powell River,RCMP Provincial,Powell River Prov,2009,10.0
Motor Vehicle Theft,Fraser Fort George,RCMP Municipal,Prince George Mun,2009,446.0
Motor Vehicle Theft,Fraser Fort George,RCMP Provincial,Prince George Prov,2009,31.0
Motor Vehicle Theft,North Coast Regional District (22),RCMP Municipal,Prince Rupert Mun,2009,20.0
Motor Vehicle Theft,North Coast Regional District (22),RCMP Provincial,Prince Rupert Prov,2009,0.0
Motor Vehicle Theft,Okanagan Similkameen,RCMP Provincial,Princeton Prov,2009,14.0
Motor Vehicle Theft,Strathcona,RCMP Provincial,Quadra Island Prov,2009,8.0
Motor Vehicle Theft,Nanaimo,RCMP Municipal,Qualicum Beach Mun,2009,9.0
Motor Vehicle Theft,North Coast Regional District (22),RCMP Provincial,Queen Charlotte Prov,2009,2.0
Motor Vehicle Theft,Cariboo,RCMP Municipal,Quesnel Mun,2009,101.0
Motor Vehicle Theft,Cariboo,RCMP Provincial,Quesnel Prov,2009,47.0
Motor Vehicle Theft,Columbia Shuswap,RCMP Municipal,Revelstoke Mun,2009,14.0
Motor Vehicle Theft,Columbia Shuswap,RCMP Provincial,Revelstoke Prov,2009,7.0
Motor Vehicle Theft,Metro Vancouver,RCMP Municipal,Richmond Mun,2009,532.0
Motor Vehicle Theft,Metro Vancouver,RCMP Provincial,Ridge Meadows Prov,2009,61.0
Motor Vehicle Theft,Capital,Independent Municipal,Saanich Mun,2009,188.0
Motor Vehicle Theft,Central Kootenay,RCMP Provincial,Salmo Prov,2009,9.0
Motor Vehicle Theft,Columbia Shuswap,RCMP Municipal,Salmon Arm Mun,2009,83.0
Motor Vehicle Theft,Columbia Shuswap,RCMP Provincial,Salmon Arm Prov,2009,26.0
Motor Vehicle Theft,Capital,RCMP Provincial,Saltspring Island Prov,2009,13.0
Motor Vehicle Theft,Strathcona,RCMP Provincial,Sayward Prov,2009,1.0
Motor Vehicle Theft,Sunshine Coast,RCMP Municipal,Sechelt Mun,2009,18.0
Motor Vehicle Theft,Cowichan Valley,RCMP Provincial,Shawnigan Lake Prov,2009,33.0
Motor Vehicle Theft,Columbia Shuswap,RCMP Provincial,Sicamous Prov,2009,43.0
Motor Vehicle Theft,Capital,RCMP Municipal,Sidney Mun,2009,11.0
Motor Vehicle Theft,Capital,RCMP Provincial,Sidney Prov,2009,3.0
Motor Vehicle Theft,Central Kootenay,RCMP Provincial,Slocan Lake Prov,2009,6.0
Motor Vehicle Theft,Bulkley Nechako,RCMP Municipal,Smithers Mun,2009,20.0
Motor Vehicle Theft,Bulkley Nechako,RCMP Provincial,Smithers Prov,2009,8.0
Motor Vehicle Theft,Capital,RCMP Municipal,Sooke Mun,2009,9.0
Motor Vehicle Theft,Capital,RCMP Provincial,Sooke Prov,2009,27.0
Motor Vehicle Theft,Okanagan Similkameen,RCMP Provincial,South Okanagan/Oliver,2009,46.0
Motor Vehicle Theft,Okanagan Similkameen,RCMP Provincial,South Okanagan/Osoyoos,2009,34.0
Motor Vehicle Theft,North Okanagan,RCMP Municipal,Spallumcheen Mun,2009,NA
Motor Vehicle Theft,Squamish Lillooet,RCMP Municipal,Squamish Mun,2009,55.0
Motor Vehicle Theft,Squamish Lillooet,RCMP Provincial,Squamish Prov,2009,5.0
Motor Vehicle Theft,Kitimat Stikine,RCMP Provincial,Stewart Prov,2009,1.0
Motor Vehicle Theft,Squamish Lillooet,First Nations Aboriginal Police Service,Stl'atl'imx FNAPS,2009,2.0
Motor Vehicle Theft,Okanagan Similkameen,RCMP Municipal,Summerland Mun,2009,36.0
Motor Vehicle Theft,Sunshine Coast,RCMP Provincial,Sunshine Coast Prov,2009,36.0
Motor Vehicle Theft,Metro Vancouver,RCMP Municipal,Surrey Mun,2009,3796.0
Motor Vehicle Theft,Bulkley Nechako,RCMP Provincial,Takla Landing Prov,2009,2.0
Motor Vehicle Theft,Kitimat Stikine,RCMP Municipal,Terrace Mun,2009,30.0
Motor Vehicle Theft,Kitimat Stikine,RCMP Provincial,Terrace Prov,2009,33.0
Motor Vehicle Theft,Powell River,RCMP Provincial,Texada Island Prov,2009,0.0
Motor Vehicle Theft,Thompson Nicola,RCMP Provincial,T'Kumlups Prov,2009,41.0
Motor Vehicle Theft,Alberni Clayoquot,RCMP Provincial,Tofino Prov,2009,6.0
Motor Vehicle Theft,Kootenay Boundary,RCMP Municipal,Trail Mun,2009,16.0
Motor Vehicle Theft,Kootenay Boundary,RCMP Provincial,Trail and Greater District,2009,24.0
Motor Vehicle Theft,Fraser Fort George,RCMP Provincial,Tsay Keh Dene Prov,2009,11.0
Motor Vehicle Theft,Peace River,RCMP Provincial,Tumbler Ridge Prov,2009,13.0
Motor Vehicle Theft,Alberni Clayoquot,RCMP Provincial,Ucluelet Prov,2009,8.0
Motor Vehicle Theft,Metro Vancouver,RCMP Provincial,University Prov,2009,27.0
Motor Vehicle Theft,Fraser Fort George,RCMP Provincial,Valemount Prov,2009,6.0
Motor Vehicle Theft,Metro Vancouver,Independent Municipal,Vancouver Mun,2009,1857.0
Motor Vehicle Theft,Bulkley Nechako,RCMP Provincial,Vanderhoof Prov,2009,29.0
Motor Vehicle Theft,North Okanagan,RCMP Municipal,Vernon Mun,2009,383.0
Motor Vehicle Theft,North Okanagan,RCMP Provincial,Vernon Prov,2009,44.0
Motor Vehicle Theft,Capital,Independent Municipal,Victoria Mun,2009,405.0
Motor Vehicle Theft,Capital,RCMP Municipal,View Royal Mun,2009,30.0
Motor Vehicle Theft,Cariboo,RCMP Provincial,Wells Prov,2009,1.0
Motor Vehicle Theft,Central Okanagan,RCMP Municipal,West Kelowna Mun,2009,138.0
Motor Vehicle Theft,Capital,RCMP Provincial,West Shore Prov,2009,22.0
Motor Vehicle Theft,Metro Vancouver,Independent Municipal,West Vancouver Mun,2009,53.0
Motor Vehicle Theft,Squamish Lillooet,RCMP Municipal,Whistler Mun,2009,49.0
Motor Vehicle Theft,Squamish Lillooet,RCMP Provincial,Whistler Prov,2009,13.0
Motor Vehicle Theft,Metro Vancouver,RCMP Municipal,White Rock Mun,2009,106.0
Motor Vehicle Theft,Cariboo,RCMP Municipal,Williams Lake Mun,2009,125.0
Motor Vehicle Theft,Cariboo,RCMP Provincial,Williams Lake Prov,2009,29.0
Administration of Justice Offenses,Fraser Valley,Independent Municipal,Abbotsford Mun,2009,315.0
Administration of Justice Offenses,Fraser Valley,RCMP Provincial,Agassiz Prov,2009,28.0
Administration of Justice Offenses,Mount Waddington,RCMP Provincial,Alert Bay Prov,2009,10.0
Administration of Justice Offenses,Cariboo,RCMP Provincial,Alexis Creek Prov,2009,31.0
Administration of Justice Offenses,Cariboo,RCMP Provincial,Anahim Lake Prov,2009,48.0
Administration of Justice Offenses,North Okanagan,RCMP Provincial,Armstrong Prov,2009,18.0
Administration of Justice Offenses,Thompson Nicola,RCMP Provincial,Ashcroft Prov,2009,12.0
Administration of Justice Offenses,Kitimat Stikine,RCMP Provincial,Atlin Prov,2009,24.0
Administration of Justice Offenses,Thompson Nicola,RCMP Provincial,Barriere Prov,2009,12.0
Administration of Justice Offenses,Central Coast,RCMP Provincial,Bella Bella Prov,2009,25.0
Administration of Justice Offenses,Central Coast,RCMP Provincial,Bella Coola Prov,2009,77.0
Administration of Justice Offenses,Fraser Valley,RCMP Provincial,Boston Bar Prov,2009,4.0
Administration of Justice Offenses,Kootenay Boundary,RCMP Provincial,Boundary/Grand Forks Prov,2009,29.0
Administration of Justice Offenses,Kootenay Boundary,RCMP Provincial,Boundary/Midway Prov,2009,17.0
Administration of Justice Offenses,Metro Vancouver,RCMP Provincial,Bowen Island Prov,2009,4.0
Administration of Justice Offenses,Metro Vancouver,RCMP Municipal,Burnaby Mun,2009,257.0
Administration of Justice Offenses,Bulkley Nechako,RCMP Provincial,Burns Lake Prov,2009,189.0
Administration of Justice Offenses,Strathcona,RCMP Municipal,Campbell River Mun,2009,318.0
Administration of Justice Offenses,Strathcona,RCMP Provincial,Campbell River Prov,2009,18.0
Administration of Justice Offenses,Central Kootenay,RCMP Municipal,Castlegar Mun,2009,25.0
Administration of Justice Offenses,Central Kootenay,RCMP Provincial,Castlegar Prov,2009,7.0
Administration of Justice Offenses,Capital,Independent Municipal,Central Saanich Mun,2009,16.0
Administration of Justice Offenses,Thompson Nicola,RCMP Provincial,Chase Prov,2009,30.0
Administration of Justice Offenses,Peace River,RCMP Provincial,Chetwynd Prov,2009,87.0
Administration of Justice Offenses,Fraser Valley,RCMP Municipal,Chilliwack Mun,2009,191.0
Administration of Justice Offenses,Fraser Valley,RCMP Provincial,Chilliwack Prov,2009,8.0
Administration of Justice Offenses,Thompson Nicola,RCMP Provincial,Clearwater Prov,2009,15.0
Administration of Justice Offenses,Thompson Nicola,RCMP Provincial,Clinton Prov,2009,10.0
Administration of Justice Offenses,North Okanagan,RCMP Municipal,Coldstream Mun,2009,7.0
Administration of Justice Offenses,East Kootenay,RCMP Provincial,Columbia Valley Prov,2009,15.0
Administration of Justice Offenses,Capital,RCMP Municipal,Colwood Mun,2009,20.0
Administration of Justice Offenses,Comox Valley,RCMP Municipal,Comox Mun,2009,26.0
Administration of Justice Offenses,Comox Valley,RCMP Provincial,Comox Valley Prov,2009,57.0
Administration of Justice Offenses,Metro Vancouver,RCMP Municipal,Coquitlam Mun,2009,226.0
Administration of Justice Offenses,Metro Vancouver,RCMP Provincial,Coquitlam Prov,2009,5.0
Administration of Justice Offenses,Comox Valley,RCMP Municipal,Courtenay Mun,2009,167.0
Administration of Justice Offenses,East Kootenay,RCMP Municipal,Cranbrook Mun,2009,172.0
Administration of Justice Offenses,East Kootenay,RCMP Provincial,Cranbrook Prov,2009,18.0
Administration of Justice Offenses,Central Kootenay,RCMP Municipal,Creston Mun,2009,NA
Administration of Justice Offenses,Central Kootenay,RCMP Provincial,Creston Prov,2009,68.0
Administration of Justice Offenses,Peace River,RCMP Municipal,Dawson Creek Mun,2009,158.0
Administration of Justice Offenses,Peace River,RCMP Provincial,Dawson Creek Prov,2009,10.0
Administration of Justice Offenses,Kitimat Stikine,RCMP Provincial,Dease Lake Prov,2009,26.0
Administration of Justice Offenses,Metro Vancouver,Independent Municipal,Delta Mun,2009,199.0
Administration of Justice Offenses,Cowichan Valley,RCMP Provincial,Duncan Prov,2009,140.0
Administration of Justice Offenses,East Kootenay,RCMP Provincial,Elk Valley Prov,2009,22.0
Administration of Justice Offenses,North Okanagan,RCMP Provincial,Enderby Prov,2009,14.0
Administration of Justice Offenses,Columbia Shuswap,RCMP Provincial,Falkland Prov,2009,6.0
Administration of Justice Offenses,Bulkley Nechako,RCMP Provincial,Fort St James Prov,2009,154.0
Administration of Justice Offenses,Peace River,RCMP Municipal,Fort St John Mun,2009,192.0
Administration of Justice Offenses,Peace River,RCMP Provincial,Fort St John Prov,2009,37.0
Administration of Justice Offenses,Bulkley Nechako,RCMP Provincial,Fraser Lake Prov,2009,40.0
Administration of Justice Offenses,Nanaimo,RCMP Provincial,Gabriola Island Prov,2009,3.0
Administration of Justice Offenses,Columbia Shuswap,RCMP Provincial,Golden Prov,2009,26.0
Administration of Justice Offenses,Fraser Valley,RCMP Municipal,Hope Mun,2009,34.0
Administration of Justice Offenses,Fraser Valley,RCMP Provincial,Hope  Prov,2009,5.0
Administration of Justice Offenses,Bulkley Nechako,RCMP Provincial,Houston/Granisle Prov,2009,77.0
Administration of Justice Offenses,Peace River,RCMP Provincial,Hudson's Hope Prov,2009,6.0
Administration of Justice Offenses,Thompson Nicola,RCMP Municipal,Kamloops Mun,2009,372.0
Administration of Justice Offenses,Central Kootenay,RCMP Provincial,Kaslo Prov,2009,7.0
Administration of Justice Offenses,Central Okanagan,RCMP Municipal,Kelowna Mun,2009,426.0
Administration of Justice Offenses,Central Okanagan,RCMP Provincial,Kelowna Prov,2009,34.0
Administration of Justice Offenses,Fraser Valley,RCMP Municipal,Kent Mun,2009,7.0
Administration of Justice Offenses,Okanagan Similkameen,RCMP Provincial,Keremeos Prov,2009,12.0
Administration of Justice Offenses,East Kootenay,RCMP Municipal,Kimberley Mun,2009,28.0
Administration of Justice Offenses,East Kootenay,RCMP Provincial,Kimberley Prov,2009,9.0
Administration of Justice Offenses,Kitimat Stikine,RCMP Municipal,Kitimat Mun,2009,87.0
Administration of Justice Offenses,Kitimat Stikine,RCMP Provincial,Kitimat Prov,2009,1.0
Administration of Justice Offenses,Cowichan Valley,RCMP Municipal,Ladysmith Mun,2009,7.0
Administration of Justice Offenses,Cowichan Valley,RCMP Provincial,Ladysmith Prov,2009,7.0
Administration of Justice Offenses,Central Okanagan,RCMP Municipal,Lake Country Mun,2009,18.0
Administration of Justice Offenses,Cowichan Valley,RCMP Provincial,Lake Cowichan Prov,2009,27.0
Administration of Justice Offenses,Capital,RCMP Municipal,Langford Mun,2009,52.0
Administration of Justice Offenses,Metro Vancouver,RCMP Municipal,Langley City Mun,2009,84.0
Administration of Justice Offenses,Metro Vancouver,RCMP Municipal,Langley Township Mun,2009,126.0
Administration of Justice Offenses,Squamish Lillooet,RCMP Provincial,Lillooet Prov,2009,36.0
Administration of Justice Offenses,Kitimat Stikine,RCMP Provincial,Lisims/Nass Valley Prov,2009,94.0
Administration of Justice Offenses,Thompson Nicola,RCMP Provincial,Logan Lake Prov,2009,3.0
Administration of Justice Offenses,North Okanagan,RCMP Provincial,Lumby Prov,2009,10.0
Administration of Justice Offenses,Thompson Nicola,RCMP Provincial,Lytton Prov,2009,14.0
Administration of Justice Offenses,Fraser Fort George,RCMP Provincial,Mackenzie Prov,2009,27.0
Administration of Justice Offenses,Metro Vancouver,RCMP Municipal,Maple Ridge Mun,2009,189.0
Administration of Justice Offenses,North Coast Regional District (22),RCMP Provincial,Masset Prov,2009,44.0
Administration of Justice Offenses,Fraser Fort George,RCMP Provincial,McBride Prov,2009,2.0
Administration of Justice Offenses,Thompson Nicola,RCMP Municipal,Merritt Mun,2009,104.0
Administration of Justice Offenses,Thompson Nicola,RCMP Provincial,Merritt Prov,2009,25.0
Administration of Justice Offenses,Fraser Valley,RCMP Municipal,Mission Mun,2009,135.0
Administration of Justice Offenses,Fraser Valley,RCMP Provincial,Mission Prov,2009,11.0
Administration of Justice Offenses,Central Kootenay,RCMP Provincial,Nakusp Prov,2009,9.0
Administration of Justice Offenses,Nanaimo,RCMP Municipal,Nanaimo Mun,2009,448.0
Administration of Justice Offenses,Nanaimo,RCMP Provincial,Nanaimo Prov,2009,10.0
Administration of Justice Offenses,Central Kootenay,Independent Municipal,Nelson Mun,2009,69.0
Administration of Justice Offenses,Central Kootenay,RCMP Provincial,Nelson Prov,2009,25.0
Administration of Justice Offenses,Kitimat Stikine,RCMP Provincial,New Hazelton Prov,2009,111.0
Administration of Justice Offenses,Metro Vancouver,Independent Municipal,New Westminster Mun,2009,307.0
Administration of Justice Offenses,Strathcona,RCMP Provincial,Nootka Sound Prov,2009,12.0
Administration of Justice Offenses,Cowichan Valley,RCMP Municipal,North Cowichan Mun,2009,124.0
Administration of Justice Offenses,Capital,RCMP Municipal,North Saanich Mun,2009,13.0
Administration of Justice Offenses,Metro Vancouver,RCMP Municipal,North Vancouver City Mun,2009,130.0
Administration of Justice Offenses,Metro Vancouver,RCMP Municipal,North Vancouver District Mun,2009,76.0
Administration of Justice Offenses,Metro Vancouver,RCMP Provincial,North Vancouver Prov,2009,24.0
Administration of Justice Offenses,Northern Rockies,RCMP Municipal,Northern Rockies Mun,2009,NA
Administration of Justice Offenses,Northern Rockies,RCMP Provincial,Northern Rockies Prov,2009,79.0
Administration of Justice Offenses,Capital,Independent Municipal,Oak Bay Mun,2009,3.0
Administration of Justice Offenses,Nanaimo,RCMP Provincial,Oceanside Prov,2009,30.0
Administration of Justice Offenses,Cariboo,RCMP Provincial,One Hundred Mile House Prov,2009,44.0
Administration of Justice Offenses,Capital,RCMP Provincial,Outer Gulf  Islands Prov,2009,1.0
Administration of Justice Offenses,Nanaimo,RCMP Municipal,Parksville Mun,2009,57.0
Administration of Justice Offenses,Central Okanagan,RCMP Municipal,Peachland Mun,2009,NA
Administration of Justice Offenses,Squamish Lillooet,RCMP Provincial,Pemberton Prov,2009,12.0
Administration of Justice Offenses,Okanagan Similkameen,RCMP Municipal,Penticton Mun,2009,174.0
Administration of Justice Offenses,Okanagan Similkameen,RCMP Provincial,Penticton Prov,2009,13.0
Administration of Justice Offenses,Metro Vancouver,RCMP Municipal,Pitt Meadows Mun,2009,30.0
Administration of Justice Offenses,Alberni Clayoquot,RCMP Municipal,Port Alberni Mun,2009,306.0
Administration of Justice Offenses,Alberni Clayoquot,RCMP Provincial,Port Alberni Prov,2009,27.0
Administration of Justice Offenses,Mount Waddington,RCMP Provincial,Port Alice Prov,2009,2.0
Administration of Justice Offenses,Metro Vancouver,RCMP Municipal,Port Coquitlam Mun,2009,127.0
Administration of Justice Offenses,Mount Waddington,RCMP Provincial,Port Hardy Prov,2009,130.0
Administration of Justice Offenses,Mount Waddington,RCMP Provincial,Port McNeill Prov,2009,16.0
Administration of Justice Offenses,Metro Vancouver,Independent Municipal,Port Moody Mun,2009,59.0
Administration of Justice Offenses,Powell River,RCMP Municipal,Powell River Mun,2009,46.0
Administration of Justice Offenses,Powell River,RCMP Provincial,Powell River Prov,2009,24.0
Administration of Justice Offenses,Fraser Fort George,RCMP Municipal,Prince George Mun,2009,526.0
Administration of Justice Offenses,Fraser Fort George,RCMP Provincial,Prince George Prov,2009,12.0
Administration of Justice Offenses,North Coast Regional District (22),RCMP Municipal,Prince Rupert Mun,2009,255.0
Administration of Justice Offenses,North Coast Regional District (22),RCMP Provincial,Prince Rupert Prov,2009,10.0
Administration of Justice Offenses,Okanagan Similkameen,RCMP Provincial,Princeton Prov,2009,16.0
Administration of Justice Offenses,Strathcona,RCMP Provincial,Quadra Island Prov,2009,6.0
Administration of Justice Offenses,Nanaimo,RCMP Municipal,Qualicum Beach Mun,2009,3.0
Administration of Justice Offenses,North Coast Regional District (22),RCMP Provincial,Queen Charlotte Prov,2009,6.0
Administration of Justice Offenses,Cariboo,RCMP Municipal,Quesnel Mun,2009,108.0
Administration of Justice Offenses,Cariboo,RCMP Provincial,Quesnel Prov,2009,25.0
Administration of Justice Offenses,Columbia Shuswap,RCMP Municipal,Revelstoke Mun,2009,10.0
Administration of Justice Offenses,Columbia Shuswap,RCMP Provincial,Revelstoke Prov,2009,0.0
Administration of Justice Offenses,Metro Vancouver,RCMP Municipal,Richmond Mun,2009,184.0
Administration of Justice Offenses,Metro Vancouver,RCMP Provincial,Ridge Meadows Prov,2009,22.0
Administration of Justice Offenses,Capital,Independent Municipal,Saanich Mun,2009,292.0
Administration of Justice Offenses,Central Kootenay,RCMP Provincial,Salmo Prov,2009,21.0
Administration of Justice Offenses,Columbia Shuswap,RCMP Municipal,Salmon Arm Mun,2009,109.0
Administration of Justice Offenses,Columbia Shuswap,RCMP Provincial,Salmon Arm Prov,2009,19.0
Administration of Justice Offenses,Capital,RCMP Provincial,Saltspring Island Prov,2009,19.0
Administration of Justice Offenses,Strathcona,RCMP Provincial,Sayward Prov,2009,2.0
Administration of Justice Offenses,Sunshine Coast,RCMP Municipal,Sechelt Mun,2009,46.0
Administration of Justice Offenses,Cowichan Valley,RCMP Provincial,Shawnigan Lake Prov,2009,21.0
Administration of Justice Offenses,Columbia Shuswap,RCMP Provincial,Sicamous Prov,2009,4.0
Administration of Justice Offenses,Capital,RCMP Municipal,Sidney Mun,2009,32.0
Administration of Justice Offenses,Capital,RCMP Provincial,Sidney Prov,2009,25.0
Administration of Justice Offenses,Central Kootenay,RCMP Provincial,Slocan Lake Prov,2009,6.0
Administration of Justice Offenses,Bulkley Nechako,RCMP Municipal,Smithers Mun,2009,67.0
Administration of Justice Offenses,Bulkley Nechako,RCMP Provincial,Smithers Prov,2009,27.0
Administration of Justice Offenses,Capital,RCMP Municipal,Sooke Mun,2009,41.0
Administration of Justice Offenses,Capital,RCMP Provincial,Sooke Prov,2009,11.0
Administration of Justice Offenses,Okanagan Similkameen,RCMP Provincial,South Okanagan/Oliver,2009,31.0
Administration of Justice Offenses,Okanagan Similkameen,RCMP Provincial,South Okanagan/Osoyoos,2009,19.0
Administration of Justice Offenses,North Okanagan,RCMP Municipal,Spallumcheen Mun,2009,NA
Administration of Justice Offenses,Squamish Lillooet,RCMP Municipal,Squamish Mun,2009,66.0
Administration of Justice Offenses,Squamish Lillooet,RCMP Provincial,Squamish Prov,2009,2.0
Administration of Justice Offenses,Kitimat Stikine,RCMP Provincial,Stewart Prov,2009,1.0
Administration of Justice Offenses,Squamish Lillooet,First Nations Aboriginal Police Service,Stl'atl'imx FNAPS,2009,44.0
Administration of Justice Offenses,Okanagan Similkameen,RCMP Municipal,Summerland Mun,2009,17.0
Administration of Justice Offenses,Sunshine Coast,RCMP Provincial,Sunshine Coast Prov,2009,57.0
Administration of Justice Offenses,Metro Vancouver,RCMP Municipal,Surrey Mun,2009,1143.0
Administration of Justice Offenses,Bulkley Nechako,RCMP Provincial,Takla Landing Prov,2009,3.0
Administration of Justice Offenses,Kitimat Stikine,RCMP Municipal,Terrace Mun,2009,462.0
Administration of Justice Offenses,Kitimat Stikine,RCMP Provincial,Terrace Prov,2009,37.0
Administration of Justice Offenses,Powell River,RCMP Provincial,Texada Island Prov,2009,0.0
Administration of Justice Offenses,Thompson Nicola,RCMP Provincial,T'Kumlups Prov,2009,16.0
Administration of Justice Offenses,Alberni Clayoquot,RCMP Provincial,Tofino Prov,2009,83.0
Administration of Justice Offenses,Kootenay Boundary,RCMP Municipal,Trail Mun,2009,38.0
Administration of Justice Offenses,Kootenay Boundary,RCMP Provincial,Trail and Greater District,2009,56.0
Administration of Justice Offenses,Fraser Fort George,RCMP Provincial,Tsay Keh Dene Prov,2009,47.0
Administration of Justice Offenses,Peace River,RCMP Provincial,Tumbler Ridge Prov,2009,30.0
Administration of Justice Offenses,Alberni Clayoquot,RCMP Provincial,Ucluelet Prov,2009,30.0
Administration of Justice Offenses,Metro Vancouver,RCMP Provincial,University Prov,2009,19.0
Administration of Justice Offenses,Fraser Fort George,RCMP Provincial,Valemount Prov,2009,6.0
Administration of Justice Offenses,Metro Vancouver,Independent Municipal,Vancouver Mun,2009,1851.0
Administration of Justice Offenses,Bulkley Nechako,RCMP Provincial,Vanderhoof Prov,2009,54.0
Administration of Justice Offenses,North Okanagan,RCMP Municipal,Vernon Mun,2009,213.0
Administration of Justice Offenses,North Okanagan,RCMP Provincial,Vernon Prov,2009,17.0
Administration of Justice Offenses,Capital,Independent Municipal,Victoria Mun,2009,621.0
Administration of Justice Offenses,Capital,RCMP Municipal,View Royal Mun,2009,22.0
Administration of Justice Offenses,Cariboo,RCMP Provincial,Wells Prov,2009,0.0
Administration of Justice Offenses,Central Okanagan,RCMP Municipal,West Kelowna Mun,2009,41.0
Administration of Justice Offenses,Capital,RCMP Provincial,West Shore Prov,2009,14.0
Administration of Justice Offenses,Metro Vancouver,Independent Municipal,West Vancouver Mun,2009,72.0
Administration of Justice Offenses,Squamish Lillooet,RCMP Municipal,Whistler Mun,2009,13.0
Administration of Justice Offenses,Squamish Lillooet,RCMP Provincial,Whistler Prov,2009,0.0
Administration of Justice Offenses,Metro Vancouver,RCMP Municipal,White Rock Mun,2009,38.0
Administration of Justice Offenses,Cariboo,RCMP Municipal,Williams Lake Mun,2009,217.0
Administration of Justice Offenses,Cariboo,RCMP Provincial,Williams Lake Prov,2009,22.0
Drug Offenses,Fraser Valley,Independent Municipal,Abbotsford Mun,2009,426.0
Drug Offenses,Fraser Valley,RCMP Provincial,Agassiz Prov,2009,37.0
Drug Offenses,Mount Waddington,RCMP Provincial,Alert Bay Prov,2009,11.0
Drug Offenses,Cariboo,RCMP Provincial,Alexis Creek Prov,2009,24.0
Drug Offenses,Cariboo,RCMP Provincial,Anahim Lake Prov,2009,9.0
Drug Offenses,North Okanagan,RCMP Provincial,Armstrong Prov,2009,34.0
Drug Offenses,Thompson Nicola,RCMP Provincial,Ashcroft Prov,2009,42.0
Drug Offenses,Kitimat Stikine,RCMP Provincial,Atlin Prov,2009,6.0
Drug Offenses,Thompson Nicola,RCMP Provincial,Barriere Prov,2009,40.0
Drug Offenses,Central Coast,RCMP Provincial,Bella Bella Prov,2009,18.0
Drug Offenses,Central Coast,RCMP Provincial,Bella Coola Prov,2009,16.0
Drug Offenses,Fraser Valley,RCMP Provincial,Boston Bar Prov,2009,12.0
Drug Offenses,Kootenay Boundary,RCMP Provincial,Boundary/Grand Forks Prov,2009,76.0
Drug Offenses,Kootenay Boundary,RCMP Provincial,Boundary/Midway Prov,2009,35.0
Drug Offenses,Metro Vancouver,RCMP Provincial,Bowen Island Prov,2009,7.0
Drug Offenses,Metro Vancouver,RCMP Municipal,Burnaby Mun,2009,686.0
Drug Offenses,Bulkley Nechako,RCMP Provincial,Burns Lake Prov,2009,52.0
Drug Offenses,Strathcona,RCMP Municipal,Campbell River Mun,2009,216.0
Drug Offenses,Strathcona,RCMP Provincial,Campbell River Prov,2009,26.0
Drug Offenses,Central Kootenay,RCMP Municipal,Castlegar Mun,2009,45.0
Drug Offenses,Central Kootenay,RCMP Provincial,Castlegar Prov,2009,41.0
Drug Offenses,Capital,Independent Municipal,Central Saanich Mun,2009,28.0
Drug Offenses,Thompson Nicola,RCMP Provincial,Chase Prov,2009,47.0
Drug Offenses,Peace River,RCMP Provincial,Chetwynd Prov,2009,29.0
Drug Offenses,Fraser Valley,RCMP Municipal,Chilliwack Mun,2009,294.0
Drug Offenses,Fraser Valley,RCMP Provincial,Chilliwack Prov,2009,58.0
Drug Offenses,Thompson Nicola,RCMP Provincial,Clearwater Prov,2009,58.0
Drug Offenses,Thompson Nicola,RCMP Provincial,Clinton Prov,2009,33.0
Drug Offenses,North Okanagan,RCMP Municipal,Coldstream Mun,2009,22.0
Drug Offenses,East Kootenay,RCMP Provincial,Columbia Valley Prov,2009,35.0
Drug Offenses,Capital,RCMP Municipal,Colwood Mun,2009,39.0
Drug Offenses,Comox Valley,RCMP Municipal,Comox Mun,2009,27.0
Drug Offenses,Comox Valley,RCMP Provincial,Comox Valley Prov,2009,114.0
Drug Offenses,Metro Vancouver,RCMP Municipal,Coquitlam Mun,2009,450.0
Drug Offenses,Metro Vancouver,RCMP Provincial,Coquitlam Prov,2009,11.0
Drug Offenses,Comox Valley,RCMP Municipal,Courtenay Mun,2009,181.0
Drug Offenses,East Kootenay,RCMP Municipal,Cranbrook Mun,2009,167.0
Drug Offenses,East Kootenay,RCMP Provincial,Cranbrook Prov,2009,38.0
Drug Offenses,Central Kootenay,RCMP Municipal,Creston Mun,2009,NA
Drug Offenses,Central Kootenay,RCMP Provincial,Creston Prov,2009,75.0
Drug Offenses,Peace River,RCMP Municipal,Dawson Creek Mun,2009,96.0
Drug Offenses,Peace River,RCMP Provincial,Dawson Creek Prov,2009,27.0
Drug Offenses,Kitimat Stikine,RCMP Provincial,Dease Lake Prov,2009,6.0
Drug Offenses,Metro Vancouver,Independent Municipal,Delta Mun,2009,465.0
Drug Offenses,Cowichan Valley,RCMP Provincial,Duncan Prov,2009,171.0
Drug Offenses,East Kootenay,RCMP Provincial,Elk Valley Prov,2009,83.0
Drug Offenses,North Okanagan,RCMP Provincial,Enderby Prov,2009,30.0
Drug Offenses,Columbia Shuswap,RCMP Provincial,Falkland Prov,2009,21.0
Drug Offenses,Bulkley Nechako,RCMP Provincial,Fort St James Prov,2009,44.0
Drug Offenses,Peace River,RCMP Municipal,Fort St John Mun,2009,158.0
Drug Offenses,Peace River,RCMP Provincial,Fort St John Prov,2009,22.0
Drug Offenses,Bulkley Nechako,RCMP Provincial,Fraser Lake Prov,2009,37.0
Drug Offenses,Nanaimo,RCMP Provincial,Gabriola Island Prov,2009,24.0
Drug Offenses,Columbia Shuswap,RCMP Provincial,Golden Prov,2009,181.0
Drug Offenses,Fraser Valley,RCMP Municipal,Hope Mun,2009,81.0
Drug Offenses,Fraser Valley,RCMP Provincial,Hope  Prov,2009,22.0
Drug Offenses,Bulkley Nechako,RCMP Provincial,Houston/Granisle Prov,2009,47.0
Drug Offenses,Peace River,RCMP Provincial,Hudson's Hope Prov,2009,7.0
Drug Offenses,Thompson Nicola,RCMP Municipal,Kamloops Mun,2009,405.0
Drug Offenses,Central Kootenay,RCMP Provincial,Kaslo Prov,2009,30.0
Drug Offenses,Central Okanagan,RCMP Municipal,Kelowna Mun,2009,670.0
Drug Offenses,Central Okanagan,RCMP Provincial,Kelowna Prov,2009,67.0
Drug Offenses,Fraser Valley,RCMP Municipal,Kent Mun,2009,21.0
Drug Offenses,Okanagan Similkameen,RCMP Provincial,Keremeos Prov,2009,26.0
Drug Offenses,East Kootenay,RCMP Municipal,Kimberley Mun,2009,34.0
Drug Offenses,East Kootenay,RCMP Provincial,Kimberley Prov,2009,5.0
Drug Offenses,Kitimat Stikine,RCMP Municipal,Kitimat Mun,2009,21.0
Drug Offenses,Kitimat Stikine,RCMP Provincial,Kitimat Prov,2009,3.0
Drug Offenses,Cowichan Valley,RCMP Municipal,Ladysmith Mun,2009,49.0
Drug Offenses,Cowichan Valley,RCMP Provincial,Ladysmith Prov,2009,22.0
Drug Offenses,Central Okanagan,RCMP Municipal,Lake Country Mun,2009,51.0
Drug Offenses,Cowichan Valley,RCMP Provincial,Lake Cowichan Prov,2009,90.0
Drug Offenses,Capital,RCMP Municipal,Langford Mun,2009,120.0
Drug Offenses,Metro Vancouver,RCMP Municipal,Langley City Mun,2009,287.0
Drug Offenses,Metro Vancouver,RCMP Municipal,Langley Township Mun,2009,446.0
Drug Offenses,Squamish Lillooet,RCMP Provincial,Lillooet Prov,2009,41.0
Drug Offenses,Kitimat Stikine,RCMP Provincial,Lisims/Nass Valley Prov,2009,15.0
Drug Offenses,Thompson Nicola,RCMP Provincial,Logan Lake Prov,2009,13.0
Drug Offenses,North Okanagan,RCMP Provincial,Lumby Prov,2009,24.0
Drug Offenses,Thompson Nicola,RCMP Provincial,Lytton Prov,2009,17.0
Drug Offenses,Fraser Fort George,RCMP Provincial,Mackenzie Prov,2009,64.0
Drug Offenses,Metro Vancouver,RCMP Municipal,Maple Ridge Mun,2009,218.0
Drug Offenses,North Coast Regional District (22),RCMP Provincial,Masset Prov,2009,19.0
Drug Offenses,Fraser Fort George,RCMP Provincial,McBride Prov,2009,10.0
Drug Offenses,Thompson Nicola,RCMP Municipal,Merritt Mun,2009,70.0
Drug Offenses,Thompson Nicola,RCMP Provincial,Merritt Prov,2009,55.0
Drug Offenses,Fraser Valley,RCMP Municipal,Mission Mun,2009,286.0
Drug Offenses,Fraser Valley,RCMP Provincial,Mission Prov,2009,14.0
Drug Offenses,Central Kootenay,RCMP Provincial,Nakusp Prov,2009,23.0
Drug Offenses,Nanaimo,RCMP Municipal,Nanaimo Mun,2009,705.0
Drug Offenses,Nanaimo,RCMP Provincial,Nanaimo Prov,2009,37.0
Drug Offenses,Central Kootenay,Independent Municipal,Nelson Mun,2009,97.0
Drug Offenses,Central Kootenay,RCMP Provincial,Nelson Prov,2009,109.0
Drug Offenses,Kitimat Stikine,RCMP Provincial,New Hazelton Prov,2009,86.0
Drug Offenses,Metro Vancouver,Independent Municipal,New Westminster Mun,2009,394.0
Drug Offenses,Strathcona,RCMP Provincial,Nootka Sound Prov,2009,30.0
Drug Offenses,Cowichan Valley,RCMP Municipal,North Cowichan Mun,2009,194.0
Drug Offenses,Capital,RCMP Municipal,North Saanich Mun,2009,49.0
Drug Offenses,Metro Vancouver,RCMP Municipal,North Vancouver City Mun,2009,212.0
Drug Offenses,Metro Vancouver,RCMP Municipal,North Vancouver District Mun,2009,207.0
Drug Offenses,Metro Vancouver,RCMP Provincial,North Vancouver Prov,2009,21.0
Drug Offenses,Northern Rockies,RCMP Municipal,Northern Rockies Mun,2009,NA
Drug Offenses,Northern Rockies,RCMP Provincial,Northern Rockies Prov,2009,77.0
Drug Offenses,Capital,Independent Municipal,Oak Bay Mun,2009,26.0
Drug Offenses,Nanaimo,RCMP Provincial,Oceanside Prov,2009,84.0
Drug Offenses,Cariboo,RCMP Provincial,One Hundred Mile House Prov,2009,128.0
Drug Offenses,Capital,RCMP Provincial,Outer Gulf  Islands Prov,2009,6.0
Drug Offenses,Nanaimo,RCMP Municipal,Parksville Mun,2009,47.0
Drug Offenses,Central Okanagan,RCMP Municipal,Peachland Mun,2009,NA
Drug Offenses,Squamish Lillooet,RCMP Provincial,Pemberton Prov,2009,35.0
Drug Offenses,Okanagan Similkameen,RCMP Municipal,Penticton Mun,2009,159.0
Drug Offenses,Okanagan Similkameen,RCMP Provincial,Penticton Prov,2009,30.0
Drug Offenses,Metro Vancouver,RCMP Municipal,Pitt Meadows Mun,2009,34.0
Drug Offenses,Alberni Clayoquot,RCMP Municipal,Port Alberni Mun,2009,108.0
Drug Offenses,Alberni Clayoquot,RCMP Provincial,Port Alberni Prov,2009,28.0
Drug Offenses,Mount Waddington,RCMP Provincial,Port Alice Prov,2009,8.0
Drug Offenses,Metro Vancouver,RCMP Municipal,Port Coquitlam Mun,2009,204.0
Drug Offenses,Mount Waddington,RCMP Provincial,Port Hardy Prov,2009,29.0
Drug Offenses,Mount Waddington,RCMP Provincial,Port McNeill Prov,2009,34.0
Drug Offenses,Metro Vancouver,Independent Municipal,Port Moody Mun,2009,162.0
Drug Offenses,Powell River,RCMP Municipal,Powell River Mun,2009,61.0
Drug Offenses,Powell River,RCMP Provincial,Powell River Prov,2009,27.0
Drug Offenses,Fraser Fort George,RCMP Municipal,Prince George Mun,2009,532.0
Drug Offenses,Fraser Fort George,RCMP Provincial,Prince George Prov,2009,70.0
Drug Offenses,North Coast Regional District (22),RCMP Municipal,Prince Rupert Mun,2009,146.0
Drug Offenses,North Coast Regional District (22),RCMP Provincial,Prince Rupert Prov,2009,11.0
Drug Offenses,Okanagan Similkameen,RCMP Provincial,Princeton Prov,2009,76.0
Drug Offenses,Strathcona,RCMP Provincial,Quadra Island Prov,2009,17.0
Drug Offenses,Nanaimo,RCMP Municipal,Qualicum Beach Mun,2009,9.0
Drug Offenses,North Coast Regional District (22),RCMP Provincial,Queen Charlotte Prov,2009,10.0
Drug Offenses,Cariboo,RCMP Municipal,Quesnel Mun,2009,89.0
Drug Offenses,Cariboo,RCMP Provincial,Quesnel Prov,2009,44.0
Drug Offenses,Columbia Shuswap,RCMP Municipal,Revelstoke Mun,2009,83.0
Drug Offenses,Columbia Shuswap,RCMP Provincial,Revelstoke Prov,2009,37.0
Drug Offenses,Metro Vancouver,RCMP Municipal,Richmond Mun,2009,1203.0
Drug Offenses,Metro Vancouver,RCMP Provincial,Ridge Meadows Prov,2009,46.0
Drug Offenses,Capital,Independent Municipal,Saanich Mun,2009,210.0
Drug Offenses,Central Kootenay,RCMP Provincial,Salmo Prov,2009,89.0
Drug Offenses,Columbia Shuswap,RCMP Municipal,Salmon Arm Mun,2009,109.0
Drug Offenses,Columbia Shuswap,RCMP Provincial,Salmon Arm Prov,2009,54.0
Drug Offenses,Capital,RCMP Provincial,Saltspring Island Prov,2009,37.0
Drug Offenses,Strathcona,RCMP Provincial,Sayward Prov,2009,12.0
Drug Offenses,Sunshine Coast,RCMP Municipal,Sechelt Mun,2009,71.0
Drug Offenses,Cowichan Valley,RCMP Provincial,Shawnigan Lake Prov,2009,117.0
Drug Offenses,Columbia Shuswap,RCMP Provincial,Sicamous Prov,2009,33.0
Drug Offenses,Capital,RCMP Municipal,Sidney Mun,2009,61.0
Drug Offenses,Capital,RCMP Provincial,Sidney Prov,2009,14.0
Drug Offenses,Central Kootenay,RCMP Provincial,Slocan Lake Prov,2009,32.0
Drug Offenses,Bulkley Nechako,RCMP Municipal,Smithers Mun,2009,142.0
Drug Offenses,Bulkley Nechako,RCMP Provincial,Smithers Prov,2009,33.0
Drug Offenses,Capital,RCMP Municipal,Sooke Mun,2009,97.0
Drug Offenses,Capital,RCMP Provincial,Sooke Prov,2009,25.0
Drug Offenses,Okanagan Similkameen,RCMP Provincial,South Okanagan/Oliver,2009,52.0
Drug Offenses,Okanagan Similkameen,RCMP Provincial,South Okanagan/Osoyoos,2009,82.0
Drug Offenses,North Okanagan,RCMP Municipal,Spallumcheen Mun,2009,NA
Drug Offenses,Squamish Lillooet,RCMP Municipal,Squamish Mun,2009,135.0
Drug Offenses,Squamish Lillooet,RCMP Provincial,Squamish Prov,2009,35.0
Drug Offenses,Kitimat Stikine,RCMP Provincial,Stewart Prov,2009,3.0
Drug Offenses,Squamish Lillooet,First Nations Aboriginal Police Service,Stl'atl'imx FNAPS,2009,16.0
Drug Offenses,Okanagan Similkameen,RCMP Municipal,Summerland Mun,2009,48.0
Drug Offenses,Sunshine Coast,RCMP Provincial,Sunshine Coast Prov,2009,150.0
Drug Offenses,Metro Vancouver,RCMP Municipal,Surrey Mun,2009,2310.0
Drug Offenses,Bulkley Nechako,RCMP Provincial,Takla Landing Prov,2009,1.0
Drug Offenses,Kitimat Stikine,RCMP Municipal,Terrace Mun,2009,70.0
Drug Offenses,Kitimat Stikine,RCMP Provincial,Terrace Prov,2009,19.0
Drug Offenses,Powell River,RCMP Provincial,Texada Island Prov,2009,82.0
Drug Offenses,Thompson Nicola,RCMP Provincial,T'Kumlups Prov,2009,49.0
Drug Offenses,Alberni Clayoquot,RCMP Provincial,Tofino Prov,2009,33.0
Drug Offenses,Kootenay Boundary,RCMP Municipal,Trail Mun,2009,74.0
Drug Offenses,Kootenay Boundary,RCMP Provincial,Trail and Greater District,2009,32.0
Drug Offenses,Fraser Fort George,RCMP Provincial,Tsay Keh Dene Prov,2009,2.0
Drug Offenses,Peace River,RCMP Provincial,Tumbler Ridge Prov,2009,29.0
Drug Offenses,Alberni Clayoquot,RCMP Provincial,Ucluelet Prov,2009,42.0
Drug Offenses,Metro Vancouver,RCMP Provincial,University Prov,2009,142.0
Drug Offenses,Fraser Fort George,RCMP Provincial,Valemount Prov,2009,27.0
Drug Offenses,Metro Vancouver,Independent Municipal,Vancouver Mun,2009,3199.0
Drug Offenses,Bulkley Nechako,RCMP Provincial,Vanderhoof Prov,2009,68.0
Drug Offenses,North Okanagan,RCMP Municipal,Vernon Mun,2009,252.0
Drug Offenses,North Okanagan,RCMP Provincial,Vernon Prov,2009,37.0
Drug Offenses,Capital,Independent Municipal,Victoria Mun,2009,738.0
Drug Offenses,Capital,RCMP Municipal,View Royal Mun,2009,27.0
Drug Offenses,Cariboo,RCMP Provincial,Wells Prov,2009,1.0
Drug Offenses,Central Okanagan,RCMP Municipal,West Kelowna Mun,2009,82.0
Drug Offenses,Capital,RCMP Provincial,West Shore Prov,2009,23.0
Drug Offenses,Metro Vancouver,Independent Municipal,West Vancouver Mun,2009,167.0
Drug Offenses,Squamish Lillooet,RCMP Municipal,Whistler Mun,2009,179.0
Drug Offenses,Squamish Lillooet,RCMP Provincial,Whistler Prov,2009,3.0
Drug Offenses,Metro Vancouver,RCMP Municipal,White Rock Mun,2009,173.0
Drug Offenses,Cariboo,RCMP Municipal,Williams Lake Mun,2009,186.0
Drug Offenses,Cariboo,RCMP Provincial,Williams Lake Prov,2009,124.0
Population,Fraser Valley,Independent Municipal,Abbotsford Mun,2009,135063.0
Population,Fraser Valley,RCMP Provincial,Agassiz Prov,2009,3902.0
Population,Mount Waddington,RCMP Provincial,Alert Bay Prov,2009,1398.0
Population,Cariboo,RCMP Provincial,Alexis Creek Prov,2009,1733.0
Population,Cariboo,RCMP Provincial,Anahim Lake Prov,2009,716.0
Population,North Okanagan,RCMP Provincial,Armstrong Prov,2009,10417.0
Population,Thompson Nicola,RCMP Provincial,Ashcroft Prov,2009,3830.0
Population,Kitimat Stikine,RCMP Provincial,Atlin Prov,2009,427.0
Population,Thompson Nicola,RCMP Provincial,Barriere Prov,2009,3947.0
Population,Central Coast,RCMP Provincial,Bella Bella Prov,2009,1588.0
Population,Central Coast,RCMP Provincial,Bella Coola Prov,2009,1880.0
Population,Fraser Valley,RCMP Provincial,Boston Bar Prov,2009,643.0
Population,Kootenay Boundary,RCMP Provincial,Boundary/Grand Forks Prov,2009,8969.0
Population,Kootenay Boundary,RCMP Provincial,Boundary/Midway Prov,2009,2910.0
Population,Metro Vancouver,RCMP Provincial,Bowen Island Prov,2009,3423.0
Population,Metro Vancouver,RCMP Municipal,Burnaby Mun,2009,223008.0
Population,Bulkley Nechako,RCMP Provincial,Burns Lake Prov,2009,6202.0
Population,Strathcona,RCMP Municipal,Campbell River Mun,2009,31163.0
Population,Strathcona,RCMP Provincial,Campbell River Prov,2009,5399.0
Population,Central Kootenay,RCMP Municipal,Castlegar Mun,2009,7851.0
Population,Central Kootenay,RCMP Provincial,Castlegar Prov,2009,5944.0
Population,Capital,Independent Municipal,Central Saanich Mun,2009,16085.0
Population,Thompson Nicola,RCMP Provincial,Chase Prov,2009,8469.0
Population,Peace River,RCMP Provincial,Chetwynd Prov,2009,5350.0
Population,Fraser Valley,RCMP Municipal,Chilliwack Mun,2009,79703.0
Population,Fraser Valley,RCMP Provincial,Chilliwack Prov,2009,4910.0
Population,Thompson Nicola,RCMP Provincial,Clearwater Prov,2009,4384.0
Population,Thompson Nicola,RCMP Provincial,Clinton Prov,2009,1843.0
Population,North Okanagan,RCMP Municipal,Coldstream Mun,2009,10422.0
Population,East Kootenay,RCMP Provincial,Columbia Valley Prov,2009,9505.0
Population,Capital,RCMP Municipal,Colwood Mun,2009,16061.0
Population,Comox Valley,RCMP Municipal,Comox Mun,2009,13553.0
Population,Comox Valley,RCMP Provincial,Comox Valley Prov,2009,26083.0
Population,Metro Vancouver,RCMP Municipal,Coquitlam Mun,2009,125052.0
Population,Metro Vancouver,RCMP Provincial,Coquitlam Prov,2009,2753.0
Population,Comox Valley,RCMP Municipal,Courtenay Mun,2009,23890.0
Population,East Kootenay,RCMP Municipal,Cranbrook Mun,2009,19496.0
Population,East Kootenay,RCMP Provincial,Cranbrook Prov,2009,6725.0
Population,Central Kootenay,RCMP Municipal,Creston Mun,2009,NA
Population,Central Kootenay,RCMP Provincial,Creston Prov,2009,13257.0
Population,Peace River,RCMP Municipal,Dawson Creek Mun,2009,11158.0
Population,Peace River,RCMP Provincial,Dawson Creek Prov,2009,6864.0
Population,Kitimat Stikine,RCMP Provincial,Dease Lake Prov,2009,1273.0
Population,Metro Vancouver,Independent Municipal,Delta Mun,2009,101480.0
Population,Cowichan Valley,RCMP Provincial,Duncan Prov,2009,14510.0
Population,East Kootenay,RCMP Provincial,Elk Valley Prov,2009,13651.0
Population,North Okanagan,RCMP Provincial,Enderby Prov,2009,6964.0
Population,Columbia Shuswap,RCMP Provincial,Falkland Prov,2009,2945.0
Population,Bulkley Nechako,RCMP Provincial,Fort St James Prov,2009,4171.0
Population,Peace River,RCMP Municipal,Fort St John Mun,2009,18637.0
Population,Peace River,RCMP Provincial,Fort St John Prov,2009,13975.0
Population,Bulkley Nechako,RCMP Provincial,Fraser Lake Prov,2009,3279.0
Population,Nanaimo,RCMP Provincial,Gabriola Island Prov,2009,4075.0
Population,Columbia Shuswap,RCMP Provincial,Golden Prov,2009,7082.0
Population,Fraser Valley,RCMP Municipal,Hope Mun,2009,6141.0
Population,Fraser Valley,RCMP Provincial,Hope  Prov,2009,1167.0
Population,Bulkley Nechako,RCMP Provincial,Houston/Granisle Prov,2009,4433.0
Population,Peace River,RCMP Provincial,Hudson's Hope Prov,2009,1224.0
Population,Thompson Nicola,RCMP Municipal,Kamloops Mun,2009,87089.0
Population,Central Kootenay,RCMP Provincial,Kaslo Prov,2009,2394.0
Population,Central Okanagan,RCMP Municipal,Kelowna Mun,2009,119570.0
Population,Central Okanagan,RCMP Provincial,Kelowna Prov,2009,23071.0
Population,Fraser Valley,RCMP Municipal,Kent Mun,2009,5659.0
Population,Okanagan Similkameen,RCMP Provincial,Keremeos Prov,2009,4880.0
Population,East Kootenay,RCMP Municipal,Kimberley Mun,2009,6702.0
Population,East Kootenay,RCMP Provincial,Kimberley Prov,2009,1958.0
Population,Kitimat Stikine,RCMP Municipal,Kitimat Mun,2009,8891.0
Population,Kitimat Stikine,RCMP Provincial,Kitimat Prov,2009,530.0
Population,Cowichan Valley,RCMP Municipal,Ladysmith Mun,2009,7907.0
Population,Cowichan Valley,RCMP Provincial,Ladysmith Prov,2009,5677.0
Population,Central Okanagan,RCMP Municipal,Lake Country Mun,2009,11469.0
Population,Cowichan Valley,RCMP Provincial,Lake Cowichan Prov,2009,6004.0
Population,Capital,RCMP Municipal,Langford Mun,2009,27450.0
Population,Metro Vancouver,RCMP Municipal,Langley City Mun,2009,25430.0
Population,Metro Vancouver,RCMP Municipal,Langley Township Mun,2009,104298.0
Population,Squamish Lillooet,RCMP Provincial,Lillooet Prov,2009,3247.0
Population,Kitimat Stikine,RCMP Provincial,Lisims/Nass Valley Prov,2009,1963.0
Population,Thompson Nicola,RCMP Provincial,Logan Lake Prov,2009,2609.0
Population,North Okanagan,RCMP Provincial,Lumby Prov,2009,5953.0
Population,Thompson Nicola,RCMP Provincial,Lytton Prov,2009,1961.0
Population,Fraser Fort George,RCMP Provincial,Mackenzie Prov,2009,3821.0
Population,Metro Vancouver,RCMP Municipal,Maple Ridge Mun,2009,75612.0
Population,North Coast Regional District (22),RCMP Provincial,Masset Prov,2009,2112.0
Population,Fraser Fort George,RCMP Provincial,McBride Prov,2009,1713.0
Population,Thompson Nicola,RCMP Municipal,Merritt Mun,2009,7428.0
Population,Thompson Nicola,RCMP Provincial,Merritt Prov,2009,3965.0
Population,Fraser Valley,RCMP Municipal,Mission Mun,2009,37160.0
Population,Fraser Valley,RCMP Provincial,Mission Prov,2009,4284.0
Population,Central Kootenay,RCMP Provincial,Nakusp Prov,2009,3369.0
Population,Nanaimo,RCMP Municipal,Nanaimo Mun,2009,83560.0
Population,Nanaimo,RCMP Provincial,Nanaimo Prov,2009,14001.0
Population,Central Kootenay,Independent Municipal,Nelson Mun,2009,10233.0
Population,Central Kootenay,RCMP Provincial,Nelson Prov,2009,11769.0
Population,Kitimat Stikine,RCMP Provincial,New Hazelton Prov,2009,5543.0
Population,Metro Vancouver,Independent Municipal,New Westminster Mun,2009,64930.0
Population,Strathcona,RCMP Provincial,Nootka Sound Prov,2009,2046.0
Population,Cowichan Valley,RCMP Municipal,North Cowichan Mun,2009,29003.0
Population,Capital,RCMP Municipal,North Saanich Mun,2009,11013.0
Population,Metro Vancouver,RCMP Municipal,North Vancouver City Mun,2009,47977.0
Population,Metro Vancouver,RCMP Municipal,North Vancouver District Mun,2009,85253.0
Population,Metro Vancouver,RCMP Provincial,North Vancouver Prov,2009,2055.0
Population,Northern Rockies,RCMP Municipal,Northern Rockies Mun,2009,NA
Population,Northern Rockies,RCMP Provincial,Northern Rockies Prov,2009,5789.0
Population,Capital,Independent Municipal,Oak Bay Mun,2009,18039.0
Population,Nanaimo,RCMP Provincial,Oceanside Prov,2009,24355.0
Population,Cariboo,RCMP Provincial,One Hundred Mile House Prov,2009,13013.0
Population,Capital,RCMP Provincial,Outer Gulf  Islands Prov,2009,4723.0
Population,Nanaimo,RCMP Municipal,Parksville Mun,2009,12026.0
Population,Central Okanagan,RCMP Municipal,Peachland Mun,2009,NA
Population,Squamish Lillooet,RCMP Provincial,Pemberton Prov,2009,4255.0
Population,Okanagan Similkameen,RCMP Municipal,Penticton Mun,2009,33339.0
Population,Okanagan Similkameen,RCMP Provincial,Penticton Prov,2009,11790.0
Population,Metro Vancouver,RCMP Municipal,Pitt Meadows Mun,2009,17875.0
Population,Alberni Clayoquot,RCMP Municipal,Port Alberni Mun,2009,17722.0
Population,Alberni Clayoquot,RCMP Provincial,Port Alberni Prov,2009,8224.0
Population,Mount Waddington,RCMP Provincial,Port Alice Prov,2009,859.0
Population,Metro Vancouver,RCMP Municipal,Port Coquitlam Mun,2009,56339.0
Population,Mount Waddington,RCMP Provincial,Port Hardy Prov,2009,5433.0
Population,Mount Waddington,RCMP Provincial,Port McNeill Prov,2009,4553.0
Population,Metro Vancouver,Independent Municipal,Port Moody Mun,2009,32797.0
Population,Powell River,RCMP Municipal,Powell River Mun,2009,13105.0
Population,Powell River,RCMP Provincial,Powell River Prov,2009,5544.0
Population,Fraser Fort George,RCMP Municipal,Prince George Mun,2009,73119.0
Population,Fraser Fort George,RCMP Provincial,Prince George Prov,2009,13327.0
Population,North Coast Regional District (22),RCMP Municipal,Prince Rupert Mun,2009,12704.0
Population,North Coast Regional District (22),RCMP Provincial,Prince Rupert Prov,2009,2e3
Population,Okanagan Similkameen,RCMP Provincial,Princeton Prov,2009,4825.0
Population,Strathcona,RCMP Provincial,Quadra Island Prov,2009,3583.0
Population,Nanaimo,RCMP Municipal,Qualicum Beach Mun,2009,8771.0
Population,North Coast Regional District (22),RCMP Provincial,Queen Charlotte Prov,2009,2368.0
Population,Cariboo,RCMP Municipal,Quesnel Mun,2009,9818.0
Population,Cariboo,RCMP Provincial,Quesnel Prov,2009,13467.0
Population,Columbia Shuswap,RCMP Municipal,Revelstoke Mun,2009,7190.0
Population,Columbia Shuswap,RCMP Provincial,Revelstoke Prov,2009,586.0
Population,Metro Vancouver,RCMP Municipal,Richmond Mun,2009,192535.0
Population,Metro Vancouver,RCMP Provincial,Ridge Meadows Prov,2009,95.0
Population,Capital,Independent Municipal,Saanich Mun,2009,112371.0
Population,Central Kootenay,RCMP Provincial,Salmo Prov,2009,2565.0
Population,Columbia Shuswap,RCMP Municipal,Salmon Arm Mun,2009,17428.0
Population,Columbia Shuswap,RCMP Provincial,Salmon Arm Prov,2009,9505.0
Population,Capital,RCMP Provincial,Saltspring Island Prov,2009,10243.0
Population,Strathcona,RCMP Provincial,Sayward Prov,2009,797.0
Population,Sunshine Coast,RCMP Municipal,Sechelt Mun,2009,8906.0
Population,Cowichan Valley,RCMP Provincial,Shawnigan Lake Prov,2009,17293.0
Population,Columbia Shuswap,RCMP Provincial,Sicamous Prov,2009,4051.0
Population,Capital,RCMP Municipal,Sidney Mun,2009,11359.0
Population,Capital,RCMP Provincial,Sidney Prov,2009,3473.0
Population,Central Kootenay,RCMP Provincial,Slocan Lake Prov,2009,1976.0
Population,Bulkley Nechako,RCMP Municipal,Smithers Mun,2009,5386.0
Population,Bulkley Nechako,RCMP Provincial,Smithers Prov,2009,7452.0
Population,Capital,RCMP Municipal,Sooke Mun,2009,11006.0
Population,Capital,RCMP Provincial,Sooke Prov,2009,4535.0
Population,Okanagan Similkameen,RCMP Provincial,South Okanagan/Oliver,2009,9008.0
Population,Okanagan Similkameen,RCMP Provincial,South Okanagan/Osoyoos,2009,7500.0
Population,North Okanagan,RCMP Municipal,Spallumcheen Mun,2009,NA
Population,Squamish Lillooet,RCMP Municipal,Squamish Mun,2009,16881.0
Population,Squamish Lillooet,RCMP Provincial,Squamish Prov,2009,1950.0
Population,Kitimat Stikine,RCMP Provincial,Stewart Prov,2009,487.0
Population,Squamish Lillooet,First Nations Aboriginal Police Service,Stl'atl'imx FNAPS,2009,2946.0
Population,Okanagan Similkameen,RCMP Municipal,Summerland Mun,2009,11472.0
Population,Sunshine Coast,RCMP Provincial,Sunshine Coast Prov,2009,19622.0
Population,Metro Vancouver,RCMP Municipal,Surrey Mun,2009,453356.0
Population,Bulkley Nechako,RCMP Provincial,Takla Landing Prov,2009,185.0
Population,Kitimat Stikine,RCMP Municipal,Terrace Mun,2009,11412.0
Population,Kitimat Stikine,RCMP Provincial,Terrace Prov,2009,7543.0
Population,Powell River,RCMP Provincial,Texada Island Prov,2009,1055.0
Population,Thompson Nicola,RCMP Provincial,T'Kumlups Prov,2009,8170.0
Population,Alberni Clayoquot,RCMP Provincial,Tofino Prov,2009,3186.0
Population,Kootenay Boundary,RCMP Municipal,Trail Mun,2009,7614.0
Population,Kootenay Boundary,RCMP Provincial,Trail and Greater District,2009,11088.0
Population,Fraser Fort George,RCMP Provincial,Tsay Keh Dene Prov,2009,373.0
Population,Peace River,RCMP Provincial,Tumbler Ridge Prov,2009,2674.0
Population,Alberni Clayoquot,RCMP Provincial,Ucluelet Prov,2009,2181.0
Population,Metro Vancouver,RCMP Provincial,University Prov,2009,11717.0
Population,Fraser Fort George,RCMP Provincial,Valemount Prov,2009,1603.0
Population,Metro Vancouver,Independent Municipal,Vancouver Mun,2009,611642.0
Population,Bulkley Nechako,RCMP Provincial,Vanderhoof Prov,2009,8470.0
Population,North Okanagan,RCMP Municipal,Vernon Mun,2009,38754.0
Population,North Okanagan,RCMP Provincial,Vernon Prov,2009,11753.0
Population,Capital,Independent Municipal,Victoria Mun,2009,98886.0
Population,Capital,RCMP Municipal,View Royal Mun,2009,9428.0
Population,Cariboo,RCMP Provincial,Wells Prov,2009,342.0
Population,Central Okanagan,RCMP Municipal,West Kelowna Mun,2009,26593.0
Population,Capital,RCMP Provincial,West Shore Prov,2009,8899.0
Population,Metro Vancouver,Independent Municipal,West Vancouver Mun,2009,45073.0
Population,Squamish Lillooet,RCMP Municipal,Whistler Mun,2009,10160.0
Population,Squamish Lillooet,RCMP Provincial,Whistler Prov,2009,294.0
Population,Metro Vancouver,RCMP Municipal,White Rock Mun,2009,19116.0
Population,Cariboo,RCMP Municipal,Williams Lake Mun,2009,11144.0
Population,Cariboo,RCMP Provincial,Williams Lake Prov,2009,13046.0
Criminal Code Offences,Fraser Valley,Independent Municipal,Abbotsford Mun,2010,8860.0
Criminal Code Offences,Fraser Valley,RCMP Provincial,Agassiz Prov,2010,544.0
Criminal Code Offences,Mount Waddington,RCMP Provincial,Alert Bay Prov,2010,273.0
Criminal Code Offences,Cariboo,RCMP Provincial,Alexis Creek Prov,2010,218.0
Criminal Code Offences,Cariboo,RCMP Provincial,Anahim Lake Prov,2010,163.0
Criminal Code Offences,North Okanagan,RCMP Provincial,Armstrong Prov,2010,462.0
Criminal Code Offences,Thompson Nicola,RCMP Provincial,Ashcroft Prov,2010,347.0
Criminal Code Offences,Kitimat Stikine,RCMP Provincial,Atlin Prov,2010,76.0
Criminal Code Offences,Thompson Nicola,RCMP Provincial,Barriere Prov,2010,186.0
Criminal Code Offences,Central Coast,RCMP Provincial,Bella Bella Prov,2010,429.0
Criminal Code Offences,Central Coast,RCMP Provincial,Bella Coola Prov,2010,413.0
Criminal Code Offences,Fraser Valley,RCMP Provincial,Boston Bar Prov,2010,152.0
Criminal Code Offences,Kootenay Boundary,RCMP Provincial,Boundary/Grand Forks Prov,2010,781.0
Criminal Code Offences,Kootenay Boundary,RCMP Provincial,Boundary/Midway Prov,2010,307.0
Criminal Code Offences,Metro Vancouver,RCMP Provincial,Bowen Island Prov,2010,87.0
Criminal Code Offences,Metro Vancouver,RCMP Municipal,Burnaby Mun,2010,16079.0
Criminal Code Offences,Bulkley Nechako,RCMP Provincial,Burns Lake Prov,2010,1258.0
Criminal Code Offences,Strathcona,RCMP Municipal,Campbell River Mun,2010,3863.0
Criminal Code Offences,Strathcona,RCMP Provincial,Campbell River Prov,2010,398.0
Criminal Code Offences,Central Kootenay,RCMP Municipal,Castlegar Mun,2010,830.0
Criminal Code Offences,Central Kootenay,RCMP Provincial,Castlegar Prov,2010,237.0
Criminal Code Offences,Capital,Independent Municipal,Central Saanich Mun,2010,605.0
Criminal Code Offences,Thompson Nicola,RCMP Provincial,Chase Prov,2010,729.0
Criminal Code Offences,Peace River,RCMP Provincial,Chetwynd Prov,2010,876.0
Criminal Code Offences,Fraser Valley,RCMP Municipal,Chilliwack Mun,2010,7829.0
Criminal Code Offences,Fraser Valley,RCMP Provincial,Chilliwack Prov,2010,674.0
Criminal Code Offences,Thompson Nicola,RCMP Provincial,Clearwater Prov,2010,255.0
Criminal Code Offences,Thompson Nicola,RCMP Provincial,Clinton Prov,2010,155.0
Criminal Code Offences,North Okanagan,RCMP Municipal,Coldstream Mun,2010,362.0
Criminal Code Offences,East Kootenay,RCMP Provincial,Columbia Valley Prov,2010,778.0
Criminal Code Offences,Capital,RCMP Municipal,Colwood Mun,2010,688.0
Criminal Code Offences,Comox Valley,RCMP Municipal,Comox Mun,2010,575.0
Criminal Code Offences,Comox Valley,RCMP Provincial,Comox Valley Prov,2010,1137.0
Criminal Code Offences,Metro Vancouver,RCMP Municipal,Coquitlam Mun,2010,7966.0
Criminal Code Offences,Metro Vancouver,RCMP Provincial,Coquitlam Prov,2010,108.0
Criminal Code Offences,Comox Valley,RCMP Municipal,Courtenay Mun,2010,2907.0
Criminal Code Offences,East Kootenay,RCMP Municipal,Cranbrook Mun,2010,2312.0
Criminal Code Offences,East Kootenay,RCMP Provincial,Cranbrook Prov,2010,312.0
Criminal Code Offences,Central Kootenay,RCMP Municipal,Creston Mun,2010,NA
Criminal Code Offences,Central Kootenay,RCMP Provincial,Creston Prov,2010,948.0
Criminal Code Offences,Peace River,RCMP Municipal,Dawson Creek Mun,2010,1648.0
Criminal Code Offences,Peace River,RCMP Provincial,Dawson Creek Prov,2010,283.0
Criminal Code Offences,Kitimat Stikine,RCMP Provincial,Dease Lake Prov,2010,164.0
Criminal Code Offences,Metro Vancouver,Independent Municipal,Delta Mun,2010,6009.0
Criminal Code Offences,Cowichan Valley,RCMP Provincial,Duncan Prov,2010,2290.0
Criminal Code Offences,East Kootenay,RCMP Provincial,Elk Valley Prov,2010,1189.0
Criminal Code Offences,North Okanagan,RCMP Provincial,Enderby Prov,2010,482.0
Criminal Code Offences,Columbia Shuswap,RCMP Provincial,Falkland Prov,2010,139.0
Criminal Code Offences,Bulkley Nechako,RCMP Provincial,Fort St James Prov,2010,1259.0
Criminal Code Offences,Peace River,RCMP Municipal,Fort St John Mun,2010,3147.0
Criminal Code Offences,Peace River,RCMP Provincial,Fort St John Prov,2010,654.0
Criminal Code Offences,Bulkley Nechako,RCMP Provincial,Fraser Lake Prov,2010,295.0
Criminal Code Offences,Nanaimo,RCMP Provincial,Gabriola Island Prov,2010,245.0
Criminal Code Offences,Columbia Shuswap,RCMP Provincial,Golden Prov,2010,567.0
Criminal Code Offences,Fraser Valley,RCMP Municipal,Hope Mun,2010,860.0
Criminal Code Offences,Fraser Valley,RCMP Provincial,Hope  Prov,2010,279.0
Criminal Code Offences,Bulkley Nechako,RCMP Provincial,Houston/Granisle Prov,2010,524.0
Criminal Code Offences,Peace River,RCMP Provincial,Hudson's Hope Prov,2010,89.0
Criminal Code Offences,Thompson Nicola,RCMP Municipal,Kamloops Mun,2010,9797.0
Criminal Code Offences,Central Kootenay,RCMP Provincial,Kaslo Prov,2010,100.0
Criminal Code Offences,Central Okanagan,RCMP Municipal,Kelowna Mun,2010,13654.0
Criminal Code Offences,Central Okanagan,RCMP Provincial,Kelowna Prov,2010,1386.0
Criminal Code Offences,Fraser Valley,RCMP Municipal,Kent Mun,2010,402.0
Criminal Code Offences,Okanagan Similkameen,RCMP Provincial,Keremeos Prov,2010,314.0
Criminal Code Offences,East Kootenay,RCMP Municipal,Kimberley Mun,2010,435.0
Criminal Code Offences,East Kootenay,RCMP Provincial,Kimberley Prov,2010,74.0
Criminal Code Offences,Kitimat Stikine,RCMP Municipal,Kitimat Mun,2010,945.0
Criminal Code Offences,Kitimat Stikine,RCMP Provincial,Kitimat Prov,2010,59.0
Criminal Code Offences,Cowichan Valley,RCMP Municipal,Ladysmith Mun,2010,678.0
Criminal Code Offences,Cowichan Valley,RCMP Provincial,Ladysmith Prov,2010,331.0
Criminal Code Offences,Central Okanagan,RCMP Municipal,Lake Country Mun,2010,635.0
Criminal Code Offences,Cowichan Valley,RCMP Provincial,Lake Cowichan Prov,2010,608.0
Criminal Code Offences,Capital,RCMP Municipal,Langford Mun,2010,2040.0
Criminal Code Offences,Metro Vancouver,RCMP Municipal,Langley City Mun,2010,3705.0
Criminal Code Offences,Metro Vancouver,RCMP Municipal,Langley Township Mun,2010,8599.0
Criminal Code Offences,Squamish Lillooet,RCMP Provincial,Lillooet Prov,2010,544.0
Criminal Code Offences,Kitimat Stikine,RCMP Provincial,Lisims/Nass Valley Prov,2010,459.0
Criminal Code Offences,Thompson Nicola,RCMP Provincial,Logan Lake Prov,2010,156.0
Criminal Code Offences,North Okanagan,RCMP Provincial,Lumby Prov,2010,284.0
Criminal Code Offences,Thompson Nicola,RCMP Provincial,Lytton Prov,2010,224.0
Criminal Code Offences,Fraser Fort George,RCMP Provincial,Mackenzie Prov,2010,466.0
Criminal Code Offences,Metro Vancouver,RCMP Municipal,Maple Ridge Mun,2010,6577.0
Criminal Code Offences,North Coast Regional District (22),RCMP Provincial,Masset Prov,2010,400.0
Criminal Code Offences,Fraser Fort George,RCMP Provincial,McBride Prov,2010,102.0
Criminal Code Offences,Thompson Nicola,RCMP Municipal,Merritt Mun,2010,1230.0
Criminal Code Offences,Thompson Nicola,RCMP Provincial,Merritt Prov,2010,287.0
Criminal Code Offences,Fraser Valley,RCMP Municipal,Mission Mun,2010,3870.0
Criminal Code Offences,Fraser Valley,RCMP Provincial,Mission Prov,2010,344.0
Criminal Code Offences,Central Kootenay,RCMP Provincial,Nakusp Prov,2010,273.0
Criminal Code Offences,Nanaimo,RCMP Municipal,Nanaimo Mun,2010,10459.0
Criminal Code Offences,Nanaimo,RCMP Provincial,Nanaimo Prov,2010,601.0
Criminal Code Offences,Central Kootenay,Independent Municipal,Nelson Mun,2010,1015.0
Criminal Code Offences,Central Kootenay,RCMP Provincial,Nelson Prov,2010,272.0
Criminal Code Offences,Kitimat Stikine,RCMP Provincial,New Hazelton Prov,2010,1402.0
Criminal Code Offences,Metro Vancouver,Independent Municipal,New Westminster Mun,2010,6024.0
Criminal Code Offences,Strathcona,RCMP Provincial,Nootka Sound Prov,2010,193.0
Criminal Code Offences,Cowichan Valley,RCMP Municipal,North Cowichan Mun,2010,2328.0
Criminal Code Offences,Capital,RCMP Municipal,North Saanich Mun,2010,404.0
Criminal Code Offences,Metro Vancouver,RCMP Municipal,North Vancouver City Mun,2010,4116.0
Criminal Code Offences,Metro Vancouver,RCMP Municipal,North Vancouver District Mun,2010,3862.0
Criminal Code Offences,Metro Vancouver,RCMP Provincial,North Vancouver Prov,2010,428.0
Criminal Code Offences,Northern Rockies,RCMP Municipal,Northern Rockies Mun,2010,NA
Criminal Code Offences,Northern Rockies,RCMP Provincial,Northern Rockies Prov,2010,1180.0
Criminal Code Offences,Capital,Independent Municipal,Oak Bay Mun,2010,734.0
Criminal Code Offences,Nanaimo,RCMP Provincial,Oceanside Prov,2010,960.0
Criminal Code Offences,Cariboo,RCMP Provincial,One Hundred Mile House Prov,2010,740.0
Criminal Code Offences,Capital,RCMP Provincial,Outer Gulf  Islands Prov,2010,129.0
Criminal Code Offences,Nanaimo,RCMP Municipal,Parksville Mun,2010,896.0
Criminal Code Offences,Central Okanagan,RCMP Municipal,Peachland Mun,2010,NA
Criminal Code Offences,Squamish Lillooet,RCMP Provincial,Pemberton Prov,2010,323.0
Criminal Code Offences,Okanagan Similkameen,RCMP Municipal,Penticton Mun,2010,4341.0
Criminal Code Offences,Okanagan Similkameen,RCMP Provincial,Penticton Prov,2010,489.0
Criminal Code Offences,Metro Vancouver,RCMP Municipal,Pitt Meadows Mun,2010,1150.0
Criminal Code Offences,Alberni Clayoquot,RCMP Municipal,Port Alberni Mun,2010,2465.0
Criminal Code Offences,Alberni Clayoquot,RCMP Provincial,Port Alberni Prov,2010,441.0
Criminal Code Offences,Mount Waddington,RCMP Provincial,Port Alice Prov,2010,113.0
Criminal Code Offences,Metro Vancouver,RCMP Municipal,Port Coquitlam Mun,2010,3906.0
Criminal Code Offences,Mount Waddington,RCMP Provincial,Port Hardy Prov,2010,758.0
Criminal Code Offences,Mount Waddington,RCMP Provincial,Port McNeill Prov,2010,323.0
Criminal Code Offences,Metro Vancouver,Independent Municipal,Port Moody Mun,2010,1244.0
Criminal Code Offences,Powell River,RCMP Municipal,Powell River Mun,2010,970.0
Criminal Code Offences,Powell River,RCMP Provincial,Powell River Prov,2010,290.0
Criminal Code Offences,Fraser Fort George,RCMP Municipal,Prince George Mun,2010,12735.0
Criminal Code Offences,Fraser Fort George,RCMP Provincial,Prince George Prov,2010,665.0
Criminal Code Offences,North Coast Regional District (22),RCMP Municipal,Prince Rupert Mun,2010,3137.0
Criminal Code Offences,North Coast Regional District (22),RCMP Provincial,Prince Rupert Prov,2010,236.0
Criminal Code Offences,Okanagan Similkameen,RCMP Provincial,Princeton Prov,2010,407.0
Criminal Code Offences,Strathcona,RCMP Provincial,Quadra Island Prov,2010,188.0
Criminal Code Offences,Nanaimo,RCMP Municipal,Qualicum Beach Mun,2010,430.0
Criminal Code Offences,North Coast Regional District (22),RCMP Provincial,Queen Charlotte Prov,2010,239.0
Criminal Code Offences,Cariboo,RCMP Municipal,Quesnel Mun,2010,1994.0
Criminal Code Offences,Cariboo,RCMP Provincial,Quesnel Prov,2010,628.0
Criminal Code Offences,Columbia Shuswap,RCMP Municipal,Revelstoke Mun,2010,570.0
Criminal Code Offences,Columbia Shuswap,RCMP Provincial,Revelstoke Prov,2010,56.0
Criminal Code Offences,Metro Vancouver,RCMP Municipal,Richmond Mun,2010,12253.0
Criminal Code Offences,Metro Vancouver,RCMP Provincial,Ridge Meadows Prov,2010,1351.0
Criminal Code Offences,Capital,Independent Municipal,Saanich Mun,2010,5816.0
Criminal Code Offences,Central Kootenay,RCMP Provincial,Salmo Prov,2010,190.0
Criminal Code Offences,Columbia Shuswap,RCMP Municipal,Salmon Arm Mun,2010,1909.0
Criminal Code Offences,Columbia Shuswap,RCMP Provincial,Salmon Arm Prov,2010,534.0
Criminal Code Offences,Capital,RCMP Provincial,Saltspring Island Prov,2010,618.0
Criminal Code Offences,Strathcona,RCMP Provincial,Sayward Prov,2010,53.0
Criminal Code Offences,Sunshine Coast,RCMP Municipal,Sechelt Mun,2010,734.0
Criminal Code Offences,Cowichan Valley,RCMP Provincial,Shawnigan Lake Prov,2010,580.0
Criminal Code Offences,Columbia Shuswap,RCMP Provincial,Sicamous Prov,2010,411.0
Criminal Code Offences,Capital,RCMP Municipal,Sidney Mun,2010,703.0
Criminal Code Offences,Capital,RCMP Provincial,Sidney Prov,2010,333.0
Criminal Code Offences,Central Kootenay,RCMP Provincial,Slocan Lake Prov,2010,185.0
Criminal Code Offences,Bulkley Nechako,RCMP Municipal,Smithers Mun,2010,848.0
Criminal Code Offences,Bulkley Nechako,RCMP Provincial,Smithers Prov,2010,349.0
Criminal Code Offences,Capital,RCMP Municipal,Sooke Mun,2010,739.0
Criminal Code Offences,Capital,RCMP Provincial,Sooke Prov,2010,315.0
Criminal Code Offences,Okanagan Similkameen,RCMP Provincial,South Okanagan/Oliver,2010,607.0
Criminal Code Offences,Okanagan Similkameen,RCMP Provincial,South Okanagan/Osoyoos,2010,689.0
Criminal Code Offences,North Okanagan,RCMP Municipal,Spallumcheen Mun,2010,NA
Criminal Code Offences,Squamish Lillooet,RCMP Municipal,Squamish Mun,2010,1784.0
Criminal Code Offences,Squamish Lillooet,RCMP Provincial,Squamish Prov,2010,87.0
Criminal Code Offences,Kitimat Stikine,RCMP Provincial,Stewart Prov,2010,40.0
Criminal Code Offences,Squamish Lillooet,First Nations Aboriginal Police Service,Stl'atl'imx FNAPS,2010,545.0
Criminal Code Offences,Okanagan Similkameen,RCMP Municipal,Summerland Mun,2010,497.0
Criminal Code Offences,Sunshine Coast,RCMP Provincial,Sunshine Coast Prov,2010,1517.0
Criminal Code Offences,Metro Vancouver,RCMP Municipal,Surrey Mun,2010,42735.0
Criminal Code Offences,Bulkley Nechako,RCMP Provincial,Takla Landing Prov,2010,131.0
Criminal Code Offences,Kitimat Stikine,RCMP Municipal,Terrace Mun,2010,2150.0
Criminal Code Offences,Kitimat Stikine,RCMP Provincial,Terrace Prov,2010,530.0
Criminal Code Offences,Powell River,RCMP Provincial,Texada Island Prov,2010,63.0
Criminal Code Offences,Thompson Nicola,RCMP Provincial,T'Kumlups Prov,2010,712.0
Criminal Code Offences,Alberni Clayoquot,RCMP Provincial,Tofino Prov,2010,540.0
Criminal Code Offences,Kootenay Boundary,RCMP Municipal,Trail Mun,2010,929.0
Criminal Code Offences,Kootenay Boundary,RCMP Provincial,Trail and Greater District,2010,415.0
Criminal Code Offences,Fraser Fort George,RCMP Provincial,Tsay Keh Dene Prov,2010,243.0
Criminal Code Offences,Peace River,RCMP Provincial,Tumbler Ridge Prov,2010,305.0
Criminal Code Offences,Alberni Clayoquot,RCMP Provincial,Ucluelet Prov,2010,294.0
Criminal Code Offences,Metro Vancouver,RCMP Provincial,University Prov,2010,1324.0
Criminal Code Offences,Fraser Fort George,RCMP Provincial,Valemount Prov,2010,147.0
Criminal Code Offences,Metro Vancouver,Independent Municipal,Vancouver Mun,2010,49707.0
Criminal Code Offences,Bulkley Nechako,RCMP Provincial,Vanderhoof Prov,2010,1092.0
Criminal Code Offences,North Okanagan,RCMP Municipal,Vernon Mun,2010,4274.0
Criminal Code Offences,North Okanagan,RCMP Provincial,Vernon Prov,2010,516.0
Criminal Code Offences,Capital,Independent Municipal,Victoria Mun,2010,13772.0
Criminal Code Offences,Capital,RCMP Municipal,View Royal Mun,2010,628.0
Criminal Code Offences,Cariboo,RCMP Provincial,Wells Prov,2010,28.0
Criminal Code Offences,Central Okanagan,RCMP Municipal,West Kelowna Mun,2010,1466.0
Criminal Code Offences,Capital,RCMP Provincial,West Shore Prov,2010,421.0
Criminal Code Offences,Metro Vancouver,Independent Municipal,West Vancouver Mun,2010,1880.0
Criminal Code Offences,Squamish Lillooet,RCMP Municipal,Whistler Mun,2010,1672.0
Criminal Code Offences,Squamish Lillooet,RCMP Provincial,Whistler Prov,2010,20.0
Criminal Code Offences,Metro Vancouver,RCMP Municipal,White Rock Mun,2010,1418.0
Criminal Code Offences,Cariboo,RCMP Municipal,Williams Lake Mun,2010,2860.0
Criminal Code Offences,Cariboo,RCMP Provincial,Williams Lake Prov,2010,540.0
Crime Rates,Fraser Valley,Independent Municipal,Abbotsford Mun,2010,64.73
Crime Rates,Fraser Valley,RCMP Provincial,Agassiz Prov,2010,141.41
Crime Rates,Mount Waddington,RCMP Provincial,Alert Bay Prov,2010,197.97
Crime Rates,Cariboo,RCMP Provincial,Alexis Creek Prov,2010,126.52
Crime Rates,Cariboo,RCMP Provincial,Anahim Lake Prov,2010,228.93
Crime Rates,North Okanagan,RCMP Provincial,Armstrong Prov,2010,44.09
Crime Rates,Thompson Nicola,RCMP Provincial,Ashcroft Prov,2010,91.9
Crime Rates,Kitimat Stikine,RCMP Provincial,Atlin Prov,2010,183.57
Crime Rates,Thompson Nicola,RCMP Provincial,Barriere Prov,2010,47.839999999999996
Crime Rates,Central Coast,RCMP Provincial,Bella Bella Prov,2010,266.63
Crime Rates,Central Coast,RCMP Provincial,Bella Coola Prov,2010,215.55
Crime Rates,Fraser Valley,RCMP Provincial,Boston Bar Prov,2010,239.37
Crime Rates,Kootenay Boundary,RCMP Provincial,Boundary/Grand Forks Prov,2010,89.51
Crime Rates,Kootenay Boundary,RCMP Provincial,Boundary/Midway Prov,2010,106.04
Crime Rates,Metro Vancouver,RCMP Provincial,Bowen Island Prov,2010,25.39
Crime Rates,Metro Vancouver,RCMP Municipal,Burnaby Mun,2010,70.69
Crime Rates,Bulkley Nechako,RCMP Provincial,Burns Lake Prov,2010,202.22
Crime Rates,Strathcona,RCMP Municipal,Campbell River Mun,2010,123.36999999999999
Crime Rates,Strathcona,RCMP Provincial,Campbell River Prov,2010,74.7
Crime Rates,Central Kootenay,RCMP Municipal,Castlegar Mun,2010,105.86999999999999
Crime Rates,Central Kootenay,RCMP Provincial,Castlegar Prov,2010,39.71
Crime Rates,Capital,Independent Municipal,Central Saanich Mun,2010,37.660000000000004
Crime Rates,Thompson Nicola,RCMP Provincial,Chase Prov,2010,87.63
Crime Rates,Peace River,RCMP Provincial,Chetwynd Prov,2010,163.04
Crime Rates,Fraser Valley,RCMP Municipal,Chilliwack Mun,2010,95.98
Crime Rates,Fraser Valley,RCMP Provincial,Chilliwack Prov,2010,139.03
Crime Rates,Thompson Nicola,RCMP Provincial,Clearwater Prov,2010,59.03
Crime Rates,Thompson Nicola,RCMP Provincial,Clinton Prov,2010,85.21000000000001
Crime Rates,North Okanagan,RCMP Municipal,Coldstream Mun,2010,35.08
Crime Rates,East Kootenay,RCMP Provincial,Columbia Valley Prov,2010,84.46000000000001
Crime Rates,Capital,RCMP Municipal,Colwood Mun,2010,41.949999999999996
Crime Rates,Comox Valley,RCMP Municipal,Comox Mun,2010,41.78
Crime Rates,Comox Valley,RCMP Provincial,Comox Valley Prov,2010,43.77
Crime Rates,Metro Vancouver,RCMP Municipal,Coquitlam Mun,2010,61.83
Crime Rates,Metro Vancouver,RCMP Provincial,Coquitlam Prov,2010,38.99
Crime Rates,Comox Valley,RCMP Municipal,Courtenay Mun,2010,120.58
Crime Rates,East Kootenay,RCMP Municipal,Cranbrook Mun,2010,118.32
Crime Rates,East Kootenay,RCMP Provincial,Cranbrook Prov,2010,46.879999999999995
Crime Rates,Central Kootenay,RCMP Municipal,Creston Mun,2010,NA
Crime Rates,Central Kootenay,RCMP Provincial,Creston Prov,2010,71.11999999999999
Crime Rates,Peace River,RCMP Municipal,Dawson Creek Mun,2010,144.98000000000002
Crime Rates,Peace River,RCMP Provincial,Dawson Creek Prov,2010,41.120000000000005
Crime Rates,Kitimat Stikine,RCMP Provincial,Dease Lake Prov,2010,130.78
Crime Rates,Metro Vancouver,Independent Municipal,Delta Mun,2010,59.0
Crime Rates,Cowichan Valley,RCMP Provincial,Duncan Prov,2010,156.55
Crime Rates,East Kootenay,RCMP Provincial,Elk Valley Prov,2010,87.27
Crime Rates,North Okanagan,RCMP Provincial,Enderby Prov,2010,69.3
Crime Rates,Columbia Shuswap,RCMP Provincial,Falkland Prov,2010,48.349999999999994
Crime Rates,Bulkley Nechako,RCMP Provincial,Fort St James Prov,2010,298.2
Crime Rates,Peace River,RCMP Municipal,Fort St John Mun,2010,167.85000000000002
Crime Rates,Peace River,RCMP Provincial,Fort St John Prov,2010,46.9
Crime Rates,Bulkley Nechako,RCMP Provincial,Fraser Lake Prov,2010,88.83
Crime Rates,Nanaimo,RCMP Provincial,Gabriola Island Prov,2010,59.71
Crime Rates,Columbia Shuswap,RCMP Provincial,Golden Prov,2010,81.75
Crime Rates,Fraser Valley,RCMP Municipal,Hope Mun,2010,140.04
Crime Rates,Fraser Valley,RCMP Provincial,Hope  Prov,2010,242.19
Crime Rates,Bulkley Nechako,RCMP Provincial,Houston/Granisle Prov,2010,116.64999999999999
Crime Rates,Peace River,RCMP Provincial,Hudson's Hope Prov,2010,73.49000000000001
Crime Rates,Thompson Nicola,RCMP Municipal,Kamloops Mun,2010,112.52
Crime Rates,Central Kootenay,RCMP Provincial,Kaslo Prov,2010,42.190000000000005
Crime Rates,Central Okanagan,RCMP Municipal,Kelowna Mun,2010,114.3
Crime Rates,Central Okanagan,RCMP Provincial,Kelowna Prov,2010,59.61
Crime Rates,Fraser Valley,RCMP Municipal,Kent Mun,2010,69.76
Crime Rates,Okanagan Similkameen,RCMP Provincial,Keremeos Prov,2010,65.95
Crime Rates,East Kootenay,RCMP Municipal,Kimberley Mun,2010,65.56
Crime Rates,East Kootenay,RCMP Provincial,Kimberley Prov,2010,38.2
Crime Rates,Kitimat Stikine,RCMP Municipal,Kitimat Mun,2010,108.4
Crime Rates,Kitimat Stikine,RCMP Provincial,Kitimat Prov,2010,112.6
Crime Rates,Cowichan Valley,RCMP Municipal,Ladysmith Mun,2010,85.3
Crime Rates,Cowichan Valley,RCMP Provincial,Ladysmith Prov,2010,57.48
Crime Rates,Central Okanagan,RCMP Municipal,Lake Country Mun,2010,54.86
Crime Rates,Cowichan Valley,RCMP Provincial,Lake Cowichan Prov,2010,101.08
Crime Rates,Capital,RCMP Municipal,Langford Mun,2010,69.67999999999999
Crime Rates,Metro Vancouver,RCMP Municipal,Langley City Mun,2010,144.23
Crime Rates,Metro Vancouver,RCMP Municipal,Langley Township Mun,2010,81.29
Crime Rates,Squamish Lillooet,RCMP Provincial,Lillooet Prov,2010,168.58
Crime Rates,Kitimat Stikine,RCMP Provincial,Lisims/Nass Valley Prov,2010,236.6
Crime Rates,Thompson Nicola,RCMP Provincial,Logan Lake Prov,2010,60.44
Crime Rates,North Okanagan,RCMP Provincial,Lumby Prov,2010,48.05
Crime Rates,Thompson Nicola,RCMP Provincial,Lytton Prov,2010,117.28
Crime Rates,Fraser Fort George,RCMP Provincial,Mackenzie Prov,2010,127.6
Crime Rates,Metro Vancouver,RCMP Municipal,Maple Ridge Mun,2010,85.42
Crime Rates,North Coast Regional District (22),RCMP Provincial,Masset Prov,2010,194.36
Crime Rates,Fraser Fort George,RCMP Provincial,McBride Prov,2010,60.68
Crime Rates,Thompson Nicola,RCMP Municipal,Merritt Mun,2010,169.8
Crime Rates,Thompson Nicola,RCMP Provincial,Merritt Prov,2010,74.61999999999999
Crime Rates,Fraser Valley,RCMP Municipal,Mission Mun,2010,103.17999999999999
Crime Rates,Fraser Valley,RCMP Provincial,Mission Prov,2010,81.32
Crime Rates,Central Kootenay,RCMP Provincial,Nakusp Prov,2010,80.48
Crime Rates,Nanaimo,RCMP Municipal,Nanaimo Mun,2010,123.97
Crime Rates,Nanaimo,RCMP Provincial,Nanaimo Prov,2010,42.77
Crime Rates,Central Kootenay,Independent Municipal,Nelson Mun,2010,99.79
Crime Rates,Central Kootenay,RCMP Provincial,Nelson Prov,2010,22.93
Crime Rates,Kitimat Stikine,RCMP Provincial,New Hazelton Prov,2010,255.23
Crime Rates,Metro Vancouver,Independent Municipal,New Westminster Mun,2010,90.29
Crime Rates,Strathcona,RCMP Provincial,Nootka Sound Prov,2010,96.98
Crime Rates,Cowichan Valley,RCMP Municipal,North Cowichan Mun,2010,79.9
Crime Rates,Capital,RCMP Municipal,North Saanich Mun,2010,36.449999999999996
Crime Rates,Metro Vancouver,RCMP Municipal,North Vancouver City Mun,2010,83.25
Crime Rates,Metro Vancouver,RCMP Municipal,North Vancouver District Mun,2010,44.77
Crime Rates,Metro Vancouver,RCMP Provincial,North Vancouver Prov,2010,191.33
Crime Rates,Northern Rockies,RCMP Municipal,Northern Rockies Mun,2010,NA
Crime Rates,Northern Rockies,RCMP Provincial,Northern Rockies Prov,2010,199.56
Crime Rates,Capital,Independent Municipal,Oak Bay Mun,2010,40.730000000000004
Crime Rates,Nanaimo,RCMP Provincial,Oceanside Prov,2010,39.160000000000004
Crime Rates,Cariboo,RCMP Provincial,One Hundred Mile House Prov,2010,57.14
Crime Rates,Capital,RCMP Provincial,Outer Gulf  Islands Prov,2010,27.24
Crime Rates,Nanaimo,RCMP Municipal,Parksville Mun,2010,73.83
Crime Rates,Central Okanagan,RCMP Municipal,Peachland Mun,2010,NA
Crime Rates,Squamish Lillooet,RCMP Provincial,Pemberton Prov,2010,75.59
Crime Rates,Okanagan Similkameen,RCMP Municipal,Penticton Mun,2010,130.97
Crime Rates,Okanagan Similkameen,RCMP Provincial,Penticton Prov,2010,42.46
Crime Rates,Metro Vancouver,RCMP Municipal,Pitt Meadows Mun,2010,63.7
Crime Rates,Alberni Clayoquot,RCMP Municipal,Port Alberni Mun,2010,139.32000000000002
Crime Rates,Alberni Clayoquot,RCMP Provincial,Port Alberni Prov,2010,53.96
Crime Rates,Mount Waddington,RCMP Provincial,Port Alice Prov,2010,132.63
Crime Rates,Metro Vancouver,RCMP Municipal,Port Coquitlam Mun,2010,68.29
Crime Rates,Mount Waddington,RCMP Provincial,Port Hardy Prov,2010,140.16
Crime Rates,Mount Waddington,RCMP Provincial,Port McNeill Prov,2010,71.44000000000001
Crime Rates,Metro Vancouver,Independent Municipal,Port Moody Mun,2010,37.01
Crime Rates,Powell River,RCMP Municipal,Powell River Mun,2010,73.26
Crime Rates,Powell River,RCMP Provincial,Powell River Prov,2010,52.6
Crime Rates,Fraser Fort George,RCMP Municipal,Prince George Mun,2010,173.15
Crime Rates,Fraser Fort George,RCMP Provincial,Prince George Prov,2010,50.43
Crime Rates,North Coast Regional District (22),RCMP Municipal,Prince Rupert Mun,2010,245.35000000000002
Crime Rates,North Coast Regional District (22),RCMP Provincial,Prince Rupert Prov,2010,120.84
Crime Rates,Okanagan Similkameen,RCMP Provincial,Princeton Prov,2010,82.44000000000001
Crime Rates,Strathcona,RCMP Provincial,Quadra Island Prov,2010,53.17
Crime Rates,Nanaimo,RCMP Municipal,Qualicum Beach Mun,2010,49.290000000000006
Crime Rates,North Coast Regional District (22),RCMP Provincial,Queen Charlotte Prov,2010,102.84
Crime Rates,Cariboo,RCMP Municipal,Quesnel Mun,2010,201.92000000000002
Crime Rates,Cariboo,RCMP Provincial,Quesnel Prov,2010,46.89
Crime Rates,Columbia Shuswap,RCMP Municipal,Revelstoke Mun,2010,79.64
Crime Rates,Columbia Shuswap,RCMP Provincial,Revelstoke Prov,2010,97.73
Crime Rates,Metro Vancouver,RCMP Municipal,Richmond Mun,2010,62.6
Crime Rates,Metro Vancouver,RCMP Provincial,Ridge Meadows Prov,2010,14372.34
Crime Rates,Capital,Independent Municipal,Saanich Mun,2010,51.730000000000004
Crime Rates,Central Kootenay,RCMP Provincial,Salmo Prov,2010,73.08
Crime Rates,Columbia Shuswap,RCMP Municipal,Salmon Arm Mun,2010,109.85
Crime Rates,Columbia Shuswap,RCMP Provincial,Salmon Arm Prov,2010,57.47
Crime Rates,Capital,RCMP Provincial,Saltspring Island Prov,2010,60.17
Crime Rates,Strathcona,RCMP Provincial,Sayward Prov,2010,67.26
Crime Rates,Sunshine Coast,RCMP Municipal,Sechelt Mun,2010,80.36
Crime Rates,Cowichan Valley,RCMP Provincial,Shawnigan Lake Prov,2010,33.06
Crime Rates,Columbia Shuswap,RCMP Provincial,Sicamous Prov,2010,104.45
Crime Rates,Capital,RCMP Municipal,Sidney Mun,2010,62.260000000000005
Crime Rates,Capital,RCMP Provincial,Sidney Prov,2010,95.63
Crime Rates,Central Kootenay,RCMP Provincial,Slocan Lake Prov,2010,94.34
Crime Rates,Bulkley Nechako,RCMP Municipal,Smithers Mun,2010,154.55
Crime Rates,Bulkley Nechako,RCMP Provincial,Smithers Prov,2010,46.61
Crime Rates,Capital,RCMP Municipal,Sooke Mun,2010,64.36
Crime Rates,Capital,RCMP Provincial,Sooke Prov,2010,69.28
Crime Rates,Okanagan Similkameen,RCMP Provincial,South Okanagan/Oliver,2010,69.42
Crime Rates,Okanagan Similkameen,RCMP Provincial,South Okanagan/Osoyoos,2010,93.46000000000001
Crime Rates,North Okanagan,RCMP Municipal,Spallumcheen Mun,2010,NA
Crime Rates,Squamish Lillooet,RCMP Municipal,Squamish Mun,2010,102.76
Crime Rates,Squamish Lillooet,RCMP Provincial,Squamish Prov,2010,45.15
Crime Rates,Kitimat Stikine,RCMP Provincial,Stewart Prov,2010,81.63
Crime Rates,Squamish Lillooet,First Nations Aboriginal Police Service,Stl'atl'imx FNAPS,2010,187.03
Crime Rates,Okanagan Similkameen,RCMP Municipal,Summerland Mun,2010,44.0
Crime Rates,Sunshine Coast,RCMP Provincial,Sunshine Coast Prov,2010,77.97
Crime Rates,Metro Vancouver,RCMP Municipal,Surrey Mun,2010,90.8
Crime Rates,Bulkley Nechako,RCMP Provincial,Takla Landing Prov,2010,708.11
Crime Rates,Kitimat Stikine,RCMP Municipal,Terrace Mun,2010,185.95000000000002
Crime Rates,Kitimat Stikine,RCMP Provincial,Terrace Prov,2010,71.06
Crime Rates,Powell River,RCMP Provincial,Texada Island Prov,2010,60.0
Crime Rates,Thompson Nicola,RCMP Provincial,T'Kumlups Prov,2010,85.8
Crime Rates,Alberni Clayoquot,RCMP Provincial,Tofino Prov,2010,166.2
Crime Rates,Kootenay Boundary,RCMP Municipal,Trail Mun,2010,122.59
Crime Rates,Kootenay Boundary,RCMP Provincial,Trail and Greater District,2010,37.71
Crime Rates,Fraser Fort George,RCMP Provincial,Tsay Keh Dene Prov,2010,653.23
Crime Rates,Peace River,RCMP Provincial,Tumbler Ridge Prov,2010,113.21000000000001
Crime Rates,Alberni Clayoquot,RCMP Provincial,Ucluelet Prov,2010,134.37
Crime Rates,Metro Vancouver,RCMP Provincial,University Prov,2010,103.82
Crime Rates,Fraser Fort George,RCMP Provincial,Valemount Prov,2010,91.64999999999999
Crime Rates,Metro Vancouver,Independent Municipal,Vancouver Mun,2010,80.19
Crime Rates,Bulkley Nechako,RCMP Provincial,Vanderhoof Prov,2010,128.96
Crime Rates,North Okanagan,RCMP Municipal,Vernon Mun,2010,110.86999999999999
Crime Rates,North Okanagan,RCMP Provincial,Vernon Prov,2010,44.05
Crime Rates,Capital,Independent Municipal,Victoria Mun,2010,139.41
Crime Rates,Capital,RCMP Municipal,View Royal Mun,2010,65.97
Crime Rates,Cariboo,RCMP Provincial,Wells Prov,2010,80.0
Crime Rates,Central Okanagan,RCMP Municipal,West Kelowna Mun,2010,55.63
Crime Rates,Capital,RCMP Provincial,West Shore Prov,2010,46.620000000000005
Crime Rates,Metro Vancouver,Independent Municipal,West Vancouver Mun,2010,41.09
Crime Rates,Squamish Lillooet,RCMP Municipal,Whistler Mun,2010,160.4
Crime Rates,Squamish Lillooet,RCMP Provincial,Whistler Prov,2010,68.97
Crime Rates,Metro Vancouver,RCMP Municipal,White Rock Mun,2010,73.6
Crime Rates,Cariboo,RCMP Municipal,Williams Lake Mun,2010,258.66
Crime Rates,Cariboo,RCMP Provincial,Williams Lake Prov,2010,41.620000000000005
Violent Offenses,Fraser Valley,Independent Municipal,Abbotsford Mun,2010,1776.0
Violent Offenses,Fraser Valley,RCMP Provincial,Agassiz Prov,2010,90.0
Violent Offenses,Mount Waddington,RCMP Provincial,Alert Bay Prov,2010,85.0
Violent Offenses,Cariboo,RCMP Provincial,Alexis Creek Prov,2010,87.0
Violent Offenses,Cariboo,RCMP Provincial,Anahim Lake Prov,2010,45.0
Violent Offenses,North Okanagan,RCMP Provincial,Armstrong Prov,2010,96.0
Violent Offenses,Thompson Nicola,RCMP Provincial,Ashcroft Prov,2010,105.0
Violent Offenses,Kitimat Stikine,RCMP Provincial,Atlin Prov,2010,20.0
Violent Offenses,Thompson Nicola,RCMP Provincial,Barriere Prov,2010,61.0
Violent Offenses,Central Coast,RCMP Provincial,Bella Bella Prov,2010,146.0
Violent Offenses,Central Coast,RCMP Provincial,Bella Coola Prov,2010,121.0
Violent Offenses,Fraser Valley,RCMP Provincial,Boston Bar Prov,2010,28.0
Violent Offenses,Kootenay Boundary,RCMP Provincial,Boundary/Grand Forks Prov,2010,162.0
Violent Offenses,Kootenay Boundary,RCMP Provincial,Boundary/Midway Prov,2010,59.0
Violent Offenses,Metro Vancouver,RCMP Provincial,Bowen Island Prov,2010,17.0
Violent Offenses,Metro Vancouver,RCMP Municipal,Burnaby Mun,2010,2318.0
Violent Offenses,Bulkley Nechako,RCMP Provincial,Burns Lake Prov,2010,277.0
Violent Offenses,Strathcona,RCMP Municipal,Campbell River Mun,2010,730.0
Violent Offenses,Strathcona,RCMP Provincial,Campbell River Prov,2010,72.0
Violent Offenses,Central Kootenay,RCMP Municipal,Castlegar Mun,2010,187.0
Violent Offenses,Central Kootenay,RCMP Provincial,Castlegar Prov,2010,67.0
Violent Offenses,Capital,Independent Municipal,Central Saanich Mun,2010,102.0
Violent Offenses,Thompson Nicola,RCMP Provincial,Chase Prov,2010,126.0
Violent Offenses,Peace River,RCMP Provincial,Chetwynd Prov,2010,151.0
Violent Offenses,Fraser Valley,RCMP Municipal,Chilliwack Mun,2010,1145.0
Violent Offenses,Fraser Valley,RCMP Provincial,Chilliwack Prov,2010,102.0
Violent Offenses,Thompson Nicola,RCMP Provincial,Clearwater Prov,2010,63.0
Violent Offenses,Thompson Nicola,RCMP Provincial,Clinton Prov,2010,50.0
Violent Offenses,North Okanagan,RCMP Municipal,Coldstream Mun,2010,60.0
Violent Offenses,East Kootenay,RCMP Provincial,Columbia Valley Prov,2010,172.0
Violent Offenses,Capital,RCMP Municipal,Colwood Mun,2010,101.0
Violent Offenses,Comox Valley,RCMP Municipal,Comox Mun,2010,71.0
Violent Offenses,Comox Valley,RCMP Provincial,Comox Valley Prov,2010,267.0
Violent Offenses,Metro Vancouver,RCMP Municipal,Coquitlam Mun,2010,1074.0
Violent Offenses,Metro Vancouver,RCMP Provincial,Coquitlam Prov,2010,17.0
Violent Offenses,Comox Valley,RCMP Municipal,Courtenay Mun,2010,492.0
Violent Offenses,East Kootenay,RCMP Municipal,Cranbrook Mun,2010,543.0
Violent Offenses,East Kootenay,RCMP Provincial,Cranbrook Prov,2010,105.0
Violent Offenses,Central Kootenay,RCMP Municipal,Creston Mun,2010,NA
Violent Offenses,Central Kootenay,RCMP Provincial,Creston Prov,2010,198.0
Violent Offenses,Peace River,RCMP Municipal,Dawson Creek Mun,2010,297.0
Violent Offenses,Peace River,RCMP Provincial,Dawson Creek Prov,2010,50.0
Violent Offenses,Kitimat Stikine,RCMP Provincial,Dease Lake Prov,2010,59.0
Violent Offenses,Metro Vancouver,Independent Municipal,Delta Mun,2010,886.0
Violent Offenses,Cowichan Valley,RCMP Provincial,Duncan Prov,2010,327.0
Violent Offenses,East Kootenay,RCMP Provincial,Elk Valley Prov,2010,256.0
Violent Offenses,North Okanagan,RCMP Provincial,Enderby Prov,2010,109.0
Violent Offenses,Columbia Shuswap,RCMP Provincial,Falkland Prov,2010,36.0
Violent Offenses,Bulkley Nechako,RCMP Provincial,Fort St James Prov,2010,276.0
Violent Offenses,Peace River,RCMP Municipal,Fort St John Mun,2010,760.0
Violent Offenses,Peace River,RCMP Provincial,Fort St John Prov,2010,231.0
Violent Offenses,Bulkley Nechako,RCMP Provincial,Fraser Lake Prov,2010,97.0
Violent Offenses,Nanaimo,RCMP Provincial,Gabriola Island Prov,2010,53.0
Violent Offenses,Columbia Shuswap,RCMP Provincial,Golden Prov,2010,116.0
Violent Offenses,Fraser Valley,RCMP Municipal,Hope Mun,2010,153.0
Violent Offenses,Fraser Valley,RCMP Provincial,Hope  Prov,2010,40.0
Violent Offenses,Bulkley Nechako,RCMP Provincial,Houston/Granisle Prov,2010,128.0
Violent Offenses,Peace River,RCMP Provincial,Hudson's Hope Prov,2010,13.0
Violent Offenses,Thompson Nicola,RCMP Municipal,Kamloops Mun,2010,2090.0
Violent Offenses,Central Kootenay,RCMP Provincial,Kaslo Prov,2010,23.0
Violent Offenses,Central Okanagan,RCMP Municipal,Kelowna Mun,2010,2425.0
Violent Offenses,Central Okanagan,RCMP Provincial,Kelowna Prov,2010,262.0
Violent Offenses,Fraser Valley,RCMP Municipal,Kent Mun,2010,100.0
Violent Offenses,Okanagan Similkameen,RCMP Provincial,Keremeos Prov,2010,54.0
Violent Offenses,East Kootenay,RCMP Municipal,Kimberley Mun,2010,95.0
Violent Offenses,East Kootenay,RCMP Provincial,Kimberley Prov,2010,18.0
Violent Offenses,Kitimat Stikine,RCMP Municipal,Kitimat Mun,2010,251.0
Violent Offenses,Kitimat Stikine,RCMP Provincial,Kitimat Prov,2010,18.0
Violent Offenses,Cowichan Valley,RCMP Municipal,Ladysmith Mun,2010,108.0
Violent Offenses,Cowichan Valley,RCMP Provincial,Ladysmith Prov,2010,83.0
Violent Offenses,Central Okanagan,RCMP Municipal,Lake Country Mun,2010,126.0
Violent Offenses,Cowichan Valley,RCMP Provincial,Lake Cowichan Prov,2010,149.0
Violent Offenses,Capital,RCMP Municipal,Langford Mun,2010,382.0
Violent Offenses,Metro Vancouver,RCMP Municipal,Langley City Mun,2010,436.0
Violent Offenses,Metro Vancouver,RCMP Municipal,Langley Township Mun,2010,853.0
Violent Offenses,Squamish Lillooet,RCMP Provincial,Lillooet Prov,2010,120.0
Violent Offenses,Kitimat Stikine,RCMP Provincial,Lisims/Nass Valley Prov,2010,159.0
Violent Offenses,Thompson Nicola,RCMP Provincial,Logan Lake Prov,2010,34.0
Violent Offenses,North Okanagan,RCMP Provincial,Lumby Prov,2010,74.0
Violent Offenses,Thompson Nicola,RCMP Provincial,Lytton Prov,2010,82.0
Violent Offenses,Fraser Fort George,RCMP Provincial,Mackenzie Prov,2010,106.0
Violent Offenses,Metro Vancouver,RCMP Municipal,Maple Ridge Mun,2010,1169.0
Violent Offenses,North Coast Regional District (22),RCMP Provincial,Masset Prov,2010,102.0
Violent Offenses,Fraser Fort George,RCMP Provincial,McBride Prov,2010,26.0
Violent Offenses,Thompson Nicola,RCMP Municipal,Merritt Mun,2010,243.0
Violent Offenses,Thompson Nicola,RCMP Provincial,Merritt Prov,2010,60.0
Violent Offenses,Fraser Valley,RCMP Municipal,Mission Mun,2010,716.0
Violent Offenses,Fraser Valley,RCMP Provincial,Mission Prov,2010,62.0
Violent Offenses,Central Kootenay,RCMP Provincial,Nakusp Prov,2010,61.0
Violent Offenses,Nanaimo,RCMP Municipal,Nanaimo Mun,2010,1693.0
Violent Offenses,Nanaimo,RCMP Provincial,Nanaimo Prov,2010,106.0
Violent Offenses,Central Kootenay,Independent Municipal,Nelson Mun,2010,150.0
Violent Offenses,Central Kootenay,RCMP Provincial,Nelson Prov,2010,87.0
Violent Offenses,Kitimat Stikine,RCMP Provincial,New Hazelton Prov,2010,368.0
Violent Offenses,Metro Vancouver,Independent Municipal,New Westminster Mun,2010,1122.0
Violent Offenses,Strathcona,RCMP Provincial,Nootka Sound Prov,2010,47.0
Violent Offenses,Cowichan Valley,RCMP Municipal,North Cowichan Mun,2010,344.0
Violent Offenses,Capital,RCMP Municipal,North Saanich Mun,2010,77.0
Violent Offenses,Metro Vancouver,RCMP Municipal,North Vancouver City Mun,2010,597.0
Violent Offenses,Metro Vancouver,RCMP Municipal,North Vancouver District Mun,2010,571.0
Violent Offenses,Metro Vancouver,RCMP Provincial,North Vancouver Prov,2010,91.0
Violent Offenses,Northern Rockies,RCMP Municipal,Northern Rockies Mun,2010,NA
Violent Offenses,Northern Rockies,RCMP Provincial,Northern Rockies Prov,2010,223.0
Violent Offenses,Capital,Independent Municipal,Oak Bay Mun,2010,60.0
Violent Offenses,Nanaimo,RCMP Provincial,Oceanside Prov,2010,158.0
Violent Offenses,Cariboo,RCMP Provincial,One Hundred Mile House Prov,2010,158.0
Violent Offenses,Capital,RCMP Provincial,Outer Gulf  Islands Prov,2010,33.0
Violent Offenses,Nanaimo,RCMP Municipal,Parksville Mun,2010,103.0
Violent Offenses,Central Okanagan,RCMP Municipal,Peachland Mun,2010,NA
Violent Offenses,Squamish Lillooet,RCMP Provincial,Pemberton Prov,2010,60.0
Violent Offenses,Okanagan Similkameen,RCMP Municipal,Penticton Mun,2010,792.0
Violent Offenses,Okanagan Similkameen,RCMP Provincial,Penticton Prov,2010,81.0
Violent Offenses,Metro Vancouver,RCMP Municipal,Pitt Meadows Mun,2010,207.0
Violent Offenses,Alberni Clayoquot,RCMP Municipal,Port Alberni Mun,2010,457.0
Violent Offenses,Alberni Clayoquot,RCMP Provincial,Port Alberni Prov,2010,88.0
Violent Offenses,Mount Waddington,RCMP Provincial,Port Alice Prov,2010,22.0
Violent Offenses,Metro Vancouver,RCMP Municipal,Port Coquitlam Mun,2010,521.0
Violent Offenses,Mount Waddington,RCMP Provincial,Port Hardy Prov,2010,149.0
Violent Offenses,Mount Waddington,RCMP Provincial,Port McNeill Prov,2010,78.0
Violent Offenses,Metro Vancouver,Independent Municipal,Port Moody Mun,2010,197.0
Violent Offenses,Powell River,RCMP Municipal,Powell River Mun,2010,171.0
Violent Offenses,Powell River,RCMP Provincial,Powell River Prov,2010,95.0
Violent Offenses,Fraser Fort George,RCMP Municipal,Prince George Mun,2010,2275.0
Violent Offenses,Fraser Fort George,RCMP Provincial,Prince George Prov,2010,136.0
Violent Offenses,North Coast Regional District (22),RCMP Municipal,Prince Rupert Mun,2010,651.0
Violent Offenses,North Coast Regional District (22),RCMP Provincial,Prince Rupert Prov,2010,90.0
Violent Offenses,Okanagan Similkameen,RCMP Provincial,Princeton Prov,2010,100.0
Violent Offenses,Strathcona,RCMP Provincial,Quadra Island Prov,2010,44.0
Violent Offenses,Nanaimo,RCMP Municipal,Qualicum Beach Mun,2010,51.0
Violent Offenses,North Coast Regional District (22),RCMP Provincial,Queen Charlotte Prov,2010,54.0
Violent Offenses,Cariboo,RCMP Municipal,Quesnel Mun,2010,421.0
Violent Offenses,Cariboo,RCMP Provincial,Quesnel Prov,2010,197.0
Violent Offenses,Columbia Shuswap,RCMP Municipal,Revelstoke Mun,2010,88.0
Violent Offenses,Columbia Shuswap,RCMP Provincial,Revelstoke Prov,2010,8.0
Violent Offenses,Metro Vancouver,RCMP Municipal,Richmond Mun,2010,1862.0
Violent Offenses,Metro Vancouver,RCMP Provincial,Ridge Meadows Prov,2010,242.0
Violent Offenses,Capital,Independent Municipal,Saanich Mun,2010,972.0
Violent Offenses,Central Kootenay,RCMP Provincial,Salmo Prov,2010,54.0
Violent Offenses,Columbia Shuswap,RCMP Municipal,Salmon Arm Mun,2010,251.0
Violent Offenses,Columbia Shuswap,RCMP Provincial,Salmon Arm Prov,2010,76.0
Violent Offenses,Capital,RCMP Provincial,Saltspring Island Prov,2010,145.0
Violent Offenses,Strathcona,RCMP Provincial,Sayward Prov,2010,8.0
Violent Offenses,Sunshine Coast,RCMP Municipal,Sechelt Mun,2010,132.0
Violent Offenses,Cowichan Valley,RCMP Provincial,Shawnigan Lake Prov,2010,138.0
Violent Offenses,Columbia Shuswap,RCMP Provincial,Sicamous Prov,2010,47.0
Violent Offenses,Capital,RCMP Municipal,Sidney Mun,2010,125.0
Violent Offenses,Capital,RCMP Provincial,Sidney Prov,2010,107.0
Violent Offenses,Central Kootenay,RCMP Provincial,Slocan Lake Prov,2010,50.0
Violent Offenses,Bulkley Nechako,RCMP Municipal,Smithers Mun,2010,223.0
Violent Offenses,Bulkley Nechako,RCMP Provincial,Smithers Prov,2010,126.0
Violent Offenses,Capital,RCMP Municipal,Sooke Mun,2010,182.0
Violent Offenses,Capital,RCMP Provincial,Sooke Prov,2010,81.0
Violent Offenses,Okanagan Similkameen,RCMP Provincial,South Okanagan/Oliver,2010,160.0
Violent Offenses,Okanagan Similkameen,RCMP Provincial,South Okanagan/Osoyoos,2010,117.0
Violent Offenses,North Okanagan,RCMP Municipal,Spallumcheen Mun,2010,NA
Violent Offenses,Squamish Lillooet,RCMP Municipal,Squamish Mun,2010,369.0
Violent Offenses,Squamish Lillooet,RCMP Provincial,Squamish Prov,2010,10.0
Violent Offenses,Kitimat Stikine,RCMP Provincial,Stewart Prov,2010,12.0
Violent Offenses,Squamish Lillooet,First Nations Aboriginal Police Service,Stl'atl'imx FNAPS,2010,204.0
Violent Offenses,Okanagan Similkameen,RCMP Municipal,Summerland Mun,2010,70.0
Violent Offenses,Sunshine Coast,RCMP Provincial,Sunshine Coast Prov,2010,223.0
Violent Offenses,Metro Vancouver,RCMP Municipal,Surrey Mun,2010,8309.0
Violent Offenses,Bulkley Nechako,RCMP Provincial,Takla Landing Prov,2010,35.0
Violent Offenses,Kitimat Stikine,RCMP Municipal,Terrace Mun,2010,402.0
Violent Offenses,Kitimat Stikine,RCMP Provincial,Terrace Prov,2010,148.0
Violent Offenses,Powell River,RCMP Provincial,Texada Island Prov,2010,9.0
Violent Offenses,Thompson Nicola,RCMP Provincial,T'Kumlups Prov,2010,179.0
Violent Offenses,Alberni Clayoquot,RCMP Provincial,Tofino Prov,2010,94.0
Violent Offenses,Kootenay Boundary,RCMP Municipal,Trail Mun,2010,198.0
Violent Offenses,Kootenay Boundary,RCMP Provincial,Trail and Greater District,2010,110.0
Violent Offenses,Fraser Fort George,RCMP Provincial,Tsay Keh Dene Prov,2010,90.0
Violent Offenses,Peace River,RCMP Provincial,Tumbler Ridge Prov,2010,54.0
Violent Offenses,Alberni Clayoquot,RCMP Provincial,Ucluelet Prov,2010,73.0
Violent Offenses,Metro Vancouver,RCMP Provincial,University Prov,2010,152.0
Violent Offenses,Fraser Fort George,RCMP Provincial,Valemount Prov,2010,25.0
Violent Offenses,Metro Vancouver,Independent Municipal,Vancouver Mun,2010,10442.0
Violent Offenses,Bulkley Nechako,RCMP Provincial,Vanderhoof Prov,2010,208.0
Violent Offenses,North Okanagan,RCMP Municipal,Vernon Mun,2010,850.0
Violent Offenses,North Okanagan,RCMP Provincial,Vernon Prov,2010,121.0
Violent Offenses,Capital,Independent Municipal,Victoria Mun,2010,2867.0
Violent Offenses,Capital,RCMP Municipal,View Royal Mun,2010,121.0
Violent Offenses,Cariboo,RCMP Provincial,Wells Prov,2010,5.0
Violent Offenses,Central Okanagan,RCMP Municipal,West Kelowna Mun,2010,276.0
Violent Offenses,Capital,RCMP Provincial,West Shore Prov,2010,134.0
Violent Offenses,Metro Vancouver,Independent Municipal,West Vancouver Mun,2010,292.0
Violent Offenses,Squamish Lillooet,RCMP Municipal,Whistler Mun,2010,211.0
Violent Offenses,Squamish Lillooet,RCMP Provincial,Whistler Prov,2010,0.0
Violent Offenses,Metro Vancouver,RCMP Municipal,White Rock Mun,2010,201.0
Violent Offenses,Cariboo,RCMP Municipal,Williams Lake Mun,2010,587.0
Violent Offenses,Cariboo,RCMP Provincial,Williams Lake Prov,2010,167.0
Property Offenses,Fraser Valley,Independent Municipal,Abbotsford Mun,2010,6020.0
Property Offenses,Fraser Valley,RCMP Provincial,Agassiz Prov,2010,313.0
Property Offenses,Mount Waddington,RCMP Provincial,Alert Bay Prov,2010,118.0
Property Offenses,Cariboo,RCMP Provincial,Alexis Creek Prov,2010,85.0
Property Offenses,Cariboo,RCMP Provincial,Anahim Lake Prov,2010,75.0
Property Offenses,North Okanagan,RCMP Provincial,Armstrong Prov,2010,295.0
Property Offenses,Thompson Nicola,RCMP Provincial,Ashcroft Prov,2010,166.0
Property Offenses,Kitimat Stikine,RCMP Provincial,Atlin Prov,2010,17.0
Property Offenses,Thompson Nicola,RCMP Provincial,Barriere Prov,2010,87.0
Property Offenses,Central Coast,RCMP Provincial,Bella Bella Prov,2010,152.0
Property Offenses,Central Coast,RCMP Provincial,Bella Coola Prov,2010,76.0
Property Offenses,Fraser Valley,RCMP Provincial,Boston Bar Prov,2010,93.0
Property Offenses,Kootenay Boundary,RCMP Provincial,Boundary/Grand Forks Prov,2010,449.0
Property Offenses,Kootenay Boundary,RCMP Provincial,Boundary/Midway Prov,2010,209.0
Property Offenses,Metro Vancouver,RCMP Provincial,Bowen Island Prov,2010,62.0
Property Offenses,Metro Vancouver,RCMP Municipal,Burnaby Mun,2010,12259.0
Property Offenses,Bulkley Nechako,RCMP Provincial,Burns Lake Prov,2010,564.0
Property Offenses,Strathcona,RCMP Municipal,Campbell River Mun,2010,1760.0
Property Offenses,Strathcona,RCMP Provincial,Campbell River Prov,2010,170.0
Property Offenses,Central Kootenay,RCMP Municipal,Castlegar Mun,2010,431.0
Property Offenses,Central Kootenay,RCMP Provincial,Castlegar Prov,2010,117.0
Property Offenses,Capital,Independent Municipal,Central Saanich Mun,2010,420.0
Property Offenses,Thompson Nicola,RCMP Provincial,Chase Prov,2010,456.0
Property Offenses,Peace River,RCMP Provincial,Chetwynd Prov,2010,362.0
Property Offenses,Fraser Valley,RCMP Municipal,Chilliwack Mun,2010,5223.0
Property Offenses,Fraser Valley,RCMP Provincial,Chilliwack Prov,2010,432.0
Property Offenses,Thompson Nicola,RCMP Provincial,Clearwater Prov,2010,129.0
Property Offenses,Thompson Nicola,RCMP Provincial,Clinton Prov,2010,87.0
Property Offenses,North Okanagan,RCMP Municipal,Coldstream Mun,2010,267.0
Property Offenses,East Kootenay,RCMP Provincial,Columbia Valley Prov,2010,487.0
Property Offenses,Capital,RCMP Municipal,Colwood Mun,2010,526.0
Property Offenses,Comox Valley,RCMP Municipal,Comox Mun,2010,387.0
Property Offenses,Comox Valley,RCMP Provincial,Comox Valley Prov,2010,635.0
Property Offenses,Metro Vancouver,RCMP Municipal,Coquitlam Mun,2010,4683.0
Property Offenses,Metro Vancouver,RCMP Provincial,Coquitlam Prov,2010,61.0
Property Offenses,Comox Valley,RCMP Municipal,Courtenay Mun,2010,1693.0
Property Offenses,East Kootenay,RCMP Municipal,Cranbrook Mun,2010,1231.0
Property Offenses,East Kootenay,RCMP Provincial,Cranbrook Prov,2010,150.0
Property Offenses,Central Kootenay,RCMP Municipal,Creston Mun,2010,NA
Property Offenses,Central Kootenay,RCMP Provincial,Creston Prov,2010,535.0
Property Offenses,Peace River,RCMP Municipal,Dawson Creek Mun,2010,663.0
Property Offenses,Peace River,RCMP Provincial,Dawson Creek Prov,2010,153.0
Property Offenses,Kitimat Stikine,RCMP Provincial,Dease Lake Prov,2010,52.0
Property Offenses,Metro Vancouver,Independent Municipal,Delta Mun,2010,3777.0
Property Offenses,Cowichan Valley,RCMP Provincial,Duncan Prov,2010,1228.0
Property Offenses,East Kootenay,RCMP Provincial,Elk Valley Prov,2010,710.0
Property Offenses,North Okanagan,RCMP Provincial,Enderby Prov,2010,290.0
Property Offenses,Columbia Shuswap,RCMP Provincial,Falkland Prov,2010,85.0
Property Offenses,Bulkley Nechako,RCMP Provincial,Fort St James Prov,2010,592.0
Property Offenses,Peace River,RCMP Municipal,Fort St John Mun,2010,1381.0
Property Offenses,Peace River,RCMP Provincial,Fort St John Prov,2010,313.0
Property Offenses,Bulkley Nechako,RCMP Provincial,Fraser Lake Prov,2010,149.0
Property Offenses,Nanaimo,RCMP Provincial,Gabriola Island Prov,2010,164.0
Property Offenses,Columbia Shuswap,RCMP Provincial,Golden Prov,2010,300.0
Property Offenses,Fraser Valley,RCMP Municipal,Hope Mun,2010,475.0
Property Offenses,Fraser Valley,RCMP Provincial,Hope  Prov,2010,198.0
Property Offenses,Bulkley Nechako,RCMP Provincial,Houston/Granisle Prov,2010,218.0
Property Offenses,Peace River,RCMP Provincial,Hudson's Hope Prov,2010,56.0
Property Offenses,Thompson Nicola,RCMP Municipal,Kamloops Mun,2010,5582.0
Property Offenses,Central Kootenay,RCMP Provincial,Kaslo Prov,2010,64.0
Property Offenses,Central Okanagan,RCMP Municipal,Kelowna Mun,2010,8027.0
Property Offenses,Central Okanagan,RCMP Provincial,Kelowna Prov,2010,923.0
Property Offenses,Fraser Valley,RCMP Municipal,Kent Mun,2010,223.0
Property Offenses,Okanagan Similkameen,RCMP Provincial,Keremeos Prov,2010,199.0
Property Offenses,East Kootenay,RCMP Municipal,Kimberley Mun,2010,275.0
Property Offenses,East Kootenay,RCMP Provincial,Kimberley Prov,2010,37.0
Property Offenses,Kitimat Stikine,RCMP Municipal,Kitimat Mun,2010,407.0
Property Offenses,Kitimat Stikine,RCMP Provincial,Kitimat Prov,2010,20.0
Property Offenses,Cowichan Valley,RCMP Municipal,Ladysmith Mun,2010,489.0
Property Offenses,Cowichan Valley,RCMP Provincial,Ladysmith Prov,2010,207.0
Property Offenses,Central Okanagan,RCMP Municipal,Lake Country Mun,2010,410.0
Property Offenses,Cowichan Valley,RCMP Provincial,Lake Cowichan Prov,2010,358.0
Property Offenses,Capital,RCMP Municipal,Langford Mun,2010,1397.0
Property Offenses,Metro Vancouver,RCMP Municipal,Langley City Mun,2010,2362.0
Property Offenses,Metro Vancouver,RCMP Municipal,Langley Township Mun,2010,6490.0
Property Offenses,Squamish Lillooet,RCMP Provincial,Lillooet Prov,2010,216.0
Property Offenses,Kitimat Stikine,RCMP Provincial,Lisims/Nass Valley Prov,2010,122.0
Property Offenses,Thompson Nicola,RCMP Provincial,Logan Lake Prov,2010,87.0
Property Offenses,North Okanagan,RCMP Provincial,Lumby Prov,2010,173.0
Property Offenses,Thompson Nicola,RCMP Provincial,Lytton Prov,2010,66.0
Property Offenses,Fraser Fort George,RCMP Provincial,Mackenzie Prov,2010,219.0
Property Offenses,Metro Vancouver,RCMP Municipal,Maple Ridge Mun,2010,4012.0
Property Offenses,North Coast Regional District (22),RCMP Provincial,Masset Prov,2010,149.0
Property Offenses,Fraser Fort George,RCMP Provincial,McBride Prov,2010,56.0
Property Offenses,Thompson Nicola,RCMP Municipal,Merritt Mun,2010,660.0
Property Offenses,Thompson Nicola,RCMP Provincial,Merritt Prov,2010,165.0
Property Offenses,Fraser Valley,RCMP Municipal,Mission Mun,2010,2438.0
Property Offenses,Fraser Valley,RCMP Provincial,Mission Prov,2010,217.0
Property Offenses,Central Kootenay,RCMP Provincial,Nakusp Prov,2010,147.0
Property Offenses,Nanaimo,RCMP Municipal,Nanaimo Mun,2010,5841.0
Property Offenses,Nanaimo,RCMP Provincial,Nanaimo Prov,2010,409.0
Property Offenses,Central Kootenay,Independent Municipal,Nelson Mun,2010,659.0
Property Offenses,Central Kootenay,RCMP Provincial,Nelson Prov,2010,149.0
Property Offenses,Kitimat Stikine,RCMP Provincial,New Hazelton Prov,2010,573.0
Property Offenses,Metro Vancouver,Independent Municipal,New Westminster Mun,2010,3691.0
Property Offenses,Strathcona,RCMP Provincial,Nootka Sound Prov,2010,111.0
Property Offenses,Cowichan Valley,RCMP Municipal,North Cowichan Mun,2010,1479.0
Property Offenses,Capital,RCMP Municipal,North Saanich Mun,2010,238.0
Property Offenses,Metro Vancouver,RCMP Municipal,North Vancouver City Mun,2010,2332.0
Property Offenses,Metro Vancouver,RCMP Municipal,North Vancouver District Mun,2010,2275.0
Property Offenses,Metro Vancouver,RCMP Provincial,North Vancouver Prov,2010,195.0
Property Offenses,Northern Rockies,RCMP Municipal,Northern Rockies Mun,2010,NA
Property Offenses,Northern Rockies,RCMP Provincial,Northern Rockies Prov,2010,493.0
Property Offenses,Capital,Independent Municipal,Oak Bay Mun,2010,641.0
Property Offenses,Nanaimo,RCMP Provincial,Oceanside Prov,2010,687.0
Property Offenses,Cariboo,RCMP Provincial,One Hundred Mile House Prov,2010,431.0
Property Offenses,Capital,RCMP Provincial,Outer Gulf  Islands Prov,2010,72.0
Property Offenses,Nanaimo,RCMP Municipal,Parksville Mun,2010,624.0
Property Offenses,Central Okanagan,RCMP Municipal,Peachland Mun,2010,NA
Property Offenses,Squamish Lillooet,RCMP Provincial,Pemberton Prov,2010,181.0
Property Offenses,Okanagan Similkameen,RCMP Municipal,Penticton Mun,2010,2460.0
Property Offenses,Okanagan Similkameen,RCMP Provincial,Penticton Prov,2010,336.0
Property Offenses,Metro Vancouver,RCMP Municipal,Pitt Meadows Mun,2010,630.0
Property Offenses,Alberni Clayoquot,RCMP Municipal,Port Alberni Mun,2010,1167.0
Property Offenses,Alberni Clayoquot,RCMP Provincial,Port Alberni Prov,2010,252.0
Property Offenses,Mount Waddington,RCMP Provincial,Port Alice Prov,2010,72.0
Property Offenses,Metro Vancouver,RCMP Municipal,Port Coquitlam Mun,2010,2088.0
Property Offenses,Mount Waddington,RCMP Provincial,Port Hardy Prov,2010,316.0
Property Offenses,Mount Waddington,RCMP Provincial,Port McNeill Prov,2010,189.0
Property Offenses,Metro Vancouver,Independent Municipal,Port Moody Mun,2010,842.0
Property Offenses,Powell River,RCMP Municipal,Powell River Mun,2010,629.0
Property Offenses,Powell River,RCMP Provincial,Powell River Prov,2010,150.0
Property Offenses,Fraser Fort George,RCMP Municipal,Prince George Mun,2010,6824.0
Property Offenses,Fraser Fort George,RCMP Provincial,Prince George Prov,2010,404.0
Property Offenses,North Coast Regional District (22),RCMP Municipal,Prince Rupert Mun,2010,1373.0
Property Offenses,North Coast Regional District (22),RCMP Provincial,Prince Rupert Prov,2010,72.0
Property Offenses,Okanagan Similkameen,RCMP Provincial,Princeton Prov,2010,205.0
Property Offenses,Strathcona,RCMP Provincial,Quadra Island Prov,2010,101.0
Property Offenses,Nanaimo,RCMP Municipal,Qualicum Beach Mun,2010,337.0
Property Offenses,North Coast Regional District (22),RCMP Provincial,Queen Charlotte Prov,2010,113.0
Property Offenses,Cariboo,RCMP Municipal,Quesnel Mun,2010,880.0
Property Offenses,Cariboo,RCMP Provincial,Quesnel Prov,2010,303.0
Property Offenses,Columbia Shuswap,RCMP Municipal,Revelstoke Mun,2010,387.0
Property Offenses,Columbia Shuswap,RCMP Provincial,Revelstoke Prov,2010,41.0
Property Offenses,Metro Vancouver,RCMP Municipal,Richmond Mun,2010,8179.0
Property Offenses,Metro Vancouver,RCMP Provincial,Ridge Meadows Prov,2010,898.0
Property Offenses,Capital,Independent Municipal,Saanich Mun,2010,4200.0
Property Offenses,Central Kootenay,RCMP Provincial,Salmo Prov,2010,92.0
Property Offenses,Columbia Shuswap,RCMP Municipal,Salmon Arm Mun,2010,1235.0
Property Offenses,Columbia Shuswap,RCMP Provincial,Salmon Arm Prov,2010,363.0
Property Offenses,Capital,RCMP Provincial,Saltspring Island Prov,2010,309.0
Property Offenses,Strathcona,RCMP Provincial,Sayward Prov,2010,41.0
Property Offenses,Sunshine Coast,RCMP Municipal,Sechelt Mun,2010,429.0
Property Offenses,Cowichan Valley,RCMP Provincial,Shawnigan Lake Prov,2010,364.0
Property Offenses,Columbia Shuswap,RCMP Provincial,Sicamous Prov,2010,298.0
Property Offenses,Capital,RCMP Municipal,Sidney Mun,2010,437.0
Property Offenses,Capital,RCMP Provincial,Sidney Prov,2010,96.0
Property Offenses,Central Kootenay,RCMP Provincial,Slocan Lake Prov,2010,87.0
Property Offenses,Bulkley Nechako,RCMP Municipal,Smithers Mun,2010,330.0
Property Offenses,Bulkley Nechako,RCMP Provincial,Smithers Prov,2010,142.0
Property Offenses,Capital,RCMP Municipal,Sooke Mun,2010,451.0
Property Offenses,Capital,RCMP Provincial,Sooke Prov,2010,198.0
Property Offenses,Okanagan Similkameen,RCMP Provincial,South Okanagan/Oliver,2010,353.0
Property Offenses,Okanagan Similkameen,RCMP Provincial,South Okanagan/Osoyoos,2010,441.0
Property Offenses,North Okanagan,RCMP Municipal,Spallumcheen Mun,2010,NA
Property Offenses,Squamish Lillooet,RCMP Municipal,Squamish Mun,2010,1023.0
Property Offenses,Squamish Lillooet,RCMP Provincial,Squamish Prov,2010,57.0
Property Offenses,Kitimat Stikine,RCMP Provincial,Stewart Prov,2010,24.0
Property Offenses,Squamish Lillooet,First Nations Aboriginal Police Service,Stl'atl'imx FNAPS,2010,158.0
Property Offenses,Okanagan Similkameen,RCMP Municipal,Summerland Mun,2010,324.0
Property Offenses,Sunshine Coast,RCMP Provincial,Sunshine Coast Prov,2010,883.0
Property Offenses,Metro Vancouver,RCMP Municipal,Surrey Mun,2010,25915.0
Property Offenses,Bulkley Nechako,RCMP Provincial,Takla Landing Prov,2010,30.0
Property Offenses,Kitimat Stikine,RCMP Municipal,Terrace Mun,2010,763.0
Property Offenses,Kitimat Stikine,RCMP Provincial,Terrace Prov,2010,225.0
Property Offenses,Powell River,RCMP Provincial,Texada Island Prov,2010,47.0
Property Offenses,Thompson Nicola,RCMP Provincial,T'Kumlups Prov,2010,438.0
Property Offenses,Alberni Clayoquot,RCMP Provincial,Tofino Prov,2010,234.0
Property Offenses,Kootenay Boundary,RCMP Municipal,Trail Mun,2010,499.0
Property Offenses,Kootenay Boundary,RCMP Provincial,Trail and Greater District,2010,190.0
Property Offenses,Fraser Fort George,RCMP Provincial,Tsay Keh Dene Prov,2010,62.0
Property Offenses,Peace River,RCMP Provincial,Tumbler Ridge Prov,2010,160.0
Property Offenses,Alberni Clayoquot,RCMP Provincial,Ucluelet Prov,2010,117.0
Property Offenses,Metro Vancouver,RCMP Provincial,University Prov,2010,955.0
Property Offenses,Fraser Fort George,RCMP Provincial,Valemount Prov,2010,74.0
Property Offenses,Metro Vancouver,Independent Municipal,Vancouver Mun,2010,33033.0
Property Offenses,Bulkley Nechako,RCMP Provincial,Vanderhoof Prov,2010,586.0
Property Offenses,North Okanagan,RCMP Municipal,Vernon Mun,2010,2580.0
Property Offenses,North Okanagan,RCMP Provincial,Vernon Prov,2010,333.0
Property Offenses,Capital,Independent Municipal,Victoria Mun,2010,8133.0
Property Offenses,Capital,RCMP Municipal,View Royal Mun,2010,450.0
Property Offenses,Cariboo,RCMP Provincial,Wells Prov,2010,19.0
Property Offenses,Central Okanagan,RCMP Municipal,West Kelowna Mun,2010,969.0
Property Offenses,Capital,RCMP Provincial,West Shore Prov,2010,249.0
Property Offenses,Metro Vancouver,Independent Municipal,West Vancouver Mun,2010,1377.0
Property Offenses,Squamish Lillooet,RCMP Municipal,Whistler Mun,2010,1034.0
Property Offenses,Squamish Lillooet,RCMP Provincial,Whistler Prov,2010,20.0
Property Offenses,Metro Vancouver,RCMP Municipal,White Rock Mun,2010,937.0
Property Offenses,Cariboo,RCMP Municipal,Williams Lake Mun,2010,1054.0
Property Offenses,Cariboo,RCMP Provincial,Williams Lake Prov,2010,247.0
Other CCC Offenses,Fraser Valley,Independent Municipal,Abbotsford Mun,2010,1064.0
Other CCC Offenses,Fraser Valley,RCMP Provincial,Agassiz Prov,2010,141.0
Other CCC Offenses,Mount Waddington,RCMP Provincial,Alert Bay Prov,2010,70.0
Other CCC Offenses,Cariboo,RCMP Provincial,Alexis Creek Prov,2010,46.0
Other CCC Offenses,Cariboo,RCMP Provincial,Anahim Lake Prov,2010,43.0
Other CCC Offenses,North Okanagan,RCMP Provincial,Armstrong Prov,2010,71.0
Other CCC Offenses,Thompson Nicola,RCMP Provincial,Ashcroft Prov,2010,76.0
Other CCC Offenses,Kitimat Stikine,RCMP Provincial,Atlin Prov,2010,39.0
Other CCC Offenses,Thompson Nicola,RCMP Provincial,Barriere Prov,2010,38.0
Other CCC Offenses,Central Coast,RCMP Provincial,Bella Bella Prov,2010,131.0
Other CCC Offenses,Central Coast,RCMP Provincial,Bella Coola Prov,2010,216.0
Other CCC Offenses,Fraser Valley,RCMP Provincial,Boston Bar Prov,2010,31.0
Other CCC Offenses,Kootenay Boundary,RCMP Provincial,Boundary/Grand Forks Prov,2010,170.0
Other CCC Offenses,Kootenay Boundary,RCMP Provincial,Boundary/Midway Prov,2010,39.0
Other CCC Offenses,Metro Vancouver,RCMP Provincial,Bowen Island Prov,2010,8.0
Other CCC Offenses,Metro Vancouver,RCMP Municipal,Burnaby Mun,2010,1502.0
Other CCC Offenses,Bulkley Nechako,RCMP Provincial,Burns Lake Prov,2010,417.0
Other CCC Offenses,Strathcona,RCMP Municipal,Campbell River Mun,2010,1373.0
Other CCC Offenses,Strathcona,RCMP Provincial,Campbell River Prov,2010,156.0
Other CCC Offenses,Central Kootenay,RCMP Municipal,Castlegar Mun,2010,212.0
Other CCC Offenses,Central Kootenay,RCMP Provincial,Castlegar Prov,2010,53.0
Other CCC Offenses,Capital,Independent Municipal,Central Saanich Mun,2010,83.0
Other CCC Offenses,Thompson Nicola,RCMP Provincial,Chase Prov,2010,147.0
Other CCC Offenses,Peace River,RCMP Provincial,Chetwynd Prov,2010,363.0
Other CCC Offenses,Fraser Valley,RCMP Municipal,Chilliwack Mun,2010,1461.0
Other CCC Offenses,Fraser Valley,RCMP Provincial,Chilliwack Prov,2010,140.0
Other CCC Offenses,Thompson Nicola,RCMP Provincial,Clearwater Prov,2010,63.0
Other CCC Offenses,Thompson Nicola,RCMP Provincial,Clinton Prov,2010,18.0
Other CCC Offenses,North Okanagan,RCMP Municipal,Coldstream Mun,2010,35.0
Other CCC Offenses,East Kootenay,RCMP Provincial,Columbia Valley Prov,2010,119.0
Other CCC Offenses,Capital,RCMP Municipal,Colwood Mun,2010,61.0
Other CCC Offenses,Comox Valley,RCMP Municipal,Comox Mun,2010,117.0
Other CCC Offenses,Comox Valley,RCMP Provincial,Comox Valley Prov,2010,235.0
Other CCC Offenses,Metro Vancouver,RCMP Municipal,Coquitlam Mun,2010,2209.0
Other CCC Offenses,Metro Vancouver,RCMP Provincial,Coquitlam Prov,2010,30.0
Other CCC Offenses,Comox Valley,RCMP Municipal,Courtenay Mun,2010,722.0
Other CCC Offenses,East Kootenay,RCMP Municipal,Cranbrook Mun,2010,538.0
Other CCC Offenses,East Kootenay,RCMP Provincial,Cranbrook Prov,2010,57.0
Other CCC Offenses,Central Kootenay,RCMP Municipal,Creston Mun,2010,NA
Other CCC Offenses,Central Kootenay,RCMP Provincial,Creston Prov,2010,215.0
Other CCC Offenses,Peace River,RCMP Municipal,Dawson Creek Mun,2010,688.0
Other CCC Offenses,Peace River,RCMP Provincial,Dawson Creek Prov,2010,80.0
Other CCC Offenses,Kitimat Stikine,RCMP Provincial,Dease Lake Prov,2010,53.0
Other CCC Offenses,Metro Vancouver,Independent Municipal,Delta Mun,2010,1346.0
Other CCC Offenses,Cowichan Valley,RCMP Provincial,Duncan Prov,2010,735.0
Other CCC Offenses,East Kootenay,RCMP Provincial,Elk Valley Prov,2010,223.0
Other CCC Offenses,North Okanagan,RCMP Provincial,Enderby Prov,2010,83.0
Other CCC Offenses,Columbia Shuswap,RCMP Provincial,Falkland Prov,2010,18.0
Other CCC Offenses,Bulkley Nechako,RCMP Provincial,Fort St James Prov,2010,391.0
Other CCC Offenses,Peace River,RCMP Municipal,Fort St John Mun,2010,1006.0
Other CCC Offenses,Peace River,RCMP Provincial,Fort St John Prov,2010,110.0
Other CCC Offenses,Bulkley Nechako,RCMP Provincial,Fraser Lake Prov,2010,49.0
Other CCC Offenses,Nanaimo,RCMP Provincial,Gabriola Island Prov,2010,28.0
Other CCC Offenses,Columbia Shuswap,RCMP Provincial,Golden Prov,2010,151.0
Other CCC Offenses,Fraser Valley,RCMP Municipal,Hope Mun,2010,232.0
Other CCC Offenses,Fraser Valley,RCMP Provincial,Hope  Prov,2010,41.0
Other CCC Offenses,Bulkley Nechako,RCMP Provincial,Houston/Granisle Prov,2010,178.0
Other CCC Offenses,Peace River,RCMP Provincial,Hudson's Hope Prov,2010,20.0
Other CCC Offenses,Thompson Nicola,RCMP Municipal,Kamloops Mun,2010,2125.0
Other CCC Offenses,Central Kootenay,RCMP Provincial,Kaslo Prov,2010,13.0
Other CCC Offenses,Central Okanagan,RCMP Municipal,Kelowna Mun,2010,3202.0
Other CCC Offenses,Central Okanagan,RCMP Provincial,Kelowna Prov,2010,201.0
Other CCC Offenses,Fraser Valley,RCMP Municipal,Kent Mun,2010,79.0
Other CCC Offenses,Okanagan Similkameen,RCMP Provincial,Keremeos Prov,2010,61.0
Other CCC Offenses,East Kootenay,RCMP Municipal,Kimberley Mun,2010,65.0
Other CCC Offenses,East Kootenay,RCMP Provincial,Kimberley Prov,2010,19.0
Other CCC Offenses,Kitimat Stikine,RCMP Municipal,Kitimat Mun,2010,287.0
Other CCC Offenses,Kitimat Stikine,RCMP Provincial,Kitimat Prov,2010,21.0
Other CCC Offenses,Cowichan Valley,RCMP Municipal,Ladysmith Mun,2010,81.0
Other CCC Offenses,Cowichan Valley,RCMP Provincial,Ladysmith Prov,2010,41.0
Other CCC Offenses,Central Okanagan,RCMP Municipal,Lake Country Mun,2010,99.0
Other CCC Offenses,Cowichan Valley,RCMP Provincial,Lake Cowichan Prov,2010,101.0
Other CCC Offenses,Capital,RCMP Municipal,Langford Mun,2010,261.0
Other CCC Offenses,Metro Vancouver,RCMP Municipal,Langley City Mun,2010,907.0
Other CCC Offenses,Metro Vancouver,RCMP Municipal,Langley Township Mun,2010,1256.0
Other CCC Offenses,Squamish Lillooet,RCMP Provincial,Lillooet Prov,2010,208.0
Other CCC Offenses,Kitimat Stikine,RCMP Provincial,Lisims/Nass Valley Prov,2010,178.0
Other CCC Offenses,Thompson Nicola,RCMP Provincial,Logan Lake Prov,2010,35.0
Other CCC Offenses,North Okanagan,RCMP Provincial,Lumby Prov,2010,37.0
Other CCC Offenses,Thompson Nicola,RCMP Provincial,Lytton Prov,2010,76.0
Other CCC Offenses,Fraser Fort George,RCMP Provincial,Mackenzie Prov,2010,141.0
Other CCC Offenses,Metro Vancouver,RCMP Municipal,Maple Ridge Mun,2010,1396.0
Other CCC Offenses,North Coast Regional District (22),RCMP Provincial,Masset Prov,2010,149.0
Other CCC Offenses,Fraser Fort George,RCMP Provincial,McBride Prov,2010,20.0
Other CCC Offenses,Thompson Nicola,RCMP Municipal,Merritt Mun,2010,327.0
Other CCC Offenses,Thompson Nicola,RCMP Provincial,Merritt Prov,2010,62.0
Other CCC Offenses,Fraser Valley,RCMP Municipal,Mission Mun,2010,716.0
Other CCC Offenses,Fraser Valley,RCMP Provincial,Mission Prov,2010,65.0
Other CCC Offenses,Central Kootenay,RCMP Provincial,Nakusp Prov,2010,65.0
Other CCC Offenses,Nanaimo,RCMP Municipal,Nanaimo Mun,2010,2925.0
Other CCC Offenses,Nanaimo,RCMP Provincial,Nanaimo Prov,2010,86.0
Other CCC Offenses,Central Kootenay,Independent Municipal,Nelson Mun,2010,206.0
Other CCC Offenses,Central Kootenay,RCMP Provincial,Nelson Prov,2010,36.0
Other CCC Offenses,Kitimat Stikine,RCMP Provincial,New Hazelton Prov,2010,461.0
Other CCC Offenses,Metro Vancouver,Independent Municipal,New Westminster Mun,2010,1211.0
Other CCC Offenses,Strathcona,RCMP Provincial,Nootka Sound Prov,2010,35.0
Other CCC Offenses,Cowichan Valley,RCMP Municipal,North Cowichan Mun,2010,505.0
Other CCC Offenses,Capital,RCMP Municipal,North Saanich Mun,2010,89.0
Other CCC Offenses,Metro Vancouver,RCMP Municipal,North Vancouver City Mun,2010,1187.0
Other CCC Offenses,Metro Vancouver,RCMP Municipal,North Vancouver District Mun,2010,1016.0
Other CCC Offenses,Metro Vancouver,RCMP Provincial,North Vancouver Prov,2010,142.0
Other CCC Offenses,Northern Rockies,RCMP Municipal,Northern Rockies Mun,2010,NA
Other CCC Offenses,Northern Rockies,RCMP Provincial,Northern Rockies Prov,2010,464.0
Other CCC Offenses,Capital,Independent Municipal,Oak Bay Mun,2010,33.0
Other CCC Offenses,Nanaimo,RCMP Provincial,Oceanside Prov,2010,115.0
Other CCC Offenses,Cariboo,RCMP Provincial,One Hundred Mile House Prov,2010,151.0
Other CCC Offenses,Capital,RCMP Provincial,Outer Gulf  Islands Prov,2010,24.0
Other CCC Offenses,Nanaimo,RCMP Municipal,Parksville Mun,2010,169.0
Other CCC Offenses,Central Okanagan,RCMP Municipal,Peachland Mun,2010,NA
Other CCC Offenses,Squamish Lillooet,RCMP Provincial,Pemberton Prov,2010,82.0
Other CCC Offenses,Okanagan Similkameen,RCMP Municipal,Penticton Mun,2010,1089.0
Other CCC Offenses,Okanagan Similkameen,RCMP Provincial,Penticton Prov,2010,72.0
Other CCC Offenses,Metro Vancouver,RCMP Municipal,Pitt Meadows Mun,2010,313.0
Other CCC Offenses,Alberni Clayoquot,RCMP Municipal,Port Alberni Mun,2010,841.0
Other CCC Offenses,Alberni Clayoquot,RCMP Provincial,Port Alberni Prov,2010,101.0
Other CCC Offenses,Mount Waddington,RCMP Provincial,Port Alice Prov,2010,19.0
Other CCC Offenses,Metro Vancouver,RCMP Municipal,Port Coquitlam Mun,2010,1297.0
Other CCC Offenses,Mount Waddington,RCMP Provincial,Port Hardy Prov,2010,293.0
Other CCC Offenses,Mount Waddington,RCMP Provincial,Port McNeill Prov,2010,56.0
Other CCC Offenses,Metro Vancouver,Independent Municipal,Port Moody Mun,2010,205.0
Other CCC Offenses,Powell River,RCMP Municipal,Powell River Mun,2010,170.0
Other CCC Offenses,Powell River,RCMP Provincial,Powell River Prov,2010,45.0
Other CCC Offenses,Fraser Fort George,RCMP Municipal,Prince George Mun,2010,3636.0
Other CCC Offenses,Fraser Fort George,RCMP Provincial,Prince George Prov,2010,125.0
Other CCC Offenses,North Coast Regional District (22),RCMP Municipal,Prince Rupert Mun,2010,1113.0
Other CCC Offenses,North Coast Regional District (22),RCMP Provincial,Prince Rupert Prov,2010,74.0
Other CCC Offenses,Okanagan Similkameen,RCMP Provincial,Princeton Prov,2010,102.0
Other CCC Offenses,Strathcona,RCMP Provincial,Quadra Island Prov,2010,43.0
Other CCC Offenses,Nanaimo,RCMP Municipal,Qualicum Beach Mun,2010,42.0
Other CCC Offenses,North Coast Regional District (22),RCMP Provincial,Queen Charlotte Prov,2010,72.0
Other CCC Offenses,Cariboo,RCMP Municipal,Quesnel Mun,2010,693.0
Other CCC Offenses,Cariboo,RCMP Provincial,Quesnel Prov,2010,128.0
Other CCC Offenses,Columbia Shuswap,RCMP Municipal,Revelstoke Mun,2010,95.0
Other CCC Offenses,Columbia Shuswap,RCMP Provincial,Revelstoke Prov,2010,7.0
Other CCC Offenses,Metro Vancouver,RCMP Municipal,Richmond Mun,2010,2212.0
Other CCC Offenses,Metro Vancouver,RCMP Provincial,Ridge Meadows Prov,2010,211.0
Other CCC Offenses,Capital,Independent Municipal,Saanich Mun,2010,644.0
Other CCC Offenses,Central Kootenay,RCMP Provincial,Salmo Prov,2010,44.0
Other CCC Offenses,Columbia Shuswap,RCMP Municipal,Salmon Arm Mun,2010,423.0
Other CCC Offenses,Columbia Shuswap,RCMP Provincial,Salmon Arm Prov,2010,95.0
Other CCC Offenses,Capital,RCMP Provincial,Saltspring Island Prov,2010,164.0
Other CCC Offenses,Strathcona,RCMP Provincial,Sayward Prov,2010,4.0
Other CCC Offenses,Sunshine Coast,RCMP Municipal,Sechelt Mun,2010,173.0
Other CCC Offenses,Cowichan Valley,RCMP Provincial,Shawnigan Lake Prov,2010,78.0
Other CCC Offenses,Columbia Shuswap,RCMP Provincial,Sicamous Prov,2010,66.0
Other CCC Offenses,Capital,RCMP Municipal,Sidney Mun,2010,141.0
Other CCC Offenses,Capital,RCMP Provincial,Sidney Prov,2010,130.0
Other CCC Offenses,Central Kootenay,RCMP Provincial,Slocan Lake Prov,2010,48.0
Other CCC Offenses,Bulkley Nechako,RCMP Municipal,Smithers Mun,2010,295.0
Other CCC Offenses,Bulkley Nechako,RCMP Provincial,Smithers Prov,2010,81.0
Other CCC Offenses,Capital,RCMP Municipal,Sooke Mun,2010,106.0
Other CCC Offenses,Capital,RCMP Provincial,Sooke Prov,2010,36.0
Other CCC Offenses,Okanagan Similkameen,RCMP Provincial,South Okanagan/Oliver,2010,94.0
Other CCC Offenses,Okanagan Similkameen,RCMP Provincial,South Okanagan/Osoyoos,2010,131.0
Other CCC Offenses,North Okanagan,RCMP Municipal,Spallumcheen Mun,2010,NA
Other CCC Offenses,Squamish Lillooet,RCMP Municipal,Squamish Mun,2010,392.0
Other CCC Offenses,Squamish Lillooet,RCMP Provincial,Squamish Prov,2010,20.0
Other CCC Offenses,Kitimat Stikine,RCMP Provincial,Stewart Prov,2010,4.0
Other CCC Offenses,Squamish Lillooet,First Nations Aboriginal Police Service,Stl'atl'imx FNAPS,2010,183.0
Other CCC Offenses,Okanagan Similkameen,RCMP Municipal,Summerland Mun,2010,103.0
Other CCC Offenses,Sunshine Coast,RCMP Provincial,Sunshine Coast Prov,2010,411.0
Other CCC Offenses,Metro Vancouver,RCMP Municipal,Surrey Mun,2010,8511.0
Other CCC Offenses,Bulkley Nechako,RCMP Provincial,Takla Landing Prov,2010,66.0
Other CCC Offenses,Kitimat Stikine,RCMP Municipal,Terrace Mun,2010,985.0
Other CCC Offenses,Kitimat Stikine,RCMP Provincial,Terrace Prov,2010,157.0
Other CCC Offenses,Powell River,RCMP Provincial,Texada Island Prov,2010,7.0
Other CCC Offenses,Thompson Nicola,RCMP Provincial,T'Kumlups Prov,2010,95.0
Other CCC Offenses,Alberni Clayoquot,RCMP Provincial,Tofino Prov,2010,212.0
Other CCC Offenses,Kootenay Boundary,RCMP Municipal,Trail Mun,2010,232.0
Other CCC Offenses,Kootenay Boundary,RCMP Provincial,Trail and Greater District,2010,115.0
Other CCC Offenses,Fraser Fort George,RCMP Provincial,Tsay Keh Dene Prov,2010,91.0
Other CCC Offenses,Peace River,RCMP Provincial,Tumbler Ridge Prov,2010,91.0
Other CCC Offenses,Alberni Clayoquot,RCMP Provincial,Ucluelet Prov,2010,104.0
Other CCC Offenses,Metro Vancouver,RCMP Provincial,University Prov,2010,217.0
Other CCC Offenses,Fraser Fort George,RCMP Provincial,Valemount Prov,2010,48.0
Other CCC Offenses,Metro Vancouver,Independent Municipal,Vancouver Mun,2010,6232.0
Other CCC Offenses,Bulkley Nechako,RCMP Provincial,Vanderhoof Prov,2010,298.0
Other CCC Offenses,North Okanagan,RCMP Municipal,Vernon Mun,2010,844.0
Other CCC Offenses,North Okanagan,RCMP Provincial,Vernon Prov,2010,62.0
Other CCC Offenses,Capital,Independent Municipal,Victoria Mun,2010,2772.0
Other CCC Offenses,Capital,RCMP Municipal,View Royal Mun,2010,57.0
Other CCC Offenses,Cariboo,RCMP Provincial,Wells Prov,2010,4.0
Other CCC Offenses,Central Okanagan,RCMP Municipal,West Kelowna Mun,2010,221.0
Other CCC Offenses,Capital,RCMP Provincial,West Shore Prov,2010,38.0
Other CCC Offenses,Metro Vancouver,Independent Municipal,West Vancouver Mun,2010,211.0
Other CCC Offenses,Squamish Lillooet,RCMP Municipal,Whistler Mun,2010,427.0
Other CCC Offenses,Squamish Lillooet,RCMP Provincial,Whistler Prov,2010,0.0
Other CCC Offenses,Metro Vancouver,RCMP Municipal,White Rock Mun,2010,280.0
Other CCC Offenses,Cariboo,RCMP Municipal,Williams Lake Mun,2010,1219.0
Other CCC Offenses,Cariboo,RCMP Provincial,Williams Lake Prov,2010,126.0
Homicide,Fraser Valley,Independent Municipal,Abbotsford Mun,2010,4.0
Homicide,Fraser Valley,RCMP Provincial,Agassiz Prov,2010,1.0
Homicide,Mount Waddington,RCMP Provincial,Alert Bay Prov,2010,0.0
Homicide,Cariboo,RCMP Provincial,Alexis Creek Prov,2010,0.0
Homicide,Cariboo,RCMP Provincial,Anahim Lake Prov,2010,0.0
Homicide,North Okanagan,RCMP Provincial,Armstrong Prov,2010,0.0
Homicide,Thompson Nicola,RCMP Provincial,Ashcroft Prov,2010,0.0
Homicide,Kitimat Stikine,RCMP Provincial,Atlin Prov,2010,0.0
Homicide,Thompson Nicola,RCMP Provincial,Barriere Prov,2010,0.0
Homicide,Central Coast,RCMP Provincial,Bella Bella Prov,2010,0.0
Homicide,Central Coast,RCMP Provincial,Bella Coola Prov,2010,0.0
Homicide,Fraser Valley,RCMP Provincial,Boston Bar Prov,2010,0.0
Homicide,Kootenay Boundary,RCMP Provincial,Boundary/Grand Forks Prov,2010,0.0
Homicide,Kootenay Boundary,RCMP Provincial,Boundary/Midway Prov,2010,0.0
Homicide,Metro Vancouver,RCMP Provincial,Bowen Island Prov,2010,0.0
Homicide,Metro Vancouver,RCMP Municipal,Burnaby Mun,2010,2.0
Homicide,Bulkley Nechako,RCMP Provincial,Burns Lake Prov,2010,0.0
Homicide,Strathcona,RCMP Municipal,Campbell River Mun,2010,3.0
Homicide,Strathcona,RCMP Provincial,Campbell River Prov,2010,0.0
Homicide,Central Kootenay,RCMP Municipal,Castlegar Mun,2010,0.0
Homicide,Central Kootenay,RCMP Provincial,Castlegar Prov,2010,0.0
Homicide,Capital,Independent Municipal,Central Saanich Mun,2010,0.0
Homicide,Thompson Nicola,RCMP Provincial,Chase Prov,2010,0.0
Homicide,Peace River,RCMP Provincial,Chetwynd Prov,2010,1.0
Homicide,Fraser Valley,RCMP Municipal,Chilliwack Mun,2010,3.0
Homicide,Fraser Valley,RCMP Provincial,Chilliwack Prov,2010,0.0
Homicide,Thompson Nicola,RCMP Provincial,Clearwater Prov,2010,0.0
Homicide,Thompson Nicola,RCMP Provincial,Clinton Prov,2010,0.0
Homicide,North Okanagan,RCMP Municipal,Coldstream Mun,2010,0.0
Homicide,East Kootenay,RCMP Provincial,Columbia Valley Prov,2010,0.0
Homicide,Capital,RCMP Municipal,Colwood Mun,2010,0.0
Homicide,Comox Valley,RCMP Municipal,Comox Mun,2010,0.0
Homicide,Comox Valley,RCMP Provincial,Comox Valley Prov,2010,0.0
Homicide,Metro Vancouver,RCMP Municipal,Coquitlam Mun,2010,3.0
Homicide,Metro Vancouver,RCMP Provincial,Coquitlam Prov,2010,0.0
Homicide,Comox Valley,RCMP Municipal,Courtenay Mun,2010,0.0
Homicide,East Kootenay,RCMP Municipal,Cranbrook Mun,2010,0.0
Homicide,East Kootenay,RCMP Provincial,Cranbrook Prov,2010,2.0
Homicide,Central Kootenay,RCMP Municipal,Creston Mun,2010,NA
Homicide,Central Kootenay,RCMP Provincial,Creston Prov,2010,0.0
Homicide,Peace River,RCMP Municipal,Dawson Creek Mun,2010,0.0
Homicide,Peace River,RCMP Provincial,Dawson Creek Prov,2010,0.0
Homicide,Kitimat Stikine,RCMP Provincial,Dease Lake Prov,2010,0.0
Homicide,Metro Vancouver,Independent Municipal,Delta Mun,2010,2.0
Homicide,Cowichan Valley,RCMP Provincial,Duncan Prov,2010,0.0
Homicide,East Kootenay,RCMP Provincial,Elk Valley Prov,2010,0.0
Homicide,North Okanagan,RCMP Provincial,Enderby Prov,2010,0.0
Homicide,Columbia Shuswap,RCMP Provincial,Falkland Prov,2010,0.0
Homicide,Bulkley Nechako,RCMP Provincial,Fort St James Prov,2010,0.0
Homicide,Peace River,RCMP Municipal,Fort St John Mun,2010,1.0
Homicide,Peace River,RCMP Provincial,Fort St John Prov,2010,0.0
Homicide,Bulkley Nechako,RCMP Provincial,Fraser Lake Prov,2010,0.0
Homicide,Nanaimo,RCMP Provincial,Gabriola Island Prov,2010,0.0
Homicide,Columbia Shuswap,RCMP Provincial,Golden Prov,2010,0.0
Homicide,Fraser Valley,RCMP Municipal,Hope Mun,2010,1.0
Homicide,Fraser Valley,RCMP Provincial,Hope  Prov,2010,0.0
Homicide,Bulkley Nechako,RCMP Provincial,Houston/Granisle Prov,2010,0.0
Homicide,Peace River,RCMP Provincial,Hudson's Hope Prov,2010,0.0
Homicide,Thompson Nicola,RCMP Municipal,Kamloops Mun,2010,0.0
Homicide,Central Kootenay,RCMP Provincial,Kaslo Prov,2010,0.0
Homicide,Central Okanagan,RCMP Municipal,Kelowna Mun,2010,1.0
Homicide,Central Okanagan,RCMP Provincial,Kelowna Prov,2010,0.0
Homicide,Fraser Valley,RCMP Municipal,Kent Mun,2010,0.0
Homicide,Okanagan Similkameen,RCMP Provincial,Keremeos Prov,2010,0.0
Homicide,East Kootenay,RCMP Municipal,Kimberley Mun,2010,0.0
Homicide,East Kootenay,RCMP Provincial,Kimberley Prov,2010,0.0
Homicide,Kitimat Stikine,RCMP Municipal,Kitimat Mun,2010,0.0
Homicide,Kitimat Stikine,RCMP Provincial,Kitimat Prov,2010,0.0
Homicide,Cowichan Valley,RCMP Municipal,Ladysmith Mun,2010,0.0
Homicide,Cowichan Valley,RCMP Provincial,Ladysmith Prov,2010,0.0
Homicide,Central Okanagan,RCMP Municipal,Lake Country Mun,2010,0.0
Homicide,Cowichan Valley,RCMP Provincial,Lake Cowichan Prov,2010,1.0
Homicide,Capital,RCMP Municipal,Langford Mun,2010,0.0
Homicide,Metro Vancouver,RCMP Municipal,Langley City Mun,2010,0.0
Homicide,Metro Vancouver,RCMP Municipal,Langley Township Mun,2010,0.0
Homicide,Squamish Lillooet,RCMP Provincial,Lillooet Prov,2010,0.0
Homicide,Kitimat Stikine,RCMP Provincial,Lisims/Nass Valley Prov,2010,0.0
Homicide,Thompson Nicola,RCMP Provincial,Logan Lake Prov,2010,0.0
Homicide,North Okanagan,RCMP Provincial,Lumby Prov,2010,0.0
Homicide,Thompson Nicola,RCMP Provincial,Lytton Prov,2010,0.0
Homicide,Fraser Fort George,RCMP Provincial,Mackenzie Prov,2010,0.0
Homicide,Metro Vancouver,RCMP Municipal,Maple Ridge Mun,2010,0.0
Homicide,North Coast Regional District (22),RCMP Provincial,Masset Prov,2010,0.0
Homicide,Fraser Fort George,RCMP Provincial,McBride Prov,2010,0.0
Homicide,Thompson Nicola,RCMP Municipal,Merritt Mun,2010,1.0
Homicide,Thompson Nicola,RCMP Provincial,Merritt Prov,2010,0.0
Homicide,Fraser Valley,RCMP Municipal,Mission Mun,2010,0.0
Homicide,Fraser Valley,RCMP Provincial,Mission Prov,2010,1.0
Homicide,Central Kootenay,RCMP Provincial,Nakusp Prov,2010,0.0
Homicide,Nanaimo,RCMP Municipal,Nanaimo Mun,2010,3.0
Homicide,Nanaimo,RCMP Provincial,Nanaimo Prov,2010,0.0
Homicide,Central Kootenay,Independent Municipal,Nelson Mun,2010,0.0
Homicide,Central Kootenay,RCMP Provincial,Nelson Prov,2010,0.0
Homicide,Kitimat Stikine,RCMP Provincial,New Hazelton Prov,2010,0.0
Homicide,Metro Vancouver,Independent Municipal,New Westminster Mun,2010,2.0
Homicide,Strathcona,RCMP Provincial,Nootka Sound Prov,2010,0.0
Homicide,Cowichan Valley,RCMP Municipal,North Cowichan Mun,2010,1.0
Homicide,Capital,RCMP Municipal,North Saanich Mun,2010,0.0
Homicide,Metro Vancouver,RCMP Municipal,North Vancouver City Mun,2010,0.0
Homicide,Metro Vancouver,RCMP Municipal,North Vancouver District Mun,2010,0.0
Homicide,Metro Vancouver,RCMP Provincial,North Vancouver Prov,2010,0.0
Homicide,Northern Rockies,RCMP Municipal,Northern Rockies Mun,2010,NA
Homicide,Northern Rockies,RCMP Provincial,Northern Rockies Prov,2010,1.0
Homicide,Capital,Independent Municipal,Oak Bay Mun,2010,0.0
Homicide,Nanaimo,RCMP Provincial,Oceanside Prov,2010,0.0
Homicide,Cariboo,RCMP Provincial,One Hundred Mile House Prov,2010,1.0
Homicide,Capital,RCMP Provincial,Outer Gulf  Islands Prov,2010,0.0
Homicide,Nanaimo,RCMP Municipal,Parksville Mun,2010,0.0
Homicide,Central Okanagan,RCMP Municipal,Peachland Mun,2010,NA
Homicide,Squamish Lillooet,RCMP Provincial,Pemberton Prov,2010,0.0
Homicide,Okanagan Similkameen,RCMP Municipal,Penticton Mun,2010,0.0
Homicide,Okanagan Similkameen,RCMP Provincial,Penticton Prov,2010,0.0
Homicide,Metro Vancouver,RCMP Municipal,Pitt Meadows Mun,2010,0.0
Homicide,Alberni Clayoquot,RCMP Municipal,Port Alberni Mun,2010,0.0
Homicide,Alberni Clayoquot,RCMP Provincial,Port Alberni Prov,2010,0.0
Homicide,Mount Waddington,RCMP Provincial,Port Alice Prov,2010,0.0
Homicide,Metro Vancouver,RCMP Municipal,Port Coquitlam Mun,2010,1.0
Homicide,Mount Waddington,RCMP Provincial,Port Hardy Prov,2010,0.0
Homicide,Mount Waddington,RCMP Provincial,Port McNeill Prov,2010,0.0
Homicide,Metro Vancouver,Independent Municipal,Port Moody Mun,2010,0.0
Homicide,Powell River,RCMP Municipal,Powell River Mun,2010,0.0
Homicide,Powell River,RCMP Provincial,Powell River Prov,2010,0.0
Homicide,Fraser Fort George,RCMP Municipal,Prince George Mun,2010,7.0
Homicide,Fraser Fort George,RCMP Provincial,Prince George Prov,2010,2.0
Homicide,North Coast Regional District (22),RCMP Municipal,Prince Rupert Mun,2010,0.0
Homicide,North Coast Regional District (22),RCMP Provincial,Prince Rupert Prov,2010,0.0
Homicide,Okanagan Similkameen,RCMP Provincial,Princeton Prov,2010,0.0
Homicide,Strathcona,RCMP Provincial,Quadra Island Prov,2010,1.0
Homicide,Nanaimo,RCMP Municipal,Qualicum Beach Mun,2010,0.0
Homicide,North Coast Regional District (22),RCMP Provincial,Queen Charlotte Prov,2010,0.0
Homicide,Cariboo,RCMP Municipal,Quesnel Mun,2010,0.0
Homicide,Cariboo,RCMP Provincial,Quesnel Prov,2010,0.0
Homicide,Columbia Shuswap,RCMP Municipal,Revelstoke Mun,2010,0.0
Homicide,Columbia Shuswap,RCMP Provincial,Revelstoke Prov,2010,0.0
Homicide,Metro Vancouver,RCMP Municipal,Richmond Mun,2010,0.0
Homicide,Metro Vancouver,RCMP Provincial,Ridge Meadows Prov,2010,1.0
Homicide,Capital,Independent Municipal,Saanich Mun,2010,1.0
Homicide,Central Kootenay,RCMP Provincial,Salmo Prov,2010,0.0
Homicide,Columbia Shuswap,RCMP Municipal,Salmon Arm Mun,2010,0.0
Homicide,Columbia Shuswap,RCMP Provincial,Salmon Arm Prov,2010,0.0
Homicide,Capital,RCMP Provincial,Saltspring Island Prov,2010,0.0
Homicide,Strathcona,RCMP Provincial,Sayward Prov,2010,0.0
Homicide,Sunshine Coast,RCMP Municipal,Sechelt Mun,2010,0.0
Homicide,Cowichan Valley,RCMP Provincial,Shawnigan Lake Prov,2010,0.0
Homicide,Columbia Shuswap,RCMP Provincial,Sicamous Prov,2010,0.0
Homicide,Capital,RCMP Municipal,Sidney Mun,2010,0.0
Homicide,Capital,RCMP Provincial,Sidney Prov,2010,0.0
Homicide,Central Kootenay,RCMP Provincial,Slocan Lake Prov,2010,0.0
Homicide,Bulkley Nechako,RCMP Municipal,Smithers Mun,2010,0.0
Homicide,Bulkley Nechako,RCMP Provincial,Smithers Prov,2010,1.0
Homicide,Capital,RCMP Municipal,Sooke Mun,2010,0.0
Homicide,Capital,RCMP Provincial,Sooke Prov,2010,0.0
Homicide,Okanagan Similkameen,RCMP Provincial,South Okanagan/Oliver,2010,0.0
Homicide,Okanagan Similkameen,RCMP Provincial,South Okanagan/Osoyoos,2010,0.0
Homicide,North Okanagan,RCMP Municipal,Spallumcheen Mun,2010,NA
Homicide,Squamish Lillooet,RCMP Municipal,Squamish Mun,2010,0.0
Homicide,Squamish Lillooet,RCMP Provincial,Squamish Prov,2010,0.0
Homicide,Kitimat Stikine,RCMP Provincial,Stewart Prov,2010,0.0
Homicide,Squamish Lillooet,First Nations Aboriginal Police Service,Stl'atl'imx FNAPS,2010,0.0
Homicide,Okanagan Similkameen,RCMP Municipal,Summerland Mun,2010,0.0
Homicide,Sunshine Coast,RCMP Provincial,Sunshine Coast Prov,2010,0.0
Homicide,Metro Vancouver,RCMP Municipal,Surrey Mun,2010,14.0
Homicide,Bulkley Nechako,RCMP Provincial,Takla Landing Prov,2010,0.0
Homicide,Kitimat Stikine,RCMP Municipal,Terrace Mun,2010,0.0
Homicide,Kitimat Stikine,RCMP Provincial,Terrace Prov,2010,0.0
Homicide,Powell River,RCMP Provincial,Texada Island Prov,2010,0.0
Homicide,Thompson Nicola,RCMP Provincial,T'Kumlups Prov,2010,0.0
Homicide,Alberni Clayoquot,RCMP Provincial,Tofino Prov,2010,0.0
Homicide,Kootenay Boundary,RCMP Municipal,Trail Mun,2010,0.0
Homicide,Kootenay Boundary,RCMP Provincial,Trail and Greater District,2010,0.0
Homicide,Fraser Fort George,RCMP Provincial,Tsay Keh Dene Prov,2010,0.0
Homicide,Peace River,RCMP Provincial,Tumbler Ridge Prov,2010,0.0
Homicide,Alberni Clayoquot,RCMP Provincial,Ucluelet Prov,2010,0.0
Homicide,Metro Vancouver,RCMP Provincial,University Prov,2010,0.0
Homicide,Fraser Fort George,RCMP Provincial,Valemount Prov,2010,0.0
Homicide,Metro Vancouver,Independent Municipal,Vancouver Mun,2010,12.0
Homicide,Bulkley Nechako,RCMP Provincial,Vanderhoof Prov,2010,1.0
Homicide,North Okanagan,RCMP Municipal,Vernon Mun,2010,1.0
Homicide,North Okanagan,RCMP Provincial,Vernon Prov,2010,0.0
Homicide,Capital,Independent Municipal,Victoria Mun,2010,3.0
Homicide,Capital,RCMP Municipal,View Royal Mun,2010,0.0
Homicide,Cariboo,RCMP Provincial,Wells Prov,2010,0.0
Homicide,Central Okanagan,RCMP Municipal,West Kelowna Mun,2010,2.0
Homicide,Capital,RCMP Provincial,West Shore Prov,2010,1.0
Homicide,Metro Vancouver,Independent Municipal,West Vancouver Mun,2010,0.0
Homicide,Squamish Lillooet,RCMP Municipal,Whistler Mun,2010,0.0
Homicide,Squamish Lillooet,RCMP Provincial,Whistler Prov,2010,0.0
Homicide,Metro Vancouver,RCMP Municipal,White Rock Mun,2010,0.0
Homicide,Cariboo,RCMP Municipal,Williams Lake Mun,2010,0.0
Homicide,Cariboo,RCMP Provincial,Williams Lake Prov,2010,0.0
Motor Vehicle Theft,Fraser Valley,Independent Municipal,Abbotsford Mun,2010,672.0
Motor Vehicle Theft,Fraser Valley,RCMP Provincial,Agassiz Prov,2010,23.0
Motor Vehicle Theft,Mount Waddington,RCMP Provincial,Alert Bay Prov,2010,3.0
Motor Vehicle Theft,Cariboo,RCMP Provincial,Alexis Creek Prov,2010,8.0
Motor Vehicle Theft,Cariboo,RCMP Provincial,Anahim Lake Prov,2010,6.0
Motor Vehicle Theft,North Okanagan,RCMP Provincial,Armstrong Prov,2010,36.0
Motor Vehicle Theft,Thompson Nicola,RCMP Provincial,Ashcroft Prov,2010,15.0
Motor Vehicle Theft,Kitimat Stikine,RCMP Provincial,Atlin Prov,2010,0.0
Motor Vehicle Theft,Thompson Nicola,RCMP Provincial,Barriere Prov,2010,9.0
Motor Vehicle Theft,Central Coast,RCMP Provincial,Bella Bella Prov,2010,0.0
Motor Vehicle Theft,Central Coast,RCMP Provincial,Bella Coola Prov,2010,4.0
Motor Vehicle Theft,Fraser Valley,RCMP Provincial,Boston Bar Prov,2010,5.0
Motor Vehicle Theft,Kootenay Boundary,RCMP Provincial,Boundary/Grand Forks Prov,2010,21.0
Motor Vehicle Theft,Kootenay Boundary,RCMP Provincial,Boundary/Midway Prov,2010,16.0
Motor Vehicle Theft,Metro Vancouver,RCMP Provincial,Bowen Island Prov,2010,4.0
Motor Vehicle Theft,Metro Vancouver,RCMP Municipal,Burnaby Mun,2010,881.0
Motor Vehicle Theft,Bulkley Nechako,RCMP Provincial,Burns Lake Prov,2010,15.0
Motor Vehicle Theft,Strathcona,RCMP Municipal,Campbell River Mun,2010,62.0
Motor Vehicle Theft,Strathcona,RCMP Provincial,Campbell River Prov,2010,7.0
Motor Vehicle Theft,Central Kootenay,RCMP Municipal,Castlegar Mun,2010,13.0
Motor Vehicle Theft,Central Kootenay,RCMP Provincial,Castlegar Prov,2010,7.0
Motor Vehicle Theft,Capital,Independent Municipal,Central Saanich Mun,2010,3.0
Motor Vehicle Theft,Thompson Nicola,RCMP Provincial,Chase Prov,2010,26.0
Motor Vehicle Theft,Peace River,RCMP Provincial,Chetwynd Prov,2010,38.0
Motor Vehicle Theft,Fraser Valley,RCMP Municipal,Chilliwack Mun,2010,408.0
Motor Vehicle Theft,Fraser Valley,RCMP Provincial,Chilliwack Prov,2010,29.0
Motor Vehicle Theft,Thompson Nicola,RCMP Provincial,Clearwater Prov,2010,10.0
Motor Vehicle Theft,Thompson Nicola,RCMP Provincial,Clinton Prov,2010,7.0
Motor Vehicle Theft,North Okanagan,RCMP Municipal,Coldstream Mun,2010,24.0
Motor Vehicle Theft,East Kootenay,RCMP Provincial,Columbia Valley Prov,2010,28.0
Motor Vehicle Theft,Capital,RCMP Municipal,Colwood Mun,2010,34.0
Motor Vehicle Theft,Comox Valley,RCMP Municipal,Comox Mun,2010,13.0
Motor Vehicle Theft,Comox Valley,RCMP Provincial,Comox Valley Prov,2010,42.0
Motor Vehicle Theft,Metro Vancouver,RCMP Municipal,Coquitlam Mun,2010,338.0
Motor Vehicle Theft,Metro Vancouver,RCMP Provincial,Coquitlam Prov,2010,3.0
Motor Vehicle Theft,Comox Valley,RCMP Municipal,Courtenay Mun,2010,49.0
Motor Vehicle Theft,East Kootenay,RCMP Municipal,Cranbrook Mun,2010,41.0
Motor Vehicle Theft,East Kootenay,RCMP Provincial,Cranbrook Prov,2010,11.0
Motor Vehicle Theft,Central Kootenay,RCMP Municipal,Creston Mun,2010,NA
Motor Vehicle Theft,Central Kootenay,RCMP Provincial,Creston Prov,2010,17.0
Motor Vehicle Theft,Peace River,RCMP Municipal,Dawson Creek Mun,2010,59.0
Motor Vehicle Theft,Peace River,RCMP Provincial,Dawson Creek Prov,2010,14.0
Motor Vehicle Theft,Kitimat Stikine,RCMP Provincial,Dease Lake Prov,2010,5.0
Motor Vehicle Theft,Metro Vancouver,Independent Municipal,Delta Mun,2010,239.0
Motor Vehicle Theft,Cowichan Valley,RCMP Provincial,Duncan Prov,2010,34.0
Motor Vehicle Theft,East Kootenay,RCMP Provincial,Elk Valley Prov,2010,38.0
Motor Vehicle Theft,North Okanagan,RCMP Provincial,Enderby Prov,2010,39.0
Motor Vehicle Theft,Columbia Shuswap,RCMP Provincial,Falkland Prov,2010,8.0
Motor Vehicle Theft,Bulkley Nechako,RCMP Provincial,Fort St James Prov,2010,10.0
Motor Vehicle Theft,Peace River,RCMP Municipal,Fort St John Mun,2010,99.0
Motor Vehicle Theft,Peace River,RCMP Provincial,Fort St John Prov,2010,48.0
Motor Vehicle Theft,Bulkley Nechako,RCMP Provincial,Fraser Lake Prov,2010,7.0
Motor Vehicle Theft,Nanaimo,RCMP Provincial,Gabriola Island Prov,2010,6.0
Motor Vehicle Theft,Columbia Shuswap,RCMP Provincial,Golden Prov,2010,24.0
Motor Vehicle Theft,Fraser Valley,RCMP Municipal,Hope Mun,2010,39.0
Motor Vehicle Theft,Fraser Valley,RCMP Provincial,Hope  Prov,2010,13.0
Motor Vehicle Theft,Bulkley Nechako,RCMP Provincial,Houston/Granisle Prov,2010,13.0
Motor Vehicle Theft,Peace River,RCMP Provincial,Hudson's Hope Prov,2010,7.0
Motor Vehicle Theft,Thompson Nicola,RCMP Municipal,Kamloops Mun,2010,314.0
Motor Vehicle Theft,Central Kootenay,RCMP Provincial,Kaslo Prov,2010,0.0
Motor Vehicle Theft,Central Okanagan,RCMP Municipal,Kelowna Mun,2010,646.0
Motor Vehicle Theft,Central Okanagan,RCMP Provincial,Kelowna Prov,2010,89.0
Motor Vehicle Theft,Fraser Valley,RCMP Municipal,Kent Mun,2010,14.0
Motor Vehicle Theft,Okanagan Similkameen,RCMP Provincial,Keremeos Prov,2010,12.0
Motor Vehicle Theft,East Kootenay,RCMP Municipal,Kimberley Mun,2010,5.0
Motor Vehicle Theft,East Kootenay,RCMP Provincial,Kimberley Prov,2010,3.0
Motor Vehicle Theft,Kitimat Stikine,RCMP Municipal,Kitimat Mun,2010,8.0
Motor Vehicle Theft,Kitimat Stikine,RCMP Provincial,Kitimat Prov,2010,1.0
Motor Vehicle Theft,Cowichan Valley,RCMP Municipal,Ladysmith Mun,2010,15.0
Motor Vehicle Theft,Cowichan Valley,RCMP Provincial,Ladysmith Prov,2010,18.0
Motor Vehicle Theft,Central Okanagan,RCMP Municipal,Lake Country Mun,2010,63.0
Motor Vehicle Theft,Cowichan Valley,RCMP Provincial,Lake Cowichan Prov,2010,16.0
Motor Vehicle Theft,Capital,RCMP Municipal,Langford Mun,2010,91.0
Motor Vehicle Theft,Metro Vancouver,RCMP Municipal,Langley City Mun,2010,293.0
Motor Vehicle Theft,Metro Vancouver,RCMP Municipal,Langley Township Mun,2010,797.0
Motor Vehicle Theft,Squamish Lillooet,RCMP Provincial,Lillooet Prov,2010,9.0
Motor Vehicle Theft,Kitimat Stikine,RCMP Provincial,Lisims/Nass Valley Prov,2010,1.0
Motor Vehicle Theft,Thompson Nicola,RCMP Provincial,Logan Lake Prov,2010,6.0
Motor Vehicle Theft,North Okanagan,RCMP Provincial,Lumby Prov,2010,30.0
Motor Vehicle Theft,Thompson Nicola,RCMP Provincial,Lytton Prov,2010,5.0
Motor Vehicle Theft,Fraser Fort George,RCMP Provincial,Mackenzie Prov,2010,9.0
Motor Vehicle Theft,Metro Vancouver,RCMP Municipal,Maple Ridge Mun,2010,350.0
Motor Vehicle Theft,North Coast Regional District (22),RCMP Provincial,Masset Prov,2010,3.0
Motor Vehicle Theft,Fraser Fort George,RCMP Provincial,McBride Prov,2010,4.0
Motor Vehicle Theft,Thompson Nicola,RCMP Municipal,Merritt Mun,2010,36.0
Motor Vehicle Theft,Thompson Nicola,RCMP Provincial,Merritt Prov,2010,7.0
Motor Vehicle Theft,Fraser Valley,RCMP Municipal,Mission Mun,2010,299.0
Motor Vehicle Theft,Fraser Valley,RCMP Provincial,Mission Prov,2010,24.0
Motor Vehicle Theft,Central Kootenay,RCMP Provincial,Nakusp Prov,2010,9.0
Motor Vehicle Theft,Nanaimo,RCMP Municipal,Nanaimo Mun,2010,271.0
Motor Vehicle Theft,Nanaimo,RCMP Provincial,Nanaimo Prov,2010,21.0
Motor Vehicle Theft,Central Kootenay,Independent Municipal,Nelson Mun,2010,8.0
Motor Vehicle Theft,Central Kootenay,RCMP Provincial,Nelson Prov,2010,12.0
Motor Vehicle Theft,Kitimat Stikine,RCMP Provincial,New Hazelton Prov,2010,16.0
Motor Vehicle Theft,Metro Vancouver,Independent Municipal,New Westminster Mun,2010,341.0
Motor Vehicle Theft,Strathcona,RCMP Provincial,Nootka Sound Prov,2010,4.0
Motor Vehicle Theft,Cowichan Valley,RCMP Municipal,North Cowichan Mun,2010,90.0
Motor Vehicle Theft,Capital,RCMP Municipal,North Saanich Mun,2010,12.0
Motor Vehicle Theft,Metro Vancouver,RCMP Municipal,North Vancouver City Mun,2010,92.0
Motor Vehicle Theft,Metro Vancouver,RCMP Municipal,North Vancouver District Mun,2010,100.0
Motor Vehicle Theft,Metro Vancouver,RCMP Provincial,North Vancouver Prov,2010,5.0
Motor Vehicle Theft,Northern Rockies,RCMP Municipal,Northern Rockies Mun,2010,NA
Motor Vehicle Theft,Northern Rockies,RCMP Provincial,Northern Rockies Prov,2010,43.0
Motor Vehicle Theft,Capital,Independent Municipal,Oak Bay Mun,2010,12.0
Motor Vehicle Theft,Nanaimo,RCMP Provincial,Oceanside Prov,2010,43.0
Motor Vehicle Theft,Cariboo,RCMP Provincial,One Hundred Mile House Prov,2010,22.0
Motor Vehicle Theft,Capital,RCMP Provincial,Outer Gulf  Islands Prov,2010,2.0
Motor Vehicle Theft,Nanaimo,RCMP Municipal,Parksville Mun,2010,28.0
Motor Vehicle Theft,Central Okanagan,RCMP Municipal,Peachland Mun,2010,NA
Motor Vehicle Theft,Squamish Lillooet,RCMP Provincial,Pemberton Prov,2010,12.0
Motor Vehicle Theft,Okanagan Similkameen,RCMP Municipal,Penticton Mun,2010,163.0
Motor Vehicle Theft,Okanagan Similkameen,RCMP Provincial,Penticton Prov,2010,21.0
Motor Vehicle Theft,Metro Vancouver,RCMP Municipal,Pitt Meadows Mun,2010,36.0
Motor Vehicle Theft,Alberni Clayoquot,RCMP Municipal,Port Alberni Mun,2010,59.0
Motor Vehicle Theft,Alberni Clayoquot,RCMP Provincial,Port Alberni Prov,2010,37.0
Motor Vehicle Theft,Mount Waddington,RCMP Provincial,Port Alice Prov,2010,0.0
Motor Vehicle Theft,Metro Vancouver,RCMP Municipal,Port Coquitlam Mun,2010,204.0
Motor Vehicle Theft,Mount Waddington,RCMP Provincial,Port Hardy Prov,2010,11.0
Motor Vehicle Theft,Mount Waddington,RCMP Provincial,Port McNeill Prov,2010,6.0
Motor Vehicle Theft,Metro Vancouver,Independent Municipal,Port Moody Mun,2010,40.0
Motor Vehicle Theft,Powell River,RCMP Municipal,Powell River Mun,2010,23.0
Motor Vehicle Theft,Powell River,RCMP Provincial,Powell River Prov,2010,11.0
Motor Vehicle Theft,Fraser Fort George,RCMP Municipal,Prince George Mun,2010,409.0
Motor Vehicle Theft,Fraser Fort George,RCMP Provincial,Prince George Prov,2010,44.0
Motor Vehicle Theft,North Coast Regional District (22),RCMP Municipal,Prince Rupert Mun,2010,25.0
Motor Vehicle Theft,North Coast Regional District (22),RCMP Provincial,Prince Rupert Prov,2010,2.0
Motor Vehicle Theft,Okanagan Similkameen,RCMP Provincial,Princeton Prov,2010,22.0
Motor Vehicle Theft,Strathcona,RCMP Provincial,Quadra Island Prov,2010,0.0
Motor Vehicle Theft,Nanaimo,RCMP Municipal,Qualicum Beach Mun,2010,14.0
Motor Vehicle Theft,North Coast Regional District (22),RCMP Provincial,Queen Charlotte Prov,2010,1.0
Motor Vehicle Theft,Cariboo,RCMP Municipal,Quesnel Mun,2010,38.0
Motor Vehicle Theft,Cariboo,RCMP Provincial,Quesnel Prov,2010,40.0
Motor Vehicle Theft,Columbia Shuswap,RCMP Municipal,Revelstoke Mun,2010,30.0
Motor Vehicle Theft,Columbia Shuswap,RCMP Provincial,Revelstoke Prov,2010,6.0
Motor Vehicle Theft,Metro Vancouver,RCMP Municipal,Richmond Mun,2010,482.0
Motor Vehicle Theft,Metro Vancouver,RCMP Provincial,Ridge Meadows Prov,2010,60.0
Motor Vehicle Theft,Capital,Independent Municipal,Saanich Mun,2010,139.0
Motor Vehicle Theft,Central Kootenay,RCMP Provincial,Salmo Prov,2010,6.0
Motor Vehicle Theft,Columbia Shuswap,RCMP Municipal,Salmon Arm Mun,2010,77.0
Motor Vehicle Theft,Columbia Shuswap,RCMP Provincial,Salmon Arm Prov,2010,38.0
Motor Vehicle Theft,Capital,RCMP Provincial,Saltspring Island Prov,2010,8.0
Motor Vehicle Theft,Strathcona,RCMP Provincial,Sayward Prov,2010,0.0
Motor Vehicle Theft,Sunshine Coast,RCMP Municipal,Sechelt Mun,2010,19.0
Motor Vehicle Theft,Cowichan Valley,RCMP Provincial,Shawnigan Lake Prov,2010,22.0
Motor Vehicle Theft,Columbia Shuswap,RCMP Provincial,Sicamous Prov,2010,33.0
Motor Vehicle Theft,Capital,RCMP Municipal,Sidney Mun,2010,9.0
Motor Vehicle Theft,Capital,RCMP Provincial,Sidney Prov,2010,2.0
Motor Vehicle Theft,Central Kootenay,RCMP Provincial,Slocan Lake Prov,2010,8.0
Motor Vehicle Theft,Bulkley Nechako,RCMP Municipal,Smithers Mun,2010,4.0
Motor Vehicle Theft,Bulkley Nechako,RCMP Provincial,Smithers Prov,2010,10.0
Motor Vehicle Theft,Capital,RCMP Municipal,Sooke Mun,2010,24.0
Motor Vehicle Theft,Capital,RCMP Provincial,Sooke Prov,2010,11.0
Motor Vehicle Theft,Okanagan Similkameen,RCMP Provincial,South Okanagan/Oliver,2010,26.0
Motor Vehicle Theft,Okanagan Similkameen,RCMP Provincial,South Okanagan/Osoyoos,2010,36.0
Motor Vehicle Theft,North Okanagan,RCMP Municipal,Spallumcheen Mun,2010,NA
Motor Vehicle Theft,Squamish Lillooet,RCMP Municipal,Squamish Mun,2010,30.0
Motor Vehicle Theft,Squamish Lillooet,RCMP Provincial,Squamish Prov,2010,1.0
Motor Vehicle Theft,Kitimat Stikine,RCMP Provincial,Stewart Prov,2010,2.0
Motor Vehicle Theft,Squamish Lillooet,First Nations Aboriginal Police Service,Stl'atl'imx FNAPS,2010,2.0
Motor Vehicle Theft,Okanagan Similkameen,RCMP Municipal,Summerland Mun,2010,30.0
Motor Vehicle Theft,Sunshine Coast,RCMP Provincial,Sunshine Coast Prov,2010,26.0
Motor Vehicle Theft,Metro Vancouver,RCMP Municipal,Surrey Mun,2010,3080.0
Motor Vehicle Theft,Bulkley Nechako,RCMP Provincial,Takla Landing Prov,2010,0.0
Motor Vehicle Theft,Kitimat Stikine,RCMP Municipal,Terrace Mun,2010,15.0
Motor Vehicle Theft,Kitimat Stikine,RCMP Provincial,Terrace Prov,2010,15.0
Motor Vehicle Theft,Powell River,RCMP Provincial,Texada Island Prov,2010,0.0
Motor Vehicle Theft,Thompson Nicola,RCMP Provincial,T'Kumlups Prov,2010,58.0
Motor Vehicle Theft,Alberni Clayoquot,RCMP Provincial,Tofino Prov,2010,6.0
Motor Vehicle Theft,Kootenay Boundary,RCMP Municipal,Trail Mun,2010,8.0
Motor Vehicle Theft,Kootenay Boundary,RCMP Provincial,Trail and Greater District,2010,12.0
Motor Vehicle Theft,Fraser Fort George,RCMP Provincial,Tsay Keh Dene Prov,2010,4.0
Motor Vehicle Theft,Peace River,RCMP Provincial,Tumbler Ridge Prov,2010,12.0
Motor Vehicle Theft,Alberni Clayoquot,RCMP Provincial,Ucluelet Prov,2010,4.0
Motor Vehicle Theft,Metro Vancouver,RCMP Provincial,University Prov,2010,15.0
Motor Vehicle Theft,Fraser Fort George,RCMP Provincial,Valemount Prov,2010,4.0
Motor Vehicle Theft,Metro Vancouver,Independent Municipal,Vancouver Mun,2010,1472.0
Motor Vehicle Theft,Bulkley Nechako,RCMP Provincial,Vanderhoof Prov,2010,29.0
Motor Vehicle Theft,North Okanagan,RCMP Municipal,Vernon Mun,2010,235.0
Motor Vehicle Theft,North Okanagan,RCMP Provincial,Vernon Prov,2010,45.0
Motor Vehicle Theft,Capital,Independent Municipal,Victoria Mun,2010,280.0
Motor Vehicle Theft,Capital,RCMP Municipal,View Royal Mun,2010,32.0
Motor Vehicle Theft,Cariboo,RCMP Provincial,Wells Prov,2010,1.0
Motor Vehicle Theft,Central Okanagan,RCMP Municipal,West Kelowna Mun,2010,87.0
Motor Vehicle Theft,Capital,RCMP Provincial,West Shore Prov,2010,16.0
Motor Vehicle Theft,Metro Vancouver,Independent Municipal,West Vancouver Mun,2010,48.0
Motor Vehicle Theft,Squamish Lillooet,RCMP Municipal,Whistler Mun,2010,34.0
Motor Vehicle Theft,Squamish Lillooet,RCMP Provincial,Whistler Prov,2010,1.0
Motor Vehicle Theft,Metro Vancouver,RCMP Municipal,White Rock Mun,2010,45.0
Motor Vehicle Theft,Cariboo,RCMP Municipal,Williams Lake Mun,2010,84.0
Motor Vehicle Theft,Cariboo,RCMP Provincial,Williams Lake Prov,2010,30.0
Administration of Justice Offenses,Fraser Valley,Independent Municipal,Abbotsford Mun,2010,350.0
Administration of Justice Offenses,Fraser Valley,RCMP Provincial,Agassiz Prov,2010,22.0
Administration of Justice Offenses,Mount Waddington,RCMP Provincial,Alert Bay Prov,2010,14.0
Administration of Justice Offenses,Cariboo,RCMP Provincial,Alexis Creek Prov,2010,22.0
Administration of Justice Offenses,Cariboo,RCMP Provincial,Anahim Lake Prov,2010,19.0
Administration of Justice Offenses,North Okanagan,RCMP Provincial,Armstrong Prov,2010,17.0
Administration of Justice Offenses,Thompson Nicola,RCMP Provincial,Ashcroft Prov,2010,22.0
Administration of Justice Offenses,Kitimat Stikine,RCMP Provincial,Atlin Prov,2010,26.0
Administration of Justice Offenses,Thompson Nicola,RCMP Provincial,Barriere Prov,2010,15.0
Administration of Justice Offenses,Central Coast,RCMP Provincial,Bella Bella Prov,2010,48.0
Administration of Justice Offenses,Central Coast,RCMP Provincial,Bella Coola Prov,2010,97.0
Administration of Justice Offenses,Fraser Valley,RCMP Provincial,Boston Bar Prov,2010,5.0
Administration of Justice Offenses,Kootenay Boundary,RCMP Provincial,Boundary/Grand Forks Prov,2010,55.0
Administration of Justice Offenses,Kootenay Boundary,RCMP Provincial,Boundary/Midway Prov,2010,8.0
Administration of Justice Offenses,Metro Vancouver,RCMP Provincial,Bowen Island Prov,2010,1.0
Administration of Justice Offenses,Metro Vancouver,RCMP Municipal,Burnaby Mun,2010,440.0
Administration of Justice Offenses,Bulkley Nechako,RCMP Provincial,Burns Lake Prov,2010,229.0
Administration of Justice Offenses,Strathcona,RCMP Municipal,Campbell River Mun,2010,320.0
Administration of Justice Offenses,Strathcona,RCMP Provincial,Campbell River Prov,2010,33.0
Administration of Justice Offenses,Central Kootenay,RCMP Municipal,Castlegar Mun,2010,33.0
Administration of Justice Offenses,Central Kootenay,RCMP Provincial,Castlegar Prov,2010,16.0
Administration of Justice Offenses,Capital,Independent Municipal,Central Saanich Mun,2010,23.0
Administration of Justice Offenses,Thompson Nicola,RCMP Provincial,Chase Prov,2010,29.0
Administration of Justice Offenses,Peace River,RCMP Provincial,Chetwynd Prov,2010,100.0
Administration of Justice Offenses,Fraser Valley,RCMP Municipal,Chilliwack Mun,2010,186.0
Administration of Justice Offenses,Fraser Valley,RCMP Provincial,Chilliwack Prov,2010,21.0
Administration of Justice Offenses,Thompson Nicola,RCMP Provincial,Clearwater Prov,2010,7.0
Administration of Justice Offenses,Thompson Nicola,RCMP Provincial,Clinton Prov,2010,2.0
Administration of Justice Offenses,North Okanagan,RCMP Municipal,Coldstream Mun,2010,9.0
Administration of Justice Offenses,East Kootenay,RCMP Provincial,Columbia Valley Prov,2010,19.0
Administration of Justice Offenses,Capital,RCMP Municipal,Colwood Mun,2010,24.0
Administration of Justice Offenses,Comox Valley,RCMP Municipal,Comox Mun,2010,16.0
Administration of Justice Offenses,Comox Valley,RCMP Provincial,Comox Valley Prov,2010,47.0
Administration of Justice Offenses,Metro Vancouver,RCMP Municipal,Coquitlam Mun,2010,231.0
Administration of Justice Offenses,Metro Vancouver,RCMP Provincial,Coquitlam Prov,2010,0.0
Administration of Justice Offenses,Comox Valley,RCMP Municipal,Courtenay Mun,2010,142.0
Administration of Justice Offenses,East Kootenay,RCMP Municipal,Cranbrook Mun,2010,162.0
Administration of Justice Offenses,East Kootenay,RCMP Provincial,Cranbrook Prov,2010,18.0
Administration of Justice Offenses,Central Kootenay,RCMP Municipal,Creston Mun,2010,NA
Administration of Justice Offenses,Central Kootenay,RCMP Provincial,Creston Prov,2010,79.0
Administration of Justice Offenses,Peace River,RCMP Municipal,Dawson Creek Mun,2010,193.0
Administration of Justice Offenses,Peace River,RCMP Provincial,Dawson Creek Prov,2010,18.0
Administration of Justice Offenses,Kitimat Stikine,RCMP Provincial,Dease Lake Prov,2010,17.0
Administration of Justice Offenses,Metro Vancouver,Independent Municipal,Delta Mun,2010,236.0
Administration of Justice Offenses,Cowichan Valley,RCMP Provincial,Duncan Prov,2010,149.0
Administration of Justice Offenses,East Kootenay,RCMP Provincial,Elk Valley Prov,2010,42.0
Administration of Justice Offenses,North Okanagan,RCMP Provincial,Enderby Prov,2010,16.0
Administration of Justice Offenses,Columbia Shuswap,RCMP Provincial,Falkland Prov,2010,7.0
Administration of Justice Offenses,Bulkley Nechako,RCMP Provincial,Fort St James Prov,2010,241.0
Administration of Justice Offenses,Peace River,RCMP Municipal,Fort St John Mun,2010,160.0
Administration of Justice Offenses,Peace River,RCMP Provincial,Fort St John Prov,2010,39.0
Administration of Justice Offenses,Bulkley Nechako,RCMP Provincial,Fraser Lake Prov,2010,17.0
Administration of Justice Offenses,Nanaimo,RCMP Provincial,Gabriola Island Prov,2010,4.0
Administration of Justice Offenses,Columbia Shuswap,RCMP Provincial,Golden Prov,2010,31.0
Administration of Justice Offenses,Fraser Valley,RCMP Municipal,Hope Mun,2010,39.0
Administration of Justice Offenses,Fraser Valley,RCMP Provincial,Hope  Prov,2010,3.0
Administration of Justice Offenses,Bulkley Nechako,RCMP Provincial,Houston/Granisle Prov,2010,84.0
Administration of Justice Offenses,Peace River,RCMP Provincial,Hudson's Hope Prov,2010,6.0
Administration of Justice Offenses,Thompson Nicola,RCMP Municipal,Kamloops Mun,2010,453.0
Administration of Justice Offenses,Central Kootenay,RCMP Provincial,Kaslo Prov,2010,5.0
Administration of Justice Offenses,Central Okanagan,RCMP Municipal,Kelowna Mun,2010,505.0
Administration of Justice Offenses,Central Okanagan,RCMP Provincial,Kelowna Prov,2010,28.0
Administration of Justice Offenses,Fraser Valley,RCMP Municipal,Kent Mun,2010,11.0
Administration of Justice Offenses,Okanagan Similkameen,RCMP Provincial,Keremeos Prov,2010,2.0
Administration of Justice Offenses,East Kootenay,RCMP Municipal,Kimberley Mun,2010,21.0
Administration of Justice Offenses,East Kootenay,RCMP Provincial,Kimberley Prov,2010,1.0
Administration of Justice Offenses,Kitimat Stikine,RCMP Municipal,Kitimat Mun,2010,79.0
Administration of Justice Offenses,Kitimat Stikine,RCMP Provincial,Kitimat Prov,2010,3.0
Administration of Justice Offenses,Cowichan Valley,RCMP Municipal,Ladysmith Mun,2010,17.0
Administration of Justice Offenses,Cowichan Valley,RCMP Provincial,Ladysmith Prov,2010,14.0
Administration of Justice Offenses,Central Okanagan,RCMP Municipal,Lake Country Mun,2010,12.0
Administration of Justice Offenses,Cowichan Valley,RCMP Provincial,Lake Cowichan Prov,2010,19.0
Administration of Justice Offenses,Capital,RCMP Municipal,Langford Mun,2010,66.0
Administration of Justice Offenses,Metro Vancouver,RCMP Municipal,Langley City Mun,2010,109.0
Administration of Justice Offenses,Metro Vancouver,RCMP Municipal,Langley Township Mun,2010,125.0
Administration of Justice Offenses,Squamish Lillooet,RCMP Provincial,Lillooet Prov,2010,49.0
Administration of Justice Offenses,Kitimat Stikine,RCMP Provincial,Lisims/Nass Valley Prov,2010,59.0
Administration of Justice Offenses,Thompson Nicola,RCMP Provincial,Logan Lake Prov,2010,3.0
Administration of Justice Offenses,North Okanagan,RCMP Provincial,Lumby Prov,2010,9.0
Administration of Justice Offenses,Thompson Nicola,RCMP Provincial,Lytton Prov,2010,35.0
Administration of Justice Offenses,Fraser Fort George,RCMP Provincial,Mackenzie Prov,2010,44.0
Administration of Justice Offenses,Metro Vancouver,RCMP Municipal,Maple Ridge Mun,2010,131.0
Administration of Justice Offenses,North Coast Regional District (22),RCMP Provincial,Masset Prov,2010,32.0
Administration of Justice Offenses,Fraser Fort George,RCMP Provincial,McBride Prov,2010,1.0
Administration of Justice Offenses,Thompson Nicola,RCMP Municipal,Merritt Mun,2010,102.0
Administration of Justice Offenses,Thompson Nicola,RCMP Provincial,Merritt Prov,2010,23.0
Administration of Justice Offenses,Fraser Valley,RCMP Municipal,Mission Mun,2010,128.0
Administration of Justice Offenses,Fraser Valley,RCMP Provincial,Mission Prov,2010,10.0
Administration of Justice Offenses,Central Kootenay,RCMP Provincial,Nakusp Prov,2010,19.0
Administration of Justice Offenses,Nanaimo,RCMP Municipal,Nanaimo Mun,2010,510.0
Administration of Justice Offenses,Nanaimo,RCMP Provincial,Nanaimo Prov,2010,13.0
Administration of Justice Offenses,Central Kootenay,Independent Municipal,Nelson Mun,2010,79.0
Administration of Justice Offenses,Central Kootenay,RCMP Provincial,Nelson Prov,2010,20.0
Administration of Justice Offenses,Kitimat Stikine,RCMP Provincial,New Hazelton Prov,2010,137.0
Administration of Justice Offenses,Metro Vancouver,Independent Municipal,New Westminster Mun,2010,332.0
Administration of Justice Offenses,Strathcona,RCMP Provincial,Nootka Sound Prov,2010,17.0
Administration of Justice Offenses,Cowichan Valley,RCMP Municipal,North Cowichan Mun,2010,105.0
Administration of Justice Offenses,Capital,RCMP Municipal,North Saanich Mun,2010,21.0
Administration of Justice Offenses,Metro Vancouver,RCMP Municipal,North Vancouver City Mun,2010,179.0
Administration of Justice Offenses,Metro Vancouver,RCMP Municipal,North Vancouver District Mun,2010,76.0
Administration of Justice Offenses,Metro Vancouver,RCMP Provincial,North Vancouver Prov,2010,35.0
Administration of Justice Offenses,Northern Rockies,RCMP Municipal,Northern Rockies Mun,2010,NA
Administration of Justice Offenses,Northern Rockies,RCMP Provincial,Northern Rockies Prov,2010,109.0
Administration of Justice Offenses,Capital,Independent Municipal,Oak Bay Mun,2010,15.0
Administration of Justice Offenses,Nanaimo,RCMP Provincial,Oceanside Prov,2010,30.0
Administration of Justice Offenses,Cariboo,RCMP Provincial,One Hundred Mile House Prov,2010,32.0
Administration of Justice Offenses,Capital,RCMP Provincial,Outer Gulf  Islands Prov,2010,1.0
Administration of Justice Offenses,Nanaimo,RCMP Municipal,Parksville Mun,2010,51.0
Administration of Justice Offenses,Central Okanagan,RCMP Municipal,Peachland Mun,2010,NA
Administration of Justice Offenses,Squamish Lillooet,RCMP Provincial,Pemberton Prov,2010,27.0
Administration of Justice Offenses,Okanagan Similkameen,RCMP Municipal,Penticton Mun,2010,198.0
Administration of Justice Offenses,Okanagan Similkameen,RCMP Provincial,Penticton Prov,2010,19.0
Administration of Justice Offenses,Metro Vancouver,RCMP Municipal,Pitt Meadows Mun,2010,21.0
Administration of Justice Offenses,Alberni Clayoquot,RCMP Municipal,Port Alberni Mun,2010,295.0
Administration of Justice Offenses,Alberni Clayoquot,RCMP Provincial,Port Alberni Prov,2010,14.0
Administration of Justice Offenses,Mount Waddington,RCMP Provincial,Port Alice Prov,2010,2.0
Administration of Justice Offenses,Metro Vancouver,RCMP Municipal,Port Coquitlam Mun,2010,104.0
Administration of Justice Offenses,Mount Waddington,RCMP Provincial,Port Hardy Prov,2010,158.0
Administration of Justice Offenses,Mount Waddington,RCMP Provincial,Port McNeill Prov,2010,27.0
Administration of Justice Offenses,Metro Vancouver,Independent Municipal,Port Moody Mun,2010,64.0
Administration of Justice Offenses,Powell River,RCMP Municipal,Powell River Mun,2010,31.0
Administration of Justice Offenses,Powell River,RCMP Provincial,Powell River Prov,2010,9.0
Administration of Justice Offenses,Fraser Fort George,RCMP Municipal,Prince George Mun,2010,969.0
Administration of Justice Offenses,Fraser Fort George,RCMP Provincial,Prince George Prov,2010,16.0
Administration of Justice Offenses,North Coast Regional District (22),RCMP Municipal,Prince Rupert Mun,2010,225.0
Administration of Justice Offenses,North Coast Regional District (22),RCMP Provincial,Prince Rupert Prov,2010,23.0
Administration of Justice Offenses,Okanagan Similkameen,RCMP Provincial,Princeton Prov,2010,30.0
Administration of Justice Offenses,Strathcona,RCMP Provincial,Quadra Island Prov,2010,3.0
Administration of Justice Offenses,Nanaimo,RCMP Municipal,Qualicum Beach Mun,2010,9.0
Administration of Justice Offenses,North Coast Regional District (22),RCMP Provincial,Queen Charlotte Prov,2010,37.0
Administration of Justice Offenses,Cariboo,RCMP Municipal,Quesnel Mun,2010,103.0
Administration of Justice Offenses,Cariboo,RCMP Provincial,Quesnel Prov,2010,22.0
Administration of Justice Offenses,Columbia Shuswap,RCMP Municipal,Revelstoke Mun,2010,17.0
Administration of Justice Offenses,Columbia Shuswap,RCMP Provincial,Revelstoke Prov,2010,1.0
Administration of Justice Offenses,Metro Vancouver,RCMP Municipal,Richmond Mun,2010,221.0
Administration of Justice Offenses,Metro Vancouver,RCMP Provincial,Ridge Meadows Prov,2010,20.0
Administration of Justice Offenses,Capital,Independent Municipal,Saanich Mun,2010,310.0
Administration of Justice Offenses,Central Kootenay,RCMP Provincial,Salmo Prov,2010,12.0
Administration of Justice Offenses,Columbia Shuswap,RCMP Municipal,Salmon Arm Mun,2010,130.0
Administration of Justice Offenses,Columbia Shuswap,RCMP Provincial,Salmon Arm Prov,2010,18.0
Administration of Justice Offenses,Capital,RCMP Provincial,Saltspring Island Prov,2010,22.0
Administration of Justice Offenses,Strathcona,RCMP Provincial,Sayward Prov,2010,0.0
Administration of Justice Offenses,Sunshine Coast,RCMP Municipal,Sechelt Mun,2010,36.0
Administration of Justice Offenses,Cowichan Valley,RCMP Provincial,Shawnigan Lake Prov,2010,16.0
Administration of Justice Offenses,Columbia Shuswap,RCMP Provincial,Sicamous Prov,2010,12.0
Administration of Justice Offenses,Capital,RCMP Municipal,Sidney Mun,2010,37.0
Administration of Justice Offenses,Capital,RCMP Provincial,Sidney Prov,2010,33.0
Administration of Justice Offenses,Central Kootenay,RCMP Provincial,Slocan Lake Prov,2010,8.0
Administration of Justice Offenses,Bulkley Nechako,RCMP Municipal,Smithers Mun,2010,66.0
Administration of Justice Offenses,Bulkley Nechako,RCMP Provincial,Smithers Prov,2010,21.0
Administration of Justice Offenses,Capital,RCMP Municipal,Sooke Mun,2010,51.0
Administration of Justice Offenses,Capital,RCMP Provincial,Sooke Prov,2010,24.0
Administration of Justice Offenses,Okanagan Similkameen,RCMP Provincial,South Okanagan/Oliver,2010,22.0
Administration of Justice Offenses,Okanagan Similkameen,RCMP Provincial,South Okanagan/Osoyoos,2010,32.0
Administration of Justice Offenses,North Okanagan,RCMP Municipal,Spallumcheen Mun,2010,NA
Administration of Justice Offenses,Squamish Lillooet,RCMP Municipal,Squamish Mun,2010,62.0
Administration of Justice Offenses,Squamish Lillooet,RCMP Provincial,Squamish Prov,2010,3.0
Administration of Justice Offenses,Kitimat Stikine,RCMP Provincial,Stewart Prov,2010,2.0
Administration of Justice Offenses,Squamish Lillooet,First Nations Aboriginal Police Service,Stl'atl'imx FNAPS,2010,54.0
Administration of Justice Offenses,Okanagan Similkameen,RCMP Municipal,Summerland Mun,2010,10.0
Administration of Justice Offenses,Sunshine Coast,RCMP Provincial,Sunshine Coast Prov,2010,54.0
Administration of Justice Offenses,Metro Vancouver,RCMP Municipal,Surrey Mun,2010,1200.0
Administration of Justice Offenses,Bulkley Nechako,RCMP Provincial,Takla Landing Prov,2010,20.0
Administration of Justice Offenses,Kitimat Stikine,RCMP Municipal,Terrace Mun,2010,432.0
Administration of Justice Offenses,Kitimat Stikine,RCMP Provincial,Terrace Prov,2010,23.0
Administration of Justice Offenses,Powell River,RCMP Provincial,Texada Island Prov,2010,2.0
Administration of Justice Offenses,Thompson Nicola,RCMP Provincial,T'Kumlups Prov,2010,30.0
Administration of Justice Offenses,Alberni Clayoquot,RCMP Provincial,Tofino Prov,2010,113.0
Administration of Justice Offenses,Kootenay Boundary,RCMP Municipal,Trail Mun,2010,51.0
Administration of Justice Offenses,Kootenay Boundary,RCMP Provincial,Trail and Greater District,2010,32.0
Administration of Justice Offenses,Fraser Fort George,RCMP Provincial,Tsay Keh Dene Prov,2010,48.0
Administration of Justice Offenses,Peace River,RCMP Provincial,Tumbler Ridge Prov,2010,14.0
Administration of Justice Offenses,Alberni Clayoquot,RCMP Provincial,Ucluelet Prov,2010,43.0
Administration of Justice Offenses,Metro Vancouver,RCMP Provincial,University Prov,2010,14.0
Administration of Justice Offenses,Fraser Fort George,RCMP Provincial,Valemount Prov,2010,11.0
Administration of Justice Offenses,Metro Vancouver,Independent Municipal,Vancouver Mun,2010,1757.0
Administration of Justice Offenses,Bulkley Nechako,RCMP Provincial,Vanderhoof Prov,2010,90.0
Administration of Justice Offenses,North Okanagan,RCMP Municipal,Vernon Mun,2010,234.0
Administration of Justice Offenses,North Okanagan,RCMP Provincial,Vernon Prov,2010,12.0
Administration of Justice Offenses,Capital,Independent Municipal,Victoria Mun,2010,709.0
Administration of Justice Offenses,Capital,RCMP Municipal,View Royal Mun,2010,15.0
Administration of Justice Offenses,Cariboo,RCMP Provincial,Wells Prov,2010,1.0
Administration of Justice Offenses,Central Okanagan,RCMP Municipal,West Kelowna Mun,2010,30.0
Administration of Justice Offenses,Capital,RCMP Provincial,West Shore Prov,2010,16.0
Administration of Justice Offenses,Metro Vancouver,Independent Municipal,West Vancouver Mun,2010,78.0
Administration of Justice Offenses,Squamish Lillooet,RCMP Municipal,Whistler Mun,2010,22.0
Administration of Justice Offenses,Squamish Lillooet,RCMP Provincial,Whistler Prov,2010,0.0
Administration of Justice Offenses,Metro Vancouver,RCMP Municipal,White Rock Mun,2010,25.0
Administration of Justice Offenses,Cariboo,RCMP Municipal,Williams Lake Mun,2010,242.0
Administration of Justice Offenses,Cariboo,RCMP Provincial,Williams Lake Prov,2010,22.0
Drug Offenses,Fraser Valley,Independent Municipal,Abbotsford Mun,2010,516.0
Drug Offenses,Fraser Valley,RCMP Provincial,Agassiz Prov,2010,40.0
Drug Offenses,Mount Waddington,RCMP Provincial,Alert Bay Prov,2010,15.0
Drug Offenses,Cariboo,RCMP Provincial,Alexis Creek Prov,2010,17.0
Drug Offenses,Cariboo,RCMP Provincial,Anahim Lake Prov,2010,9.0
Drug Offenses,North Okanagan,RCMP Provincial,Armstrong Prov,2010,38.0
Drug Offenses,Thompson Nicola,RCMP Provincial,Ashcroft Prov,2010,31.0
Drug Offenses,Kitimat Stikine,RCMP Provincial,Atlin Prov,2010,6.0
Drug Offenses,Thompson Nicola,RCMP Provincial,Barriere Prov,2010,81.0
Drug Offenses,Central Coast,RCMP Provincial,Bella Bella Prov,2010,18.0
Drug Offenses,Central Coast,RCMP Provincial,Bella Coola Prov,2010,28.0
Drug Offenses,Fraser Valley,RCMP Provincial,Boston Bar Prov,2010,10.0
Drug Offenses,Kootenay Boundary,RCMP Provincial,Boundary/Grand Forks Prov,2010,79.0
Drug Offenses,Kootenay Boundary,RCMP Provincial,Boundary/Midway Prov,2010,82.0
Drug Offenses,Metro Vancouver,RCMP Provincial,Bowen Island Prov,2010,7.0
Drug Offenses,Metro Vancouver,RCMP Municipal,Burnaby Mun,2010,842.0
Drug Offenses,Bulkley Nechako,RCMP Provincial,Burns Lake Prov,2010,49.0
Drug Offenses,Strathcona,RCMP Municipal,Campbell River Mun,2010,233.0
Drug Offenses,Strathcona,RCMP Provincial,Campbell River Prov,2010,35.0
Drug Offenses,Central Kootenay,RCMP Municipal,Castlegar Mun,2010,92.0
Drug Offenses,Central Kootenay,RCMP Provincial,Castlegar Prov,2010,101.0
Drug Offenses,Capital,Independent Municipal,Central Saanich Mun,2010,40.0
Drug Offenses,Thompson Nicola,RCMP Provincial,Chase Prov,2010,74.0
Drug Offenses,Peace River,RCMP Provincial,Chetwynd Prov,2010,67.0
Drug Offenses,Fraser Valley,RCMP Municipal,Chilliwack Mun,2010,374.0
Drug Offenses,Fraser Valley,RCMP Provincial,Chilliwack Prov,2010,40.0
Drug Offenses,Thompson Nicola,RCMP Provincial,Clearwater Prov,2010,50.0
Drug Offenses,Thompson Nicola,RCMP Provincial,Clinton Prov,2010,39.0
Drug Offenses,North Okanagan,RCMP Municipal,Coldstream Mun,2010,18.0
Drug Offenses,East Kootenay,RCMP Provincial,Columbia Valley Prov,2010,67.0
Drug Offenses,Capital,RCMP Municipal,Colwood Mun,2010,47.0
Drug Offenses,Comox Valley,RCMP Municipal,Comox Mun,2010,15.0
Drug Offenses,Comox Valley,RCMP Provincial,Comox Valley Prov,2010,134.0
Drug Offenses,Metro Vancouver,RCMP Municipal,Coquitlam Mun,2010,468.0
Drug Offenses,Metro Vancouver,RCMP Provincial,Coquitlam Prov,2010,13.0
Drug Offenses,Comox Valley,RCMP Municipal,Courtenay Mun,2010,125.0
Drug Offenses,East Kootenay,RCMP Municipal,Cranbrook Mun,2010,165.0
Drug Offenses,East Kootenay,RCMP Provincial,Cranbrook Prov,2010,59.0
Drug Offenses,Central Kootenay,RCMP Municipal,Creston Mun,2010,NA
Drug Offenses,Central Kootenay,RCMP Provincial,Creston Prov,2010,107.0
Drug Offenses,Peace River,RCMP Municipal,Dawson Creek Mun,2010,137.0
Drug Offenses,Peace River,RCMP Provincial,Dawson Creek Prov,2010,17.0
Drug Offenses,Kitimat Stikine,RCMP Provincial,Dease Lake Prov,2010,5.0
Drug Offenses,Metro Vancouver,Independent Municipal,Delta Mun,2010,705.0
Drug Offenses,Cowichan Valley,RCMP Provincial,Duncan Prov,2010,193.0
Drug Offenses,East Kootenay,RCMP Provincial,Elk Valley Prov,2010,133.0
Drug Offenses,North Okanagan,RCMP Provincial,Enderby Prov,2010,30.0
Drug Offenses,Columbia Shuswap,RCMP Provincial,Falkland Prov,2010,13.0
Drug Offenses,Bulkley Nechako,RCMP Provincial,Fort St James Prov,2010,46.0
Drug Offenses,Peace River,RCMP Municipal,Fort St John Mun,2010,169.0
Drug Offenses,Peace River,RCMP Provincial,Fort St John Prov,2010,31.0
Drug Offenses,Bulkley Nechako,RCMP Provincial,Fraser Lake Prov,2010,30.0
Drug Offenses,Nanaimo,RCMP Provincial,Gabriola Island Prov,2010,31.0
Drug Offenses,Columbia Shuswap,RCMP Provincial,Golden Prov,2010,159.0
Drug Offenses,Fraser Valley,RCMP Municipal,Hope Mun,2010,107.0
Drug Offenses,Fraser Valley,RCMP Provincial,Hope  Prov,2010,32.0
Drug Offenses,Bulkley Nechako,RCMP Provincial,Houston/Granisle Prov,2010,30.0
Drug Offenses,Peace River,RCMP Provincial,Hudson's Hope Prov,2010,11.0
Drug Offenses,Thompson Nicola,RCMP Municipal,Kamloops Mun,2010,631.0
Drug Offenses,Central Kootenay,RCMP Provincial,Kaslo Prov,2010,27.0
Drug Offenses,Central Okanagan,RCMP Municipal,Kelowna Mun,2010,722.0
Drug Offenses,Central Okanagan,RCMP Provincial,Kelowna Prov,2010,109.0
Drug Offenses,Fraser Valley,RCMP Municipal,Kent Mun,2010,29.0
Drug Offenses,Okanagan Similkameen,RCMP Provincial,Keremeos Prov,2010,25.0
Drug Offenses,East Kootenay,RCMP Municipal,Kimberley Mun,2010,36.0
Drug Offenses,East Kootenay,RCMP Provincial,Kimberley Prov,2010,16.0
Drug Offenses,Kitimat Stikine,RCMP Municipal,Kitimat Mun,2010,31.0
Drug Offenses,Kitimat Stikine,RCMP Provincial,Kitimat Prov,2010,5.0
Drug Offenses,Cowichan Valley,RCMP Municipal,Ladysmith Mun,2010,45.0
Drug Offenses,Cowichan Valley,RCMP Provincial,Ladysmith Prov,2010,28.0
Drug Offenses,Central Okanagan,RCMP Municipal,Lake Country Mun,2010,43.0
Drug Offenses,Cowichan Valley,RCMP Provincial,Lake Cowichan Prov,2010,82.0
Drug Offenses,Capital,RCMP Municipal,Langford Mun,2010,123.0
Drug Offenses,Metro Vancouver,RCMP Municipal,Langley City Mun,2010,238.0
Drug Offenses,Metro Vancouver,RCMP Municipal,Langley Township Mun,2010,444.0
Drug Offenses,Squamish Lillooet,RCMP Provincial,Lillooet Prov,2010,77.0
Drug Offenses,Kitimat Stikine,RCMP Provincial,Lisims/Nass Valley Prov,2010,13.0
Drug Offenses,Thompson Nicola,RCMP Provincial,Logan Lake Prov,2010,23.0
Drug Offenses,North Okanagan,RCMP Provincial,Lumby Prov,2010,22.0
Drug Offenses,Thompson Nicola,RCMP Provincial,Lytton Prov,2010,36.0
Drug Offenses,Fraser Fort George,RCMP Provincial,Mackenzie Prov,2010,82.0
Drug Offenses,Metro Vancouver,RCMP Municipal,Maple Ridge Mun,2010,203.0
Drug Offenses,North Coast Regional District (22),RCMP Provincial,Masset Prov,2010,33.0
Drug Offenses,Fraser Fort George,RCMP Provincial,McBride Prov,2010,14.0
Drug Offenses,Thompson Nicola,RCMP Municipal,Merritt Mun,2010,95.0
Drug Offenses,Thompson Nicola,RCMP Provincial,Merritt Prov,2010,60.0
Drug Offenses,Fraser Valley,RCMP Municipal,Mission Mun,2010,348.0
Drug Offenses,Fraser Valley,RCMP Provincial,Mission Prov,2010,30.0
Drug Offenses,Central Kootenay,RCMP Provincial,Nakusp Prov,2010,21.0
Drug Offenses,Nanaimo,RCMP Municipal,Nanaimo Mun,2010,693.0
Drug Offenses,Nanaimo,RCMP Provincial,Nanaimo Prov,2010,47.0
Drug Offenses,Central Kootenay,Independent Municipal,Nelson Mun,2010,131.0
Drug Offenses,Central Kootenay,RCMP Provincial,Nelson Prov,2010,99.0
Drug Offenses,Kitimat Stikine,RCMP Provincial,New Hazelton Prov,2010,72.0
Drug Offenses,Metro Vancouver,Independent Municipal,New Westminster Mun,2010,415.0
Drug Offenses,Strathcona,RCMP Provincial,Nootka Sound Prov,2010,53.0
Drug Offenses,Cowichan Valley,RCMP Municipal,North Cowichan Mun,2010,231.0
Drug Offenses,Capital,RCMP Municipal,North Saanich Mun,2010,30.0
Drug Offenses,Metro Vancouver,RCMP Municipal,North Vancouver City Mun,2010,351.0
Drug Offenses,Metro Vancouver,RCMP Municipal,North Vancouver District Mun,2010,245.0
Drug Offenses,Metro Vancouver,RCMP Provincial,North Vancouver Prov,2010,42.0
Drug Offenses,Northern Rockies,RCMP Municipal,Northern Rockies Mun,2010,NA
Drug Offenses,Northern Rockies,RCMP Provincial,Northern Rockies Prov,2010,84.0
Drug Offenses,Capital,Independent Municipal,Oak Bay Mun,2010,23.0
Drug Offenses,Nanaimo,RCMP Provincial,Oceanside Prov,2010,112.0
Drug Offenses,Cariboo,RCMP Provincial,One Hundred Mile House Prov,2010,97.0
Drug Offenses,Capital,RCMP Provincial,Outer Gulf  Islands Prov,2010,8.0
Drug Offenses,Nanaimo,RCMP Municipal,Parksville Mun,2010,60.0
Drug Offenses,Central Okanagan,RCMP Municipal,Peachland Mun,2010,NA
Drug Offenses,Squamish Lillooet,RCMP Provincial,Pemberton Prov,2010,37.0
Drug Offenses,Okanagan Similkameen,RCMP Municipal,Penticton Mun,2010,204.0
Drug Offenses,Okanagan Similkameen,RCMP Provincial,Penticton Prov,2010,36.0
Drug Offenses,Metro Vancouver,RCMP Municipal,Pitt Meadows Mun,2010,37.0
Drug Offenses,Alberni Clayoquot,RCMP Municipal,Port Alberni Mun,2010,102.0
Drug Offenses,Alberni Clayoquot,RCMP Provincial,Port Alberni Prov,2010,32.0
Drug Offenses,Mount Waddington,RCMP Provincial,Port Alice Prov,2010,9.0
Drug Offenses,Metro Vancouver,RCMP Municipal,Port Coquitlam Mun,2010,271.0
Drug Offenses,Mount Waddington,RCMP Provincial,Port Hardy Prov,2010,41.0
Drug Offenses,Mount Waddington,RCMP Provincial,Port McNeill Prov,2010,24.0
Drug Offenses,Metro Vancouver,Independent Municipal,Port Moody Mun,2010,185.0
Drug Offenses,Powell River,RCMP Municipal,Powell River Mun,2010,62.0
Drug Offenses,Powell River,RCMP Provincial,Powell River Prov,2010,18.0
Drug Offenses,Fraser Fort George,RCMP Municipal,Prince George Mun,2010,588.0
Drug Offenses,Fraser Fort George,RCMP Provincial,Prince George Prov,2010,110.0
Drug Offenses,North Coast Regional District (22),RCMP Municipal,Prince Rupert Mun,2010,155.0
Drug Offenses,North Coast Regional District (22),RCMP Provincial,Prince Rupert Prov,2010,10.0
Drug Offenses,Okanagan Similkameen,RCMP Provincial,Princeton Prov,2010,56.0
Drug Offenses,Strathcona,RCMP Provincial,Quadra Island Prov,2010,27.0
Drug Offenses,Nanaimo,RCMP Municipal,Qualicum Beach Mun,2010,18.0
Drug Offenses,North Coast Regional District (22),RCMP Provincial,Queen Charlotte Prov,2010,7.0
Drug Offenses,Cariboo,RCMP Municipal,Quesnel Mun,2010,117.0
Drug Offenses,Cariboo,RCMP Provincial,Quesnel Prov,2010,62.0
Drug Offenses,Columbia Shuswap,RCMP Municipal,Revelstoke Mun,2010,102.0
Drug Offenses,Columbia Shuswap,RCMP Provincial,Revelstoke Prov,2010,88.0
Drug Offenses,Metro Vancouver,RCMP Municipal,Richmond Mun,2010,1280.0
Drug Offenses,Metro Vancouver,RCMP Provincial,Ridge Meadows Prov,2010,60.0
Drug Offenses,Capital,Independent Municipal,Saanich Mun,2010,218.0
Drug Offenses,Central Kootenay,RCMP Provincial,Salmo Prov,2010,151.0
Drug Offenses,Columbia Shuswap,RCMP Municipal,Salmon Arm Mun,2010,174.0
Drug Offenses,Columbia Shuswap,RCMP Provincial,Salmon Arm Prov,2010,65.0
Drug Offenses,Capital,RCMP Provincial,Saltspring Island Prov,2010,45.0
Drug Offenses,Strathcona,RCMP Provincial,Sayward Prov,2010,17.0
Drug Offenses,Sunshine Coast,RCMP Municipal,Sechelt Mun,2010,63.0
Drug Offenses,Cowichan Valley,RCMP Provincial,Shawnigan Lake Prov,2010,80.0
Drug Offenses,Columbia Shuswap,RCMP Provincial,Sicamous Prov,2010,36.0
Drug Offenses,Capital,RCMP Municipal,Sidney Mun,2010,47.0
Drug Offenses,Capital,RCMP Provincial,Sidney Prov,2010,10.0
Drug Offenses,Central Kootenay,RCMP Provincial,Slocan Lake Prov,2010,46.0
Drug Offenses,Bulkley Nechako,RCMP Municipal,Smithers Mun,2010,102.0
Drug Offenses,Bulkley Nechako,RCMP Provincial,Smithers Prov,2010,17.0
Drug Offenses,Capital,RCMP Municipal,Sooke Mun,2010,97.0
Drug Offenses,Capital,RCMP Provincial,Sooke Prov,2010,20.0
Drug Offenses,Okanagan Similkameen,RCMP Provincial,South Okanagan/Oliver,2010,52.0
Drug Offenses,Okanagan Similkameen,RCMP Provincial,South Okanagan/Osoyoos,2010,81.0
Drug Offenses,North Okanagan,RCMP Municipal,Spallumcheen Mun,2010,NA
Drug Offenses,Squamish Lillooet,RCMP Municipal,Squamish Mun,2010,178.0
Drug Offenses,Squamish Lillooet,RCMP Provincial,Squamish Prov,2010,20.0
Drug Offenses,Kitimat Stikine,RCMP Provincial,Stewart Prov,2010,31.0
Drug Offenses,Squamish Lillooet,First Nations Aboriginal Police Service,Stl'atl'imx FNAPS,2010,18.0
Drug Offenses,Okanagan Similkameen,RCMP Municipal,Summerland Mun,2010,58.0
Drug Offenses,Sunshine Coast,RCMP Provincial,Sunshine Coast Prov,2010,133.0
Drug Offenses,Metro Vancouver,RCMP Municipal,Surrey Mun,2010,2418.0
Drug Offenses,Bulkley Nechako,RCMP Provincial,Takla Landing Prov,2010,6.0
Drug Offenses,Kitimat Stikine,RCMP Municipal,Terrace Mun,2010,77.0
Drug Offenses,Kitimat Stikine,RCMP Provincial,Terrace Prov,2010,30.0
Drug Offenses,Powell River,RCMP Provincial,Texada Island Prov,2010,64.0
Drug Offenses,Thompson Nicola,RCMP Provincial,T'Kumlups Prov,2010,76.0
Drug Offenses,Alberni Clayoquot,RCMP Provincial,Tofino Prov,2010,53.0
Drug Offenses,Kootenay Boundary,RCMP Municipal,Trail Mun,2010,73.0
Drug Offenses,Kootenay Boundary,RCMP Provincial,Trail and Greater District,2010,48.0
Drug Offenses,Fraser Fort George,RCMP Provincial,Tsay Keh Dene Prov,2010,3.0
Drug Offenses,Peace River,RCMP Provincial,Tumbler Ridge Prov,2010,24.0
Drug Offenses,Alberni Clayoquot,RCMP Provincial,Ucluelet Prov,2010,82.0
Drug Offenses,Metro Vancouver,RCMP Provincial,University Prov,2010,219.0
Drug Offenses,Fraser Fort George,RCMP Provincial,Valemount Prov,2010,30.0
Drug Offenses,Metro Vancouver,Independent Municipal,Vancouver Mun,2010,3194.0
Drug Offenses,Bulkley Nechako,RCMP Provincial,Vanderhoof Prov,2010,68.0
Drug Offenses,North Okanagan,RCMP Municipal,Vernon Mun,2010,283.0
Drug Offenses,North Okanagan,RCMP Provincial,Vernon Prov,2010,30.0
Drug Offenses,Capital,Independent Municipal,Victoria Mun,2010,910.0
Drug Offenses,Capital,RCMP Municipal,View Royal Mun,2010,32.0
Drug Offenses,Cariboo,RCMP Provincial,Wells Prov,2010,2.0
Drug Offenses,Central Okanagan,RCMP Municipal,West Kelowna Mun,2010,109.0
Drug Offenses,Capital,RCMP Provincial,West Shore Prov,2010,27.0
Drug Offenses,Metro Vancouver,Independent Municipal,West Vancouver Mun,2010,185.0
Drug Offenses,Squamish Lillooet,RCMP Municipal,Whistler Mun,2010,243.0
Drug Offenses,Squamish Lillooet,RCMP Provincial,Whistler Prov,2010,5.0
Drug Offenses,Metro Vancouver,RCMP Municipal,White Rock Mun,2010,142.0
Drug Offenses,Cariboo,RCMP Municipal,Williams Lake Mun,2010,259.0
Drug Offenses,Cariboo,RCMP Provincial,Williams Lake Prov,2010,133.0
Population,Fraser Valley,Independent Municipal,Abbotsford Mun,2010,136866.0
Population,Fraser Valley,RCMP Provincial,Agassiz Prov,2010,3847.0
Population,Mount Waddington,RCMP Provincial,Alert Bay Prov,2010,1379.0
Population,Cariboo,RCMP Provincial,Alexis Creek Prov,2010,1723.0
Population,Cariboo,RCMP Provincial,Anahim Lake Prov,2010,712.0
Population,North Okanagan,RCMP Provincial,Armstrong Prov,2010,10479.0
Population,Thompson Nicola,RCMP Provincial,Ashcroft Prov,2010,3776.0
Population,Kitimat Stikine,RCMP Provincial,Atlin Prov,2010,414.0
Population,Thompson Nicola,RCMP Provincial,Barriere Prov,2010,3888.0
Population,Central Coast,RCMP Provincial,Bella Bella Prov,2010,1609.0
Population,Central Coast,RCMP Provincial,Bella Coola Prov,2010,1916.0
Population,Fraser Valley,RCMP Provincial,Boston Bar Prov,2010,635.0
Population,Kootenay Boundary,RCMP Provincial,Boundary/Grand Forks Prov,2010,8725.0
Population,Kootenay Boundary,RCMP Provincial,Boundary/Midway Prov,2010,2895.0
Population,Metro Vancouver,RCMP Provincial,Bowen Island Prov,2010,3427.0
Population,Metro Vancouver,RCMP Municipal,Burnaby Mun,2010,227469.0
Population,Bulkley Nechako,RCMP Provincial,Burns Lake Prov,2010,6221.0
Population,Strathcona,RCMP Municipal,Campbell River Mun,2010,31312.0
Population,Strathcona,RCMP Provincial,Campbell River Prov,2010,5328.0
Population,Central Kootenay,RCMP Municipal,Castlegar Mun,2010,7840.0
Population,Central Kootenay,RCMP Provincial,Castlegar Prov,2010,5968.0
Population,Capital,Independent Municipal,Central Saanich Mun,2010,16063.0
Population,Thompson Nicola,RCMP Provincial,Chase Prov,2010,8319.0
Population,Peace River,RCMP Provincial,Chetwynd Prov,2010,5373.0
Population,Fraser Valley,RCMP Municipal,Chilliwack Mun,2010,81573.0
Population,Fraser Valley,RCMP Provincial,Chilliwack Prov,2010,4848.0
Population,Thompson Nicola,RCMP Provincial,Clearwater Prov,2010,4320.0
Population,Thompson Nicola,RCMP Provincial,Clinton Prov,2010,1819.0
Population,North Okanagan,RCMP Municipal,Coldstream Mun,2010,10318.0
Population,East Kootenay,RCMP Provincial,Columbia Valley Prov,2010,9211.0
Population,Capital,RCMP Municipal,Colwood Mun,2010,16402.0
Population,Comox Valley,RCMP Municipal,Comox Mun,2010,13763.0
Population,Comox Valley,RCMP Provincial,Comox Valley Prov,2010,25974.0
Population,Metro Vancouver,RCMP Municipal,Coquitlam Mun,2010,128844.0
Population,Metro Vancouver,RCMP Provincial,Coquitlam Prov,2010,2770.0
Population,Comox Valley,RCMP Municipal,Courtenay Mun,2010,24108.0
Population,East Kootenay,RCMP Municipal,Cranbrook Mun,2010,19540.0
Population,East Kootenay,RCMP Provincial,Cranbrook Prov,2010,6655.0
Population,Central Kootenay,RCMP Municipal,Creston Mun,2010,NA
Population,Central Kootenay,RCMP Provincial,Creston Prov,2010,13329.0
Population,Peace River,RCMP Municipal,Dawson Creek Mun,2010,11367.0
Population,Peace River,RCMP Provincial,Dawson Creek Prov,2010,6883.0
Population,Kitimat Stikine,RCMP Provincial,Dease Lake Prov,2010,1254.0
Population,Metro Vancouver,Independent Municipal,Delta Mun,2010,101846.0
Population,Cowichan Valley,RCMP Provincial,Duncan Prov,2010,14628.0
Population,East Kootenay,RCMP Provincial,Elk Valley Prov,2010,13625.0
Population,North Okanagan,RCMP Provincial,Enderby Prov,2010,6955.0
Population,Columbia Shuswap,RCMP Provincial,Falkland Prov,2010,2875.0
Population,Bulkley Nechako,RCMP Provincial,Fort St James Prov,2010,4222.0
Population,Peace River,RCMP Municipal,Fort St John Mun,2010,18749.0
Population,Peace River,RCMP Provincial,Fort St John Prov,2010,13944.0
Population,Bulkley Nechako,RCMP Provincial,Fraser Lake Prov,2010,3321.0
Population,Nanaimo,RCMP Provincial,Gabriola Island Prov,2010,4103.0
Population,Columbia Shuswap,RCMP Provincial,Golden Prov,2010,6936.0
Population,Fraser Valley,RCMP Municipal,Hope Mun,2010,6141.0
Population,Fraser Valley,RCMP Provincial,Hope  Prov,2010,1152.0
Population,Bulkley Nechako,RCMP Provincial,Houston/Granisle Prov,2010,4492.0
Population,Peace River,RCMP Provincial,Hudson's Hope Prov,2010,1211.0
Population,Thompson Nicola,RCMP Municipal,Kamloops Mun,2010,87071.0
Population,Central Kootenay,RCMP Provincial,Kaslo Prov,2010,2370.0
Population,Central Okanagan,RCMP Municipal,Kelowna Mun,2010,119462.0
Population,Central Okanagan,RCMP Provincial,Kelowna Prov,2010,23250.0
Population,Fraser Valley,RCMP Municipal,Kent Mun,2010,5763.0
Population,Okanagan Similkameen,RCMP Provincial,Keremeos Prov,2010,4761.0
Population,East Kootenay,RCMP Municipal,Kimberley Mun,2010,6635.0
Population,East Kootenay,RCMP Provincial,Kimberley Prov,2010,1937.0
Population,Kitimat Stikine,RCMP Municipal,Kitimat Mun,2010,8718.0
Population,Kitimat Stikine,RCMP Provincial,Kitimat Prov,2010,524.0
Population,Cowichan Valley,RCMP Municipal,Ladysmith Mun,2010,7948.0
Population,Cowichan Valley,RCMP Provincial,Ladysmith Prov,2010,5759.0
Population,Central Okanagan,RCMP Municipal,Lake Country Mun,2010,11574.0
Population,Cowichan Valley,RCMP Provincial,Lake Cowichan Prov,2010,6015.0
Population,Capital,RCMP Municipal,Langford Mun,2010,29277.0
Population,Metro Vancouver,RCMP Municipal,Langley City Mun,2010,25689.0
Population,Metro Vancouver,RCMP Municipal,Langley Township Mun,2010,105783.0
Population,Squamish Lillooet,RCMP Provincial,Lillooet Prov,2010,3227.0
Population,Kitimat Stikine,RCMP Provincial,Lisims/Nass Valley Prov,2010,1940.0
Population,Thompson Nicola,RCMP Provincial,Logan Lake Prov,2010,2581.0
Population,North Okanagan,RCMP Provincial,Lumby Prov,2010,5911.0
Population,Thompson Nicola,RCMP Provincial,Lytton Prov,2010,1910.0
Population,Fraser Fort George,RCMP Provincial,Mackenzie Prov,2010,3652.0
Population,Metro Vancouver,RCMP Municipal,Maple Ridge Mun,2010,76997.0
Population,North Coast Regional District (22),RCMP Provincial,Masset Prov,2010,2058.0
Population,Fraser Fort George,RCMP Provincial,McBride Prov,2010,1681.0
Population,Thompson Nicola,RCMP Municipal,Merritt Mun,2010,7244.0
Population,Thompson Nicola,RCMP Provincial,Merritt Prov,2010,3846.0
Population,Fraser Valley,RCMP Municipal,Mission Mun,2010,37506.0
Population,Fraser Valley,RCMP Provincial,Mission Prov,2010,4230.0
Population,Central Kootenay,RCMP Provincial,Nakusp Prov,2010,3392.0
Population,Nanaimo,RCMP Municipal,Nanaimo Mun,2010,84366.0
Population,Nanaimo,RCMP Provincial,Nanaimo Prov,2010,14053.0
Population,Central Kootenay,Independent Municipal,Nelson Mun,2010,10171.0
Population,Central Kootenay,RCMP Provincial,Nelson Prov,2010,11864.0
Population,Kitimat Stikine,RCMP Provincial,New Hazelton Prov,2010,5493.0
Population,Metro Vancouver,Independent Municipal,New Westminster Mun,2010,66722.0
Population,Strathcona,RCMP Provincial,Nootka Sound Prov,2010,1990.0
Population,Cowichan Valley,RCMP Municipal,North Cowichan Mun,2010,29137.0
Population,Capital,RCMP Municipal,North Saanich Mun,2010,11084.0
Population,Metro Vancouver,RCMP Municipal,North Vancouver City Mun,2010,49443.0
Population,Metro Vancouver,RCMP Municipal,North Vancouver District Mun,2010,86270.0
Population,Metro Vancouver,RCMP Provincial,North Vancouver Prov,2010,2237.0
Population,Northern Rockies,RCMP Municipal,Northern Rockies Mun,2010,NA
Population,Northern Rockies,RCMP Provincial,Northern Rockies Prov,2010,5913.0
Population,Capital,Independent Municipal,Oak Bay Mun,2010,18019.0
Population,Nanaimo,RCMP Provincial,Oceanside Prov,2010,24515.0
Population,Cariboo,RCMP Provincial,One Hundred Mile House Prov,2010,12950.0
Population,Capital,RCMP Provincial,Outer Gulf  Islands Prov,2010,4736.0
Population,Nanaimo,RCMP Municipal,Parksville Mun,2010,12136.0
Population,Central Okanagan,RCMP Municipal,Peachland Mun,2010,NA
Population,Squamish Lillooet,RCMP Provincial,Pemberton Prov,2010,4273.0
Population,Okanagan Similkameen,RCMP Municipal,Penticton Mun,2010,33145.0
Population,Okanagan Similkameen,RCMP Provincial,Penticton Prov,2010,11517.0
Population,Metro Vancouver,RCMP Municipal,Pitt Meadows Mun,2010,18054.0
Population,Alberni Clayoquot,RCMP Municipal,Port Alberni Mun,2010,17693.0
Population,Alberni Clayoquot,RCMP Provincial,Port Alberni Prov,2010,8173.0
Population,Mount Waddington,RCMP Provincial,Port Alice Prov,2010,852.0
Population,Metro Vancouver,RCMP Municipal,Port Coquitlam Mun,2010,57199.0
Population,Mount Waddington,RCMP Provincial,Port Hardy Prov,2010,5408.0
Population,Mount Waddington,RCMP Provincial,Port McNeill Prov,2010,4521.0
Population,Metro Vancouver,Independent Municipal,Port Moody Mun,2010,33611.0
Population,Powell River,RCMP Municipal,Powell River Mun,2010,13240.0
Population,Powell River,RCMP Provincial,Powell River Prov,2010,5513.0
Population,Fraser Fort George,RCMP Municipal,Prince George Mun,2010,73548.0
Population,Fraser Fort George,RCMP Provincial,Prince George Prov,2010,13186.0
Population,North Coast Regional District (22),RCMP Municipal,Prince Rupert Mun,2010,12786.0
Population,North Coast Regional District (22),RCMP Provincial,Prince Rupert Prov,2010,1953.0
Population,Okanagan Similkameen,RCMP Provincial,Princeton Prov,2010,4937.0
Population,Strathcona,RCMP Provincial,Quadra Island Prov,2010,3536.0
Population,Nanaimo,RCMP Municipal,Qualicum Beach Mun,2010,8723.0
Population,North Coast Regional District (22),RCMP Provincial,Queen Charlotte Prov,2010,2324.0
Population,Cariboo,RCMP Municipal,Quesnel Mun,2010,9875.0
Population,Cariboo,RCMP Provincial,Quesnel Prov,2010,13394.0
Population,Columbia Shuswap,RCMP Municipal,Revelstoke Mun,2010,7157.0
Population,Columbia Shuswap,RCMP Provincial,Revelstoke Prov,2010,573.0
Population,Metro Vancouver,RCMP Municipal,Richmond Mun,2010,195729.0
Population,Metro Vancouver,RCMP Provincial,Ridge Meadows Prov,2010,94.0
Population,Capital,Independent Municipal,Saanich Mun,2010,112435.0
Population,Central Kootenay,RCMP Provincial,Salmo Prov,2010,2600.0
Population,Columbia Shuswap,RCMP Municipal,Salmon Arm Mun,2010,17378.0
Population,Columbia Shuswap,RCMP Provincial,Salmon Arm Prov,2010,9291.0
Population,Capital,RCMP Provincial,Saltspring Island Prov,2010,10271.0
Population,Strathcona,RCMP Provincial,Sayward Prov,2010,788.0
Population,Sunshine Coast,RCMP Municipal,Sechelt Mun,2010,9134.0
Population,Cowichan Valley,RCMP Provincial,Shawnigan Lake Prov,2010,17544.0
Population,Columbia Shuswap,RCMP Provincial,Sicamous Prov,2010,3935.0
Population,Capital,RCMP Municipal,Sidney Mun,2010,11291.0
Population,Capital,RCMP Provincial,Sidney Prov,2010,3482.0
Population,Central Kootenay,RCMP Provincial,Slocan Lake Prov,2010,1961.0
Population,Bulkley Nechako,RCMP Municipal,Smithers Mun,2010,5487.0
Population,Bulkley Nechako,RCMP Provincial,Smithers Prov,2010,7488.0
Population,Capital,RCMP Municipal,Sooke Mun,2010,11482.0
Population,Capital,RCMP Provincial,Sooke Prov,2010,4547.0
Population,Okanagan Similkameen,RCMP Provincial,South Okanagan/Oliver,2010,8744.0
Population,Okanagan Similkameen,RCMP Provincial,South Okanagan/Osoyoos,2010,7372.0
Population,North Okanagan,RCMP Municipal,Spallumcheen Mun,2010,NA
Population,Squamish Lillooet,RCMP Municipal,Squamish Mun,2010,17360.0
Population,Squamish Lillooet,RCMP Provincial,Squamish Prov,2010,1927.0
Population,Kitimat Stikine,RCMP Provincial,Stewart Prov,2010,490.0
Population,Squamish Lillooet,First Nations Aboriginal Police Service,Stl'atl'imx FNAPS,2010,2914.0
Population,Okanagan Similkameen,RCMP Municipal,Summerland Mun,2010,11295.0
Population,Sunshine Coast,RCMP Provincial,Sunshine Coast Prov,2010,19456.0
Population,Metro Vancouver,RCMP Municipal,Surrey Mun,2010,470649.0
Population,Bulkley Nechako,RCMP Provincial,Takla Landing Prov,2010,185.0
Population,Kitimat Stikine,RCMP Municipal,Terrace Mun,2010,11562.0
Population,Kitimat Stikine,RCMP Provincial,Terrace Prov,2010,7458.0
Population,Powell River,RCMP Provincial,Texada Island Prov,2010,1050.0
Population,Thompson Nicola,RCMP Provincial,T'Kumlups Prov,2010,8298.0
Population,Alberni Clayoquot,RCMP Provincial,Tofino Prov,2010,3249.0
Population,Kootenay Boundary,RCMP Municipal,Trail Mun,2010,7578.0
Population,Kootenay Boundary,RCMP Provincial,Trail and Greater District,2010,11005.0
Population,Fraser Fort George,RCMP Provincial,Tsay Keh Dene Prov,2010,372.0
Population,Peace River,RCMP Provincial,Tumbler Ridge Prov,2010,2694.0
Population,Alberni Clayoquot,RCMP Provincial,Ucluelet Prov,2010,2188.0
Population,Metro Vancouver,RCMP Provincial,University Prov,2010,12753.0
Population,Fraser Fort George,RCMP Provincial,Valemount Prov,2010,1604.0
Population,Metro Vancouver,Independent Municipal,Vancouver Mun,2010,619887.0
Population,Bulkley Nechako,RCMP Provincial,Vanderhoof Prov,2010,8468.0
Population,North Okanagan,RCMP Municipal,Vernon Mun,2010,38548.0
Population,North Okanagan,RCMP Provincial,Vernon Prov,2010,11714.0
Population,Capital,Independent Municipal,Victoria Mun,2010,98788.0
Population,Capital,RCMP Municipal,View Royal Mun,2010,9520.0
Population,Cariboo,RCMP Provincial,Wells Prov,2010,350.0
Population,Central Okanagan,RCMP Municipal,West Kelowna Mun,2010,26355.0
Population,Capital,RCMP Provincial,West Shore Prov,2010,9030.0
Population,Metro Vancouver,Independent Municipal,West Vancouver Mun,2010,45748.0
Population,Squamish Lillooet,RCMP Municipal,Whistler Mun,2010,10424.0
Population,Squamish Lillooet,RCMP Provincial,Whistler Prov,2010,290.0
Population,Metro Vancouver,RCMP Municipal,White Rock Mun,2010,19267.0
Population,Cariboo,RCMP Municipal,Williams Lake Mun,2010,11057.0
Population,Cariboo,RCMP Provincial,Williams Lake Prov,2010,12975.0
Criminal Code Offences,Fraser Valley,Independent Municipal,Abbotsford Mun,2011,8229.0
Criminal Code Offences,Fraser Valley,RCMP Provincial,Agassiz Prov,2011,527.0
Criminal Code Offences,Mount Waddington,RCMP Provincial,Alert Bay Prov,2011,282.0
Criminal Code Offences,Cariboo,RCMP Provincial,Alexis Creek Prov,2011,261.0
Criminal Code Offences,Cariboo,RCMP Provincial,Anahim Lake Prov,2011,156.0
Criminal Code Offences,North Okanagan,RCMP Provincial,Armstrong Prov,2011,447.0
Criminal Code Offences,Thompson Nicola,RCMP Provincial,Ashcroft Prov,2011,294.0
Criminal Code Offences,Kitimat Stikine,RCMP Provincial,Atlin Prov,2011,86.0
Criminal Code Offences,Thompson Nicola,RCMP Provincial,Barriere Prov,2011,166.0
Criminal Code Offences,Central Coast,RCMP Provincial,Bella Bella Prov,2011,417.0
Criminal Code Offences,Central Coast,RCMP Provincial,Bella Coola Prov,2011,362.0
Criminal Code Offences,Fraser Valley,RCMP Provincial,Boston Bar Prov,2011,120.0
Criminal Code Offences,Kootenay Boundary,RCMP Provincial,Boundary/Grand Forks Prov,2011,637.0
Criminal Code Offences,Kootenay Boundary,RCMP Provincial,Boundary/Midway Prov,2011,263.0
Criminal Code Offences,Metro Vancouver,RCMP Provincial,Bowen Island Prov,2011,123.0
Criminal Code Offences,Metro Vancouver,RCMP Municipal,Burnaby Mun,2011,14848.0
Criminal Code Offences,Bulkley Nechako,RCMP Provincial,Burns Lake Prov,2011,1002.0
Criminal Code Offences,Strathcona,RCMP Municipal,Campbell River Mun,2011,3468.0
Criminal Code Offences,Strathcona,RCMP Provincial,Campbell River Prov,2011,431.0
Criminal Code Offences,Central Kootenay,RCMP Municipal,Castlegar Mun,2011,759.0
Criminal Code Offences,Central Kootenay,RCMP Provincial,Castlegar Prov,2011,236.0
Criminal Code Offences,Capital,Independent Municipal,Central Saanich Mun,2011,475.0
Criminal Code Offences,Thompson Nicola,RCMP Provincial,Chase Prov,2011,598.0
Criminal Code Offences,Peace River,RCMP Provincial,Chetwynd Prov,2011,725.0
Criminal Code Offences,Fraser Valley,RCMP Municipal,Chilliwack Mun,2011,8035.0
Criminal Code Offences,Fraser Valley,RCMP Provincial,Chilliwack Prov,2011,601.0
Criminal Code Offences,Thompson Nicola,RCMP Provincial,Clearwater Prov,2011,271.0
Criminal Code Offences,Thompson Nicola,RCMP Provincial,Clinton Prov,2011,124.0
Criminal Code Offences,North Okanagan,RCMP Municipal,Coldstream Mun,2011,319.0
Criminal Code Offences,East Kootenay,RCMP Provincial,Columbia Valley Prov,2011,716.0
Criminal Code Offences,Capital,RCMP Municipal,Colwood Mun,2011,590.0
Criminal Code Offences,Comox Valley,RCMP Municipal,Comox Mun,2011,548.0
Criminal Code Offences,Comox Valley,RCMP Provincial,Comox Valley Prov,2011,996.0
Criminal Code Offences,Metro Vancouver,RCMP Municipal,Coquitlam Mun,2011,7535.0
Criminal Code Offences,Metro Vancouver,RCMP Provincial,Coquitlam Prov,2011,85.0
Criminal Code Offences,Comox Valley,RCMP Municipal,Courtenay Mun,2011,2652.0
Criminal Code Offences,East Kootenay,RCMP Municipal,Cranbrook Mun,2011,2141.0
Criminal Code Offences,East Kootenay,RCMP Provincial,Cranbrook Prov,2011,323.0
Criminal Code Offences,Central Kootenay,RCMP Municipal,Creston Mun,2011,NA
Criminal Code Offences,Central Kootenay,RCMP Provincial,Creston Prov,2011,871.0
Criminal Code Offences,Peace River,RCMP Municipal,Dawson Creek Mun,2011,1669.0
Criminal Code Offences,Peace River,RCMP Provincial,Dawson Creek Prov,2011,267.0
Criminal Code Offences,Kitimat Stikine,RCMP Provincial,Dease Lake Prov,2011,151.0
Criminal Code Offences,Metro Vancouver,Independent Municipal,Delta Mun,2011,5575.0
Criminal Code Offences,Cowichan Valley,RCMP Provincial,Duncan Prov,2011,2314.0
Criminal Code Offences,East Kootenay,RCMP Provincial,Elk Valley Prov,2011,1001.0
Criminal Code Offences,North Okanagan,RCMP Provincial,Enderby Prov,2011,427.0
Criminal Code Offences,Columbia Shuswap,RCMP Provincial,Falkland Prov,2011,107.0
Criminal Code Offences,Bulkley Nechako,RCMP Provincial,Fort St James Prov,2011,1188.0
Criminal Code Offences,Peace River,RCMP Municipal,Fort St John Mun,2011,3038.0
Criminal Code Offences,Peace River,RCMP Provincial,Fort St John Prov,2011,498.0
Criminal Code Offences,Bulkley Nechako,RCMP Provincial,Fraser Lake Prov,2011,283.0
Criminal Code Offences,Nanaimo,RCMP Provincial,Gabriola Island Prov,2011,153.0
Criminal Code Offences,Columbia Shuswap,RCMP Provincial,Golden Prov,2011,563.0
Criminal Code Offences,Fraser Valley,RCMP Municipal,Hope Mun,2011,973.0
Criminal Code Offences,Fraser Valley,RCMP Provincial,Hope  Prov,2011,210.0
Criminal Code Offences,Bulkley Nechako,RCMP Provincial,Houston/Granisle Prov,2011,528.0
Criminal Code Offences,Peace River,RCMP Provincial,Hudson's Hope Prov,2011,88.0
Criminal Code Offences,Thompson Nicola,RCMP Municipal,Kamloops Mun,2011,9276.0
Criminal Code Offences,Central Kootenay,RCMP Provincial,Kaslo Prov,2011,106.0
Criminal Code Offences,Central Okanagan,RCMP Municipal,Kelowna Mun,2011,12051.0
Criminal Code Offences,Central Okanagan,RCMP Provincial,Kelowna Prov,2011,1293.0
Criminal Code Offences,Fraser Valley,RCMP Municipal,Kent Mun,2011,434.0
Criminal Code Offences,Okanagan Similkameen,RCMP Provincial,Keremeos Prov,2011,451.0
Criminal Code Offences,East Kootenay,RCMP Municipal,Kimberley Mun,2011,409.0
Criminal Code Offences,East Kootenay,RCMP Provincial,Kimberley Prov,2011,76.0
Criminal Code Offences,Kitimat Stikine,RCMP Municipal,Kitimat Mun,2011,885.0
Criminal Code Offences,Kitimat Stikine,RCMP Provincial,Kitimat Prov,2011,29.0
Criminal Code Offences,Cowichan Valley,RCMP Municipal,Ladysmith Mun,2011,618.0
Criminal Code Offences,Cowichan Valley,RCMP Provincial,Ladysmith Prov,2011,301.0
Criminal Code Offences,Central Okanagan,RCMP Municipal,Lake Country Mun,2011,587.0
Criminal Code Offences,Cowichan Valley,RCMP Provincial,Lake Cowichan Prov,2011,497.0
Criminal Code Offences,Capital,RCMP Municipal,Langford Mun,2011,1777.0
Criminal Code Offences,Metro Vancouver,RCMP Municipal,Langley City Mun,2011,3651.0
Criminal Code Offences,Metro Vancouver,RCMP Municipal,Langley Township Mun,2011,7855.0
Criminal Code Offences,Squamish Lillooet,RCMP Provincial,Lillooet Prov,2011,475.0
Criminal Code Offences,Kitimat Stikine,RCMP Provincial,Lisims/Nass Valley Prov,2011,389.0
Criminal Code Offences,Thompson Nicola,RCMP Provincial,Logan Lake Prov,2011,138.0
Criminal Code Offences,North Okanagan,RCMP Provincial,Lumby Prov,2011,240.0
Criminal Code Offences,Thompson Nicola,RCMP Provincial,Lytton Prov,2011,207.0
Criminal Code Offences,Fraser Fort George,RCMP Provincial,Mackenzie Prov,2011,469.0
Criminal Code Offences,Metro Vancouver,RCMP Municipal,Maple Ridge Mun,2011,5850.0
Criminal Code Offences,North Coast Regional District (22),RCMP Provincial,Masset Prov,2011,297.0
Criminal Code Offences,Fraser Fort George,RCMP Provincial,McBride Prov,2011,111.0
Criminal Code Offences,Thompson Nicola,RCMP Municipal,Merritt Mun,2011,1172.0
Criminal Code Offences,Thompson Nicola,RCMP Provincial,Merritt Prov,2011,316.0
Criminal Code Offences,Fraser Valley,RCMP Municipal,Mission Mun,2011,3493.0
Criminal Code Offences,Fraser Valley,RCMP Provincial,Mission Prov,2011,313.0
Criminal Code Offences,Central Kootenay,RCMP Provincial,Nakusp Prov,2011,184.0
Criminal Code Offences,Nanaimo,RCMP Municipal,Nanaimo Mun,2011,9146.0
Criminal Code Offences,Nanaimo,RCMP Provincial,Nanaimo Prov,2011,565.0
Criminal Code Offences,Central Kootenay,Independent Municipal,Nelson Mun,2011,923.0
Criminal Code Offences,Central Kootenay,RCMP Provincial,Nelson Prov,2011,288.0
Criminal Code Offences,Kitimat Stikine,RCMP Provincial,New Hazelton Prov,2011,1387.0
Criminal Code Offences,Metro Vancouver,Independent Municipal,New Westminster Mun,2011,5689.0
Criminal Code Offences,Strathcona,RCMP Provincial,Nootka Sound Prov,2011,147.0
Criminal Code Offences,Cowichan Valley,RCMP Municipal,North Cowichan Mun,2011,2430.0
Criminal Code Offences,Capital,RCMP Municipal,North Saanich Mun,2011,390.0
Criminal Code Offences,Metro Vancouver,RCMP Municipal,North Vancouver City Mun,2011,3895.0
Criminal Code Offences,Metro Vancouver,RCMP Municipal,North Vancouver District Mun,2011,3665.0
Criminal Code Offences,Metro Vancouver,RCMP Provincial,North Vancouver Prov,2011,412.0
Criminal Code Offences,Northern Rockies,RCMP Municipal,Northern Rockies Mun,2011,NA
Criminal Code Offences,Northern Rockies,RCMP Provincial,Northern Rockies Prov,2011,1252.0
Criminal Code Offences,Capital,Independent Municipal,Oak Bay Mun,2011,763.0
Criminal Code Offences,Nanaimo,RCMP Provincial,Oceanside Prov,2011,856.0
Criminal Code Offences,Cariboo,RCMP Provincial,One Hundred Mile House Prov,2011,758.0
Criminal Code Offences,Capital,RCMP Provincial,Outer Gulf  Islands Prov,2011,150.0
Criminal Code Offences,Nanaimo,RCMP Municipal,Parksville Mun,2011,795.0
Criminal Code Offences,Central Okanagan,RCMP Municipal,Peachland Mun,2011,NA
Criminal Code Offences,Squamish Lillooet,RCMP Provincial,Pemberton Prov,2011,270.0
Criminal Code Offences,Okanagan Similkameen,RCMP Municipal,Penticton Mun,2011,4138.0
Criminal Code Offences,Okanagan Similkameen,RCMP Provincial,Penticton Prov,2011,529.0
Criminal Code Offences,Metro Vancouver,RCMP Municipal,Pitt Meadows Mun,2011,1126.0
Criminal Code Offences,Alberni Clayoquot,RCMP Municipal,Port Alberni Mun,2011,2508.0
Criminal Code Offences,Alberni Clayoquot,RCMP Provincial,Port Alberni Prov,2011,376.0
Criminal Code Offences,Mount Waddington,RCMP Provincial,Port Alice Prov,2011,74.0
Criminal Code Offences,Metro Vancouver,RCMP Municipal,Port Coquitlam Mun,2011,3815.0
Criminal Code Offences,Mount Waddington,RCMP Provincial,Port Hardy Prov,2011,839.0
Criminal Code Offences,Mount Waddington,RCMP Provincial,Port McNeill Prov,2011,265.0
Criminal Code Offences,Metro Vancouver,Independent Municipal,Port Moody Mun,2011,1222.0
Criminal Code Offences,Powell River,RCMP Municipal,Powell River Mun,2011,997.0
Criminal Code Offences,Powell River,RCMP Provincial,Powell River Prov,2011,309.0
Criminal Code Offences,Fraser Fort George,RCMP Municipal,Prince George Mun,2011,11975.0
Criminal Code Offences,Fraser Fort George,RCMP Provincial,Prince George Prov,2011,648.0
Criminal Code Offences,North Coast Regional District (22),RCMP Municipal,Prince Rupert Mun,2011,3568.0
Criminal Code Offences,North Coast Regional District (22),RCMP Provincial,Prince Rupert Prov,2011,331.0
Criminal Code Offences,Okanagan Similkameen,RCMP Provincial,Princeton Prov,2011,451.0
Criminal Code Offences,Strathcona,RCMP Provincial,Quadra Island Prov,2011,173.0
Criminal Code Offences,Nanaimo,RCMP Municipal,Qualicum Beach Mun,2011,311.0
Criminal Code Offences,North Coast Regional District (22),RCMP Provincial,Queen Charlotte Prov,2011,167.0
Criminal Code Offences,Cariboo,RCMP Municipal,Quesnel Mun,2011,2125.0
Criminal Code Offences,Cariboo,RCMP Provincial,Quesnel Prov,2011,606.0
Criminal Code Offences,Columbia Shuswap,RCMP Municipal,Revelstoke Mun,2011,619.0
Criminal Code Offences,Columbia Shuswap,RCMP Provincial,Revelstoke Prov,2011,66.0
Criminal Code Offences,Metro Vancouver,RCMP Municipal,Richmond Mun,2011,11218.0
Criminal Code Offences,Metro Vancouver,RCMP Provincial,Ridge Meadows Prov,2011,1266.0
Criminal Code Offences,Capital,Independent Municipal,Saanich Mun,2011,4888.0
Criminal Code Offences,Central Kootenay,RCMP Provincial,Salmo Prov,2011,315.0
Criminal Code Offences,Columbia Shuswap,RCMP Municipal,Salmon Arm Mun,2011,1424.0
Criminal Code Offences,Columbia Shuswap,RCMP Provincial,Salmon Arm Prov,2011,393.0
Criminal Code Offences,Capital,RCMP Provincial,Saltspring Island Prov,2011,477.0
Criminal Code Offences,Strathcona,RCMP Provincial,Sayward Prov,2011,51.0
Criminal Code Offences,Sunshine Coast,RCMP Municipal,Sechelt Mun,2011,650.0
Criminal Code Offences,Cowichan Valley,RCMP Provincial,Shawnigan Lake Prov,2011,689.0
Criminal Code Offences,Columbia Shuswap,RCMP Provincial,Sicamous Prov,2011,302.0
Criminal Code Offences,Capital,RCMP Municipal,Sidney Mun,2011,661.0
Criminal Code Offences,Capital,RCMP Provincial,Sidney Prov,2011,356.0
Criminal Code Offences,Central Kootenay,RCMP Provincial,Slocan Lake Prov,2011,194.0
Criminal Code Offences,Bulkley Nechako,RCMP Municipal,Smithers Mun,2011,905.0
Criminal Code Offences,Bulkley Nechako,RCMP Provincial,Smithers Prov,2011,423.0
Criminal Code Offences,Capital,RCMP Municipal,Sooke Mun,2011,737.0
Criminal Code Offences,Capital,RCMP Provincial,Sooke Prov,2011,210.0
Criminal Code Offences,Okanagan Similkameen,RCMP Provincial,South Okanagan/Oliver,2011,629.0
Criminal Code Offences,Okanagan Similkameen,RCMP Provincial,South Okanagan/Osoyoos,2011,517.0
Criminal Code Offences,North Okanagan,RCMP Municipal,Spallumcheen Mun,2011,NA
Criminal Code Offences,Squamish Lillooet,RCMP Municipal,Squamish Mun,2011,1817.0
Criminal Code Offences,Squamish Lillooet,RCMP Provincial,Squamish Prov,2011,108.0
Criminal Code Offences,Kitimat Stikine,RCMP Provincial,Stewart Prov,2011,54.0
Criminal Code Offences,Squamish Lillooet,First Nations Aboriginal Police Service,Stl'atl'imx FNAPS,2011,346.0
Criminal Code Offences,Okanagan Similkameen,RCMP Municipal,Summerland Mun,2011,488.0
Criminal Code Offences,Sunshine Coast,RCMP Provincial,Sunshine Coast Prov,2011,1417.0
Criminal Code Offences,Metro Vancouver,RCMP Municipal,Surrey Mun,2011,42913.0
Criminal Code Offences,Bulkley Nechako,RCMP Provincial,Takla Landing Prov,2011,126.0
Criminal Code Offences,Kitimat Stikine,RCMP Municipal,Terrace Mun,2011,2151.0
Criminal Code Offences,Kitimat Stikine,RCMP Provincial,Terrace Prov,2011,539.0
Criminal Code Offences,Powell River,RCMP Provincial,Texada Island Prov,2011,55.0
Criminal Code Offences,Thompson Nicola,RCMP Provincial,T'Kumlups Prov,2011,697.0
Criminal Code Offences,Alberni Clayoquot,RCMP Provincial,Tofino Prov,2011,567.0
Criminal Code Offences,Kootenay Boundary,RCMP Municipal,Trail Mun,2011,878.0
Criminal Code Offences,Kootenay Boundary,RCMP Provincial,Trail and Greater District,2011,434.0
Criminal Code Offences,Fraser Fort George,RCMP Provincial,Tsay Keh Dene Prov,2011,225.0
Criminal Code Offences,Peace River,RCMP Provincial,Tumbler Ridge Prov,2011,259.0
Criminal Code Offences,Alberni Clayoquot,RCMP Provincial,Ucluelet Prov,2011,238.0
Criminal Code Offences,Metro Vancouver,RCMP Provincial,University Prov,2011,1169.0
Criminal Code Offences,Fraser Fort George,RCMP Provincial,Valemount Prov,2011,159.0
Criminal Code Offences,Metro Vancouver,Independent Municipal,Vancouver Mun,2011,48802.0
Criminal Code Offences,Bulkley Nechako,RCMP Provincial,Vanderhoof Prov,2011,1059.0
Criminal Code Offences,North Okanagan,RCMP Municipal,Vernon Mun,2011,3980.0
Criminal Code Offences,North Okanagan,RCMP Provincial,Vernon Prov,2011,486.0
Criminal Code Offences,Capital,Independent Municipal,Victoria Mun,2011,11450.0
Criminal Code Offences,Capital,RCMP Municipal,View Royal Mun,2011,492.0
Criminal Code Offences,Cariboo,RCMP Provincial,Wells Prov,2011,27.0
Criminal Code Offences,Central Okanagan,RCMP Municipal,West Kelowna Mun,2011,1352.0
Criminal Code Offences,Capital,RCMP Provincial,West Shore Prov,2011,369.0
Criminal Code Offences,Metro Vancouver,Independent Municipal,West Vancouver Mun,2011,1653.0
Criminal Code Offences,Squamish Lillooet,RCMP Municipal,Whistler Mun,2011,1607.0
Criminal Code Offences,Squamish Lillooet,RCMP Provincial,Whistler Prov,2011,17.0
Criminal Code Offences,Metro Vancouver,RCMP Municipal,White Rock Mun,2011,1198.0
Criminal Code Offences,Cariboo,RCMP Municipal,Williams Lake Mun,2011,2487.0
Criminal Code Offences,Cariboo,RCMP Provincial,Williams Lake Prov,2011,516.0
Crime Rates,Fraser Valley,Independent Municipal,Abbotsford Mun,2011,60.05
Crime Rates,Fraser Valley,RCMP Provincial,Agassiz Prov,2011,137.49
Crime Rates,Mount Waddington,RCMP Provincial,Alert Bay Prov,2011,205.84
Crime Rates,Cariboo,RCMP Provincial,Alexis Creek Prov,2011,152.36
Crime Rates,Cariboo,RCMP Provincial,Anahim Lake Prov,2011,220.34
Crime Rates,North Okanagan,RCMP Provincial,Armstrong Prov,2011,42.59
Crime Rates,Thompson Nicola,RCMP Provincial,Ashcroft Prov,2011,78.36
Crime Rates,Kitimat Stikine,RCMP Provincial,Atlin Prov,2011,211.82000000000002
Crime Rates,Thompson Nicola,RCMP Provincial,Barriere Prov,2011,42.809999999999995
Crime Rates,Central Coast,RCMP Provincial,Bella Bella Prov,2011,254.42000000000002
Crime Rates,Central Coast,RCMP Provincial,Bella Coola Prov,2011,184.51
Crime Rates,Fraser Valley,RCMP Provincial,Boston Bar Prov,2011,188.38000000000002
Crime Rates,Kootenay Boundary,RCMP Provincial,Boundary/Grand Forks Prov,2011,73.82
Crime Rates,Kootenay Boundary,RCMP Provincial,Boundary/Midway Prov,2011,90.91000000000001
Crime Rates,Metro Vancouver,RCMP Provincial,Bowen Island Prov,2011,36.120000000000005
Crime Rates,Metro Vancouver,RCMP Municipal,Burnaby Mun,2011,64.77
Crime Rates,Bulkley Nechako,RCMP Provincial,Burns Lake Prov,2011,160.73
Crime Rates,Strathcona,RCMP Municipal,Campbell River Mun,2011,109.28
Crime Rates,Strathcona,RCMP Provincial,Campbell River Prov,2011,81.32
Crime Rates,Central Kootenay,RCMP Municipal,Castlegar Mun,2011,95.58
Crime Rates,Central Kootenay,RCMP Provincial,Castlegar Prov,2011,39.44
Crime Rates,Capital,Independent Municipal,Central Saanich Mun,2011,29.650000000000002
Crime Rates,Thompson Nicola,RCMP Provincial,Chase Prov,2011,72.36999999999999
Crime Rates,Peace River,RCMP Provincial,Chetwynd Prov,2011,133.67
Crime Rates,Fraser Valley,RCMP Municipal,Chilliwack Mun,2011,96.88
Crime Rates,Fraser Valley,RCMP Provincial,Chilliwack Prov,2011,123.48
Crime Rates,Thompson Nicola,RCMP Provincial,Clearwater Prov,2011,63.32
Crime Rates,Thompson Nicola,RCMP Provincial,Clinton Prov,2011,67.8
Crime Rates,North Okanagan,RCMP Municipal,Coldstream Mun,2011,30.630000000000003
Crime Rates,East Kootenay,RCMP Provincial,Columbia Valley Prov,2011,79.66999999999999
Crime Rates,Capital,RCMP Municipal,Colwood Mun,2011,35.730000000000004
Crime Rates,Comox Valley,RCMP Municipal,Comox Mun,2011,39.75
Crime Rates,Comox Valley,RCMP Provincial,Comox Valley Prov,2011,38.25
Crime Rates,Metro Vancouver,RCMP Municipal,Coquitlam Mun,2011,57.75
Crime Rates,Metro Vancouver,RCMP Provincial,Coquitlam Prov,2011,30.310000000000002
Crime Rates,Comox Valley,RCMP Municipal,Courtenay Mun,2011,107.82
Crime Rates,East Kootenay,RCMP Municipal,Cranbrook Mun,2011,108.48
Crime Rates,East Kootenay,RCMP Provincial,Cranbrook Prov,2011,49.47
Crime Rates,Central Kootenay,RCMP Municipal,Creston Mun,2011,NA
Crime Rates,Central Kootenay,RCMP Provincial,Creston Prov,2011,64.99000000000001
Crime Rates,Peace River,RCMP Municipal,Dawson Creek Mun,2011,141.62
Crime Rates,Peace River,RCMP Provincial,Dawson Creek Prov,2011,38.849999999999994
Crime Rates,Kitimat Stikine,RCMP Provincial,Dease Lake Prov,2011,121.19
Crime Rates,Metro Vancouver,Independent Municipal,Delta Mun,2011,54.61
Crime Rates,Cowichan Valley,RCMP Provincial,Duncan Prov,2011,158.15
Crime Rates,East Kootenay,RCMP Provincial,Elk Valley Prov,2011,72.51
Crime Rates,North Okanagan,RCMP Provincial,Enderby Prov,2011,61.71
Crime Rates,Columbia Shuswap,RCMP Provincial,Falkland Prov,2011,37.839999999999996
Crime Rates,Bulkley Nechako,RCMP Provincial,Fort St James Prov,2011,271.41999999999996
Crime Rates,Peace River,RCMP Municipal,Fort St John Mun,2011,156.8
Crime Rates,Peace River,RCMP Provincial,Fort St John Prov,2011,35.760000000000005
Crime Rates,Bulkley Nechako,RCMP Provincial,Fraser Lake Prov,2011,84.35
Crime Rates,Nanaimo,RCMP Provincial,Gabriola Island Prov,2011,37.51
Crime Rates,Columbia Shuswap,RCMP Provincial,Golden Prov,2011,81.82
Crime Rates,Fraser Valley,RCMP Municipal,Hope Mun,2011,162.65
Crime Rates,Fraser Valley,RCMP Provincial,Hope  Prov,2011,181.5
Crime Rates,Bulkley Nechako,RCMP Provincial,Houston/Granisle Prov,2011,115.51
Crime Rates,Peace River,RCMP Provincial,Hudson's Hope Prov,2011,73.52
Crime Rates,Thompson Nicola,RCMP Municipal,Kamloops Mun,2011,105.59
Crime Rates,Central Kootenay,RCMP Provincial,Kaslo Prov,2011,45.11
Crime Rates,Central Okanagan,RCMP Municipal,Kelowna Mun,2011,100.57
Crime Rates,Central Okanagan,RCMP Provincial,Kelowna Prov,2011,67.93
Crime Rates,Fraser Valley,RCMP Municipal,Kent Mun,2011,74.93
Crime Rates,Okanagan Similkameen,RCMP Provincial,Keremeos Prov,2011,96.06
Crime Rates,East Kootenay,RCMP Municipal,Kimberley Mun,2011,60.849999999999994
Crime Rates,East Kootenay,RCMP Provincial,Kimberley Prov,2011,40.0
Crime Rates,Kitimat Stikine,RCMP Municipal,Kitimat Mun,2011,103.64999999999999
Crime Rates,Kitimat Stikine,RCMP Provincial,Kitimat Prov,2011,55.449999999999996
Crime Rates,Cowichan Valley,RCMP Municipal,Ladysmith Mun,2011,77.33
Crime Rates,Cowichan Valley,RCMP Provincial,Ladysmith Prov,2011,51.949999999999996
Crime Rates,Central Okanagan,RCMP Municipal,Lake Country Mun,2011,49.39
Crime Rates,Cowichan Valley,RCMP Provincial,Lake Cowichan Prov,2011,83.21000000000001
Crime Rates,Capital,RCMP Municipal,Langford Mun,2011,58.4
Crime Rates,Metro Vancouver,RCMP Municipal,Langley City Mun,2011,141.26999999999998
Crime Rates,Metro Vancouver,RCMP Municipal,Langley Township Mun,2011,73.54
Crime Rates,Squamish Lillooet,RCMP Provincial,Lillooet Prov,2011,146.56
Crime Rates,Kitimat Stikine,RCMP Provincial,Lisims/Nass Valley Prov,2011,201.03
Crime Rates,Thompson Nicola,RCMP Provincial,Logan Lake Prov,2011,53.720000000000006
Crime Rates,North Okanagan,RCMP Provincial,Lumby Prov,2011,40.86
Crime Rates,Thompson Nicola,RCMP Provincial,Lytton Prov,2011,108.55
Crime Rates,Fraser Fort George,RCMP Provincial,Mackenzie Prov,2011,128.0
Crime Rates,Metro Vancouver,RCMP Municipal,Maple Ridge Mun,2011,75.04
Crime Rates,North Coast Regional District (22),RCMP Provincial,Masset Prov,2011,144.03
Crime Rates,Fraser Fort George,RCMP Provincial,McBride Prov,2011,66.14999999999999
Crime Rates,Thompson Nicola,RCMP Municipal,Merritt Mun,2011,162.89000000000001
Crime Rates,Thompson Nicola,RCMP Provincial,Merritt Prov,2011,82.23
Crime Rates,Fraser Valley,RCMP Municipal,Mission Mun,2011,94.14999999999999
Crime Rates,Fraser Valley,RCMP Provincial,Mission Prov,2011,73.72
Crime Rates,Central Kootenay,RCMP Provincial,Nakusp Prov,2011,53.93
Crime Rates,Nanaimo,RCMP Municipal,Nanaimo Mun,2011,106.14999999999999
Crime Rates,Nanaimo,RCMP Provincial,Nanaimo Prov,2011,40.49
Crime Rates,Central Kootenay,Independent Municipal,Nelson Mun,2011,89.0
Crime Rates,Central Kootenay,RCMP Provincial,Nelson Prov,2011,24.14
Crime Rates,Kitimat Stikine,RCMP Provincial,New Hazelton Prov,2011,251.63
Crime Rates,Metro Vancouver,Independent Municipal,New Westminster Mun,2011,84.23
Crime Rates,Strathcona,RCMP Provincial,Nootka Sound Prov,2011,76.13
Crime Rates,Cowichan Valley,RCMP Municipal,North Cowichan Mun,2011,82.64999999999999
Crime Rates,Capital,RCMP Municipal,North Saanich Mun,2011,35.11
Crime Rates,Metro Vancouver,RCMP Municipal,North Vancouver City Mun,2011,78.85
Crime Rates,Metro Vancouver,RCMP Municipal,North Vancouver District Mun,2011,42.59
Crime Rates,Metro Vancouver,RCMP Provincial,North Vancouver Prov,2011,176.45000000000002
Crime Rates,Northern Rockies,RCMP Municipal,Northern Rockies Mun,2011,NA
Crime Rates,Northern Rockies,RCMP Provincial,Northern Rockies Prov,2011,206.63
Crime Rates,Capital,Independent Municipal,Oak Bay Mun,2011,42.3
Crime Rates,Nanaimo,RCMP Provincial,Oceanside Prov,2011,35.120000000000005
Crime Rates,Cariboo,RCMP Provincial,One Hundred Mile House Prov,2011,58.75
Crime Rates,Capital,RCMP Provincial,Outer Gulf  Islands Prov,2011,31.439999999999998
Crime Rates,Nanaimo,RCMP Municipal,Parksville Mun,2011,66.24000000000001
Crime Rates,Central Okanagan,RCMP Municipal,Peachland Mun,2011,NA
Crime Rates,Squamish Lillooet,RCMP Provincial,Pemberton Prov,2011,62.879999999999995
Crime Rates,Okanagan Similkameen,RCMP Municipal,Penticton Mun,2011,123.33
Crime Rates,Okanagan Similkameen,RCMP Provincial,Penticton Prov,2011,46.5
Crime Rates,Metro Vancouver,RCMP Municipal,Pitt Meadows Mun,2011,61.790000000000006
Crime Rates,Alberni Clayoquot,RCMP Municipal,Port Alberni Mun,2011,139.85000000000002
Crime Rates,Alberni Clayoquot,RCMP Provincial,Port Alberni Prov,2011,46.53
Crime Rates,Mount Waddington,RCMP Provincial,Port Alice Prov,2011,86.96000000000001
Crime Rates,Metro Vancouver,RCMP Municipal,Port Coquitlam Mun,2011,66.61999999999999
Crime Rates,Mount Waddington,RCMP Provincial,Port Hardy Prov,2011,155.49
Crime Rates,Mount Waddington,RCMP Provincial,Port McNeill Prov,2011,58.98
Crime Rates,Metro Vancouver,Independent Municipal,Port Moody Mun,2011,35.91
Crime Rates,Powell River,RCMP Municipal,Powell River Mun,2011,74.95
Crime Rates,Powell River,RCMP Provincial,Powell River Prov,2011,55.44
Crime Rates,Fraser Fort George,RCMP Municipal,Prince George Mun,2011,162.26
Crime Rates,Fraser Fort George,RCMP Provincial,Prince George Prov,2011,49.309999999999995
Crime Rates,North Coast Regional District (22),RCMP Municipal,Prince Rupert Mun,2011,278.71
Crime Rates,North Coast Regional District (22),RCMP Provincial,Prince Rupert Prov,2011,168.28
Crime Rates,Okanagan Similkameen,RCMP Provincial,Princeton Prov,2011,91.33
Crime Rates,Strathcona,RCMP Provincial,Quadra Island Prov,2011,49.190000000000005
Crime Rates,Nanaimo,RCMP Municipal,Qualicum Beach Mun,2011,35.9
Crime Rates,North Coast Regional District (22),RCMP Provincial,Queen Charlotte Prov,2011,71.36999999999999
Crime Rates,Cariboo,RCMP Municipal,Quesnel Mun,2011,208.64
Crime Rates,Cariboo,RCMP Provincial,Quesnel Prov,2011,45.51
Crime Rates,Columbia Shuswap,RCMP Municipal,Revelstoke Mun,2011,84.95
Crime Rates,Columbia Shuswap,RCMP Provincial,Revelstoke Prov,2011,117.44000000000001
Crime Rates,Metro Vancouver,RCMP Municipal,Richmond Mun,2011,57.230000000000004
Crime Rates,Metro Vancouver,RCMP Provincial,Ridge Meadows Prov,2011,13468.09
Crime Rates,Capital,Independent Municipal,Saanich Mun,2011,43.65
Crime Rates,Central Kootenay,RCMP Provincial,Salmo Prov,2011,119.73
Crime Rates,Columbia Shuswap,RCMP Municipal,Salmon Arm Mun,2011,80.13
Crime Rates,Columbia Shuswap,RCMP Provincial,Salmon Arm Prov,2011,43.13
Crime Rates,Capital,RCMP Provincial,Saltspring Island Prov,2011,46.1
Crime Rates,Strathcona,RCMP Provincial,Sayward Prov,2011,64.8
Crime Rates,Sunshine Coast,RCMP Municipal,Sechelt Mun,2011,69.2
Crime Rates,Cowichan Valley,RCMP Provincial,Shawnigan Lake Prov,2011,39.03
Crime Rates,Columbia Shuswap,RCMP Provincial,Sicamous Prov,2011,80.02
Crime Rates,Capital,RCMP Municipal,Sidney Mun,2011,59.03
Crime Rates,Capital,RCMP Provincial,Sidney Prov,2011,101.48
Crime Rates,Central Kootenay,RCMP Provincial,Slocan Lake Prov,2011,99.54
Crime Rates,Bulkley Nechako,RCMP Municipal,Smithers Mun,2011,164.85000000000002
Crime Rates,Bulkley Nechako,RCMP Provincial,Smithers Prov,2011,55.89
Crime Rates,Capital,RCMP Municipal,Sooke Mun,2011,63.08
Crime Rates,Capital,RCMP Provincial,Sooke Prov,2011,45.849999999999994
Crime Rates,Okanagan Similkameen,RCMP Provincial,South Okanagan/Oliver,2011,72.22
Crime Rates,Okanagan Similkameen,RCMP Provincial,South Okanagan/Osoyoos,2011,70.77
Crime Rates,North Okanagan,RCMP Municipal,Spallumcheen Mun,2011,NA
Crime Rates,Squamish Lillooet,RCMP Municipal,Squamish Mun,2011,100.64999999999999
Crime Rates,Squamish Lillooet,RCMP Provincial,Squamish Prov,2011,55.44
Crime Rates,Kitimat Stikine,RCMP Provincial,Stewart Prov,2011,109.09
Crime Rates,Squamish Lillooet,First Nations Aboriginal Police Service,Stl'atl'imx FNAPS,2011,115.8
Crime Rates,Okanagan Similkameen,RCMP Municipal,Summerland Mun,2011,42.9
Crime Rates,Sunshine Coast,RCMP Provincial,Sunshine Coast Prov,2011,72.57
Crime Rates,Metro Vancouver,RCMP Municipal,Surrey Mun,2011,88.86
Crime Rates,Bulkley Nechako,RCMP Provincial,Takla Landing Prov,2011,677.42
Crime Rates,Kitimat Stikine,RCMP Municipal,Terrace Mun,2011,184.03
Crime Rates,Kitimat Stikine,RCMP Provincial,Terrace Prov,2011,72.49000000000001
Crime Rates,Powell River,RCMP Provincial,Texada Island Prov,2011,51.790000000000006
Crime Rates,Thompson Nicola,RCMP Provincial,T'Kumlups Prov,2011,83.99000000000001
Crime Rates,Alberni Clayoquot,RCMP Provincial,Tofino Prov,2011,170.42000000000002
Crime Rates,Kootenay Boundary,RCMP Municipal,Trail Mun,2011,112.55
Crime Rates,Kootenay Boundary,RCMP Provincial,Trail and Greater District,2011,39.14
Crime Rates,Fraser Fort George,RCMP Provincial,Tsay Keh Dene Prov,2011,604.8399999999999
Crime Rates,Peace River,RCMP Provincial,Tumbler Ridge Prov,2011,92.04
Crime Rates,Alberni Clayoquot,RCMP Provincial,Ucluelet Prov,2011,106.25
Crime Rates,Metro Vancouver,RCMP Provincial,University Prov,2011,87.79
Crime Rates,Fraser Fort George,RCMP Provincial,Valemount Prov,2011,99.44000000000001
Crime Rates,Metro Vancouver,Independent Municipal,Vancouver Mun,2011,78.59
Crime Rates,Bulkley Nechako,RCMP Provincial,Vanderhoof Prov,2011,121.89
Crime Rates,North Okanagan,RCMP Municipal,Vernon Mun,2011,102.28
Crime Rates,North Okanagan,RCMP Provincial,Vernon Prov,2011,43.57
Crime Rates,Capital,Independent Municipal,Victoria Mun,2011,115.8
Crime Rates,Capital,RCMP Municipal,View Royal Mun,2011,51.48
Crime Rates,Cariboo,RCMP Provincial,Wells Prov,2011,74.17999999999999
Crime Rates,Central Okanagan,RCMP Municipal,West Kelowna Mun,2011,42.690000000000005
Crime Rates,Capital,RCMP Provincial,West Shore Prov,2011,40.92
Crime Rates,Metro Vancouver,Independent Municipal,West Vancouver Mun,2011,36.18
Crime Rates,Squamish Lillooet,RCMP Municipal,Whistler Mun,2011,155.52
Crime Rates,Squamish Lillooet,RCMP Provincial,Whistler Prov,2011,56.86
Crime Rates,Metro Vancouver,RCMP Municipal,White Rock Mun,2011,61.99
Crime Rates,Cariboo,RCMP Municipal,Williams Lake Mun,2011,222.76999999999998
Crime Rates,Cariboo,RCMP Provincial,Williams Lake Prov,2011,40.0
Violent Offenses,Fraser Valley,Independent Municipal,Abbotsford Mun,2011,1466.0
Violent Offenses,Fraser Valley,RCMP Provincial,Agassiz Prov,2011,101.0
Violent Offenses,Mount Waddington,RCMP Provincial,Alert Bay Prov,2011,103.0
Violent Offenses,Cariboo,RCMP Provincial,Alexis Creek Prov,2011,108.0
Violent Offenses,Cariboo,RCMP Provincial,Anahim Lake Prov,2011,57.0
Violent Offenses,North Okanagan,RCMP Provincial,Armstrong Prov,2011,120.0
Violent Offenses,Thompson Nicola,RCMP Provincial,Ashcroft Prov,2011,90.0
Violent Offenses,Kitimat Stikine,RCMP Provincial,Atlin Prov,2011,28.0
Violent Offenses,Thompson Nicola,RCMP Provincial,Barriere Prov,2011,44.0
Violent Offenses,Central Coast,RCMP Provincial,Bella Bella Prov,2011,131.0
Violent Offenses,Central Coast,RCMP Provincial,Bella Coola Prov,2011,81.0
Violent Offenses,Fraser Valley,RCMP Provincial,Boston Bar Prov,2011,22.0
Violent Offenses,Kootenay Boundary,RCMP Provincial,Boundary/Grand Forks Prov,2011,133.0
Violent Offenses,Kootenay Boundary,RCMP Provincial,Boundary/Midway Prov,2011,48.0
Violent Offenses,Metro Vancouver,RCMP Provincial,Bowen Island Prov,2011,34.0
Violent Offenses,Metro Vancouver,RCMP Municipal,Burnaby Mun,2011,2193.0
Violent Offenses,Bulkley Nechako,RCMP Provincial,Burns Lake Prov,2011,234.0
Violent Offenses,Strathcona,RCMP Municipal,Campbell River Mun,2011,653.0
Violent Offenses,Strathcona,RCMP Provincial,Campbell River Prov,2011,77.0
Violent Offenses,Central Kootenay,RCMP Municipal,Castlegar Mun,2011,203.0
Violent Offenses,Central Kootenay,RCMP Provincial,Castlegar Prov,2011,72.0
Violent Offenses,Capital,Independent Municipal,Central Saanich Mun,2011,82.0
Violent Offenses,Thompson Nicola,RCMP Provincial,Chase Prov,2011,95.0
Violent Offenses,Peace River,RCMP Provincial,Chetwynd Prov,2011,126.0
Violent Offenses,Fraser Valley,RCMP Municipal,Chilliwack Mun,2011,1238.0
Violent Offenses,Fraser Valley,RCMP Provincial,Chilliwack Prov,2011,87.0
Violent Offenses,Thompson Nicola,RCMP Provincial,Clearwater Prov,2011,60.0
Violent Offenses,Thompson Nicola,RCMP Provincial,Clinton Prov,2011,35.0
Violent Offenses,North Okanagan,RCMP Municipal,Coldstream Mun,2011,61.0
Violent Offenses,East Kootenay,RCMP Provincial,Columbia Valley Prov,2011,162.0
Violent Offenses,Capital,RCMP Municipal,Colwood Mun,2011,110.0
Violent Offenses,Comox Valley,RCMP Municipal,Comox Mun,2011,107.0
Violent Offenses,Comox Valley,RCMP Provincial,Comox Valley Prov,2011,217.0
Violent Offenses,Metro Vancouver,RCMP Municipal,Coquitlam Mun,2011,936.0
Violent Offenses,Metro Vancouver,RCMP Provincial,Coquitlam Prov,2011,8.0
Violent Offenses,Comox Valley,RCMP Municipal,Courtenay Mun,2011,538.0
Violent Offenses,East Kootenay,RCMP Municipal,Cranbrook Mun,2011,570.0
Violent Offenses,East Kootenay,RCMP Provincial,Cranbrook Prov,2011,93.0
Violent Offenses,Central Kootenay,RCMP Municipal,Creston Mun,2011,NA
Violent Offenses,Central Kootenay,RCMP Provincial,Creston Prov,2011,151.0
Violent Offenses,Peace River,RCMP Municipal,Dawson Creek Mun,2011,365.0
Violent Offenses,Peace River,RCMP Provincial,Dawson Creek Prov,2011,52.0
Violent Offenses,Kitimat Stikine,RCMP Provincial,Dease Lake Prov,2011,51.0
Violent Offenses,Metro Vancouver,Independent Municipal,Delta Mun,2011,780.0
Violent Offenses,Cowichan Valley,RCMP Provincial,Duncan Prov,2011,367.0
Violent Offenses,East Kootenay,RCMP Provincial,Elk Valley Prov,2011,221.0
Violent Offenses,North Okanagan,RCMP Provincial,Enderby Prov,2011,122.0
Violent Offenses,Columbia Shuswap,RCMP Provincial,Falkland Prov,2011,31.0
Violent Offenses,Bulkley Nechako,RCMP Provincial,Fort St James Prov,2011,329.0
Violent Offenses,Peace River,RCMP Municipal,Fort St John Mun,2011,720.0
Violent Offenses,Peace River,RCMP Provincial,Fort St John Prov,2011,168.0
Violent Offenses,Bulkley Nechako,RCMP Provincial,Fraser Lake Prov,2011,82.0
Violent Offenses,Nanaimo,RCMP Provincial,Gabriola Island Prov,2011,30.0
Violent Offenses,Columbia Shuswap,RCMP Provincial,Golden Prov,2011,124.0
Violent Offenses,Fraser Valley,RCMP Municipal,Hope Mun,2011,166.0
Violent Offenses,Fraser Valley,RCMP Provincial,Hope  Prov,2011,35.0
Violent Offenses,Bulkley Nechako,RCMP Provincial,Houston/Granisle Prov,2011,147.0
Violent Offenses,Peace River,RCMP Provincial,Hudson's Hope Prov,2011,19.0
Violent Offenses,Thompson Nicola,RCMP Municipal,Kamloops Mun,2011,1942.0
Violent Offenses,Central Kootenay,RCMP Provincial,Kaslo Prov,2011,30.0
Violent Offenses,Central Okanagan,RCMP Municipal,Kelowna Mun,2011,2253.0
Violent Offenses,Central Okanagan,RCMP Provincial,Kelowna Prov,2011,227.0
Violent Offenses,Fraser Valley,RCMP Municipal,Kent Mun,2011,107.0
Violent Offenses,Okanagan Similkameen,RCMP Provincial,Keremeos Prov,2011,111.0
Violent Offenses,East Kootenay,RCMP Municipal,Kimberley Mun,2011,65.0
Violent Offenses,East Kootenay,RCMP Provincial,Kimberley Prov,2011,9.0
Violent Offenses,Kitimat Stikine,RCMP Municipal,Kitimat Mun,2011,283.0
Violent Offenses,Kitimat Stikine,RCMP Provincial,Kitimat Prov,2011,2.0
Violent Offenses,Cowichan Valley,RCMP Municipal,Ladysmith Mun,2011,110.0
Violent Offenses,Cowichan Valley,RCMP Provincial,Ladysmith Prov,2011,84.0
Violent Offenses,Central Okanagan,RCMP Municipal,Lake Country Mun,2011,130.0
Violent Offenses,Cowichan Valley,RCMP Provincial,Lake Cowichan Prov,2011,136.0
Violent Offenses,Capital,RCMP Municipal,Langford Mun,2011,332.0
Violent Offenses,Metro Vancouver,RCMP Municipal,Langley City Mun,2011,477.0
Violent Offenses,Metro Vancouver,RCMP Municipal,Langley Township Mun,2011,888.0
Violent Offenses,Squamish Lillooet,RCMP Provincial,Lillooet Prov,2011,99.0
Violent Offenses,Kitimat Stikine,RCMP Provincial,Lisims/Nass Valley Prov,2011,141.0
Violent Offenses,Thompson Nicola,RCMP Provincial,Logan Lake Prov,2011,35.0
Violent Offenses,North Okanagan,RCMP Provincial,Lumby Prov,2011,63.0
Violent Offenses,Thompson Nicola,RCMP Provincial,Lytton Prov,2011,69.0
Violent Offenses,Fraser Fort George,RCMP Provincial,Mackenzie Prov,2011,147.0
Violent Offenses,Metro Vancouver,RCMP Municipal,Maple Ridge Mun,2011,969.0
Violent Offenses,North Coast Regional District (22),RCMP Provincial,Masset Prov,2011,71.0
Violent Offenses,Fraser Fort George,RCMP Provincial,McBride Prov,2011,30.0
Violent Offenses,Thompson Nicola,RCMP Municipal,Merritt Mun,2011,245.0
Violent Offenses,Thompson Nicola,RCMP Provincial,Merritt Prov,2011,76.0
Violent Offenses,Fraser Valley,RCMP Municipal,Mission Mun,2011,654.0
Violent Offenses,Fraser Valley,RCMP Provincial,Mission Prov,2011,74.0
Violent Offenses,Central Kootenay,RCMP Provincial,Nakusp Prov,2011,36.0
Violent Offenses,Nanaimo,RCMP Municipal,Nanaimo Mun,2011,1403.0
Violent Offenses,Nanaimo,RCMP Provincial,Nanaimo Prov,2011,118.0
Violent Offenses,Central Kootenay,Independent Municipal,Nelson Mun,2011,179.0
Violent Offenses,Central Kootenay,RCMP Provincial,Nelson Prov,2011,86.0
Violent Offenses,Kitimat Stikine,RCMP Provincial,New Hazelton Prov,2011,396.0
Violent Offenses,Metro Vancouver,Independent Municipal,New Westminster Mun,2011,939.0
Violent Offenses,Strathcona,RCMP Provincial,Nootka Sound Prov,2011,28.0
Violent Offenses,Cowichan Valley,RCMP Municipal,North Cowichan Mun,2011,401.0
Violent Offenses,Capital,RCMP Municipal,North Saanich Mun,2011,77.0
Violent Offenses,Metro Vancouver,RCMP Municipal,North Vancouver City Mun,2011,578.0
Violent Offenses,Metro Vancouver,RCMP Municipal,North Vancouver District Mun,2011,501.0
Violent Offenses,Metro Vancouver,RCMP Provincial,North Vancouver Prov,2011,73.0
Violent Offenses,Northern Rockies,RCMP Municipal,Northern Rockies Mun,2011,NA
Violent Offenses,Northern Rockies,RCMP Provincial,Northern Rockies Prov,2011,254.0
Violent Offenses,Capital,Independent Municipal,Oak Bay Mun,2011,26.0
Violent Offenses,Nanaimo,RCMP Provincial,Oceanside Prov,2011,158.0
Violent Offenses,Cariboo,RCMP Provincial,One Hundred Mile House Prov,2011,165.0
Violent Offenses,Capital,RCMP Provincial,Outer Gulf  Islands Prov,2011,26.0
Violent Offenses,Nanaimo,RCMP Municipal,Parksville Mun,2011,118.0
Violent Offenses,Central Okanagan,RCMP Municipal,Peachland Mun,2011,NA
Violent Offenses,Squamish Lillooet,RCMP Provincial,Pemberton Prov,2011,49.0
Violent Offenses,Okanagan Similkameen,RCMP Municipal,Penticton Mun,2011,779.0
Violent Offenses,Okanagan Similkameen,RCMP Provincial,Penticton Prov,2011,99.0
Violent Offenses,Metro Vancouver,RCMP Municipal,Pitt Meadows Mun,2011,185.0
Violent Offenses,Alberni Clayoquot,RCMP Municipal,Port Alberni Mun,2011,527.0
Violent Offenses,Alberni Clayoquot,RCMP Provincial,Port Alberni Prov,2011,80.0
Violent Offenses,Mount Waddington,RCMP Provincial,Port Alice Prov,2011,22.0
Violent Offenses,Metro Vancouver,RCMP Municipal,Port Coquitlam Mun,2011,521.0
Violent Offenses,Mount Waddington,RCMP Provincial,Port Hardy Prov,2011,164.0
Violent Offenses,Mount Waddington,RCMP Provincial,Port McNeill Prov,2011,38.0
Violent Offenses,Metro Vancouver,Independent Municipal,Port Moody Mun,2011,154.0
Violent Offenses,Powell River,RCMP Municipal,Powell River Mun,2011,216.0
Violent Offenses,Powell River,RCMP Provincial,Powell River Prov,2011,76.0
Violent Offenses,Fraser Fort George,RCMP Municipal,Prince George Mun,2011,2205.0
Violent Offenses,Fraser Fort George,RCMP Provincial,Prince George Prov,2011,114.0
Violent Offenses,North Coast Regional District (22),RCMP Municipal,Prince Rupert Mun,2011,683.0
Violent Offenses,North Coast Regional District (22),RCMP Provincial,Prince Rupert Prov,2011,120.0
Violent Offenses,Okanagan Similkameen,RCMP Provincial,Princeton Prov,2011,109.0
Violent Offenses,Strathcona,RCMP Provincial,Quadra Island Prov,2011,33.0
Violent Offenses,Nanaimo,RCMP Municipal,Qualicum Beach Mun,2011,50.0
Violent Offenses,North Coast Regional District (22),RCMP Provincial,Queen Charlotte Prov,2011,48.0
Violent Offenses,Cariboo,RCMP Municipal,Quesnel Mun,2011,457.0
Violent Offenses,Cariboo,RCMP Provincial,Quesnel Prov,2011,171.0
Violent Offenses,Columbia Shuswap,RCMP Municipal,Revelstoke Mun,2011,105.0
Violent Offenses,Columbia Shuswap,RCMP Provincial,Revelstoke Prov,2011,9.0
Violent Offenses,Metro Vancouver,RCMP Municipal,Richmond Mun,2011,1579.0
Violent Offenses,Metro Vancouver,RCMP Provincial,Ridge Meadows Prov,2011,211.0
Violent Offenses,Capital,Independent Municipal,Saanich Mun,2011,863.0
Violent Offenses,Central Kootenay,RCMP Provincial,Salmo Prov,2011,94.0
Violent Offenses,Columbia Shuswap,RCMP Municipal,Salmon Arm Mun,2011,336.0
Violent Offenses,Columbia Shuswap,RCMP Provincial,Salmon Arm Prov,2011,79.0
Violent Offenses,Capital,RCMP Provincial,Saltspring Island Prov,2011,105.0
Violent Offenses,Strathcona,RCMP Provincial,Sayward Prov,2011,6.0
Violent Offenses,Sunshine Coast,RCMP Municipal,Sechelt Mun,2011,108.0
Violent Offenses,Cowichan Valley,RCMP Provincial,Shawnigan Lake Prov,2011,125.0
Violent Offenses,Columbia Shuswap,RCMP Provincial,Sicamous Prov,2011,51.0
Violent Offenses,Capital,RCMP Municipal,Sidney Mun,2011,123.0
Violent Offenses,Capital,RCMP Provincial,Sidney Prov,2011,109.0
Violent Offenses,Central Kootenay,RCMP Provincial,Slocan Lake Prov,2011,53.0
Violent Offenses,Bulkley Nechako,RCMP Municipal,Smithers Mun,2011,184.0
Violent Offenses,Bulkley Nechako,RCMP Provincial,Smithers Prov,2011,159.0
Violent Offenses,Capital,RCMP Municipal,Sooke Mun,2011,158.0
Violent Offenses,Capital,RCMP Provincial,Sooke Prov,2011,51.0
Violent Offenses,Okanagan Similkameen,RCMP Provincial,South Okanagan/Oliver,2011,139.0
Violent Offenses,Okanagan Similkameen,RCMP Provincial,South Okanagan/Osoyoos,2011,93.0
Violent Offenses,North Okanagan,RCMP Municipal,Spallumcheen Mun,2011,NA
Violent Offenses,Squamish Lillooet,RCMP Municipal,Squamish Mun,2011,352.0
Violent Offenses,Squamish Lillooet,RCMP Provincial,Squamish Prov,2011,15.0
Violent Offenses,Kitimat Stikine,RCMP Provincial,Stewart Prov,2011,15.0
Violent Offenses,Squamish Lillooet,First Nations Aboriginal Police Service,Stl'atl'imx FNAPS,2011,124.0
Violent Offenses,Okanagan Similkameen,RCMP Municipal,Summerland Mun,2011,94.0
Violent Offenses,Sunshine Coast,RCMP Provincial,Sunshine Coast Prov,2011,249.0
Violent Offenses,Metro Vancouver,RCMP Municipal,Surrey Mun,2011,7630.0
Violent Offenses,Bulkley Nechako,RCMP Provincial,Takla Landing Prov,2011,27.0
Violent Offenses,Kitimat Stikine,RCMP Municipal,Terrace Mun,2011,402.0
Violent Offenses,Kitimat Stikine,RCMP Provincial,Terrace Prov,2011,152.0
Violent Offenses,Powell River,RCMP Provincial,Texada Island Prov,2011,8.0
Violent Offenses,Thompson Nicola,RCMP Provincial,T'Kumlups Prov,2011,151.0
Violent Offenses,Alberni Clayoquot,RCMP Provincial,Tofino Prov,2011,126.0
Violent Offenses,Kootenay Boundary,RCMP Municipal,Trail Mun,2011,220.0
Violent Offenses,Kootenay Boundary,RCMP Provincial,Trail and Greater District,2011,117.0
Violent Offenses,Fraser Fort George,RCMP Provincial,Tsay Keh Dene Prov,2011,72.0
Violent Offenses,Peace River,RCMP Provincial,Tumbler Ridge Prov,2011,47.0
Violent Offenses,Alberni Clayoquot,RCMP Provincial,Ucluelet Prov,2011,57.0
Violent Offenses,Metro Vancouver,RCMP Provincial,University Prov,2011,111.0
Violent Offenses,Fraser Fort George,RCMP Provincial,Valemount Prov,2011,23.0
Violent Offenses,Metro Vancouver,Independent Municipal,Vancouver Mun,2011,10055.0
Violent Offenses,Bulkley Nechako,RCMP Provincial,Vanderhoof Prov,2011,222.0
Violent Offenses,North Okanagan,RCMP Municipal,Vernon Mun,2011,724.0
Violent Offenses,North Okanagan,RCMP Provincial,Vernon Prov,2011,118.0
Violent Offenses,Capital,Independent Municipal,Victoria Mun,2011,2361.0
Violent Offenses,Capital,RCMP Municipal,View Royal Mun,2011,93.0
Violent Offenses,Cariboo,RCMP Provincial,Wells Prov,2011,5.0
Violent Offenses,Central Okanagan,RCMP Municipal,West Kelowna Mun,2011,254.0
Violent Offenses,Capital,RCMP Provincial,West Shore Prov,2011,92.0
Violent Offenses,Metro Vancouver,Independent Municipal,West Vancouver Mun,2011,323.0
Violent Offenses,Squamish Lillooet,RCMP Municipal,Whistler Mun,2011,238.0
Violent Offenses,Squamish Lillooet,RCMP Provincial,Whistler Prov,2011,0.0
Violent Offenses,Metro Vancouver,RCMP Municipal,White Rock Mun,2011,157.0
Violent Offenses,Cariboo,RCMP Municipal,Williams Lake Mun,2011,586.0
Violent Offenses,Cariboo,RCMP Provincial,Williams Lake Prov,2011,157.0
Property Offenses,Fraser Valley,Independent Municipal,Abbotsford Mun,2011,5651.0
Property Offenses,Fraser Valley,RCMP Provincial,Agassiz Prov,2011,279.0
Property Offenses,Mount Waddington,RCMP Provincial,Alert Bay Prov,2011,108.0
Property Offenses,Cariboo,RCMP Provincial,Alexis Creek Prov,2011,92.0
Property Offenses,Cariboo,RCMP Provincial,Anahim Lake Prov,2011,52.0
Property Offenses,North Okanagan,RCMP Provincial,Armstrong Prov,2011,254.0
Property Offenses,Thompson Nicola,RCMP Provincial,Ashcroft Prov,2011,146.0
Property Offenses,Kitimat Stikine,RCMP Provincial,Atlin Prov,2011,29.0
Property Offenses,Thompson Nicola,RCMP Provincial,Barriere Prov,2011,96.0
Property Offenses,Central Coast,RCMP Provincial,Bella Bella Prov,2011,200.0
Property Offenses,Central Coast,RCMP Provincial,Bella Coola Prov,2011,79.0
Property Offenses,Fraser Valley,RCMP Provincial,Boston Bar Prov,2011,72.0
Property Offenses,Kootenay Boundary,RCMP Provincial,Boundary/Grand Forks Prov,2011,384.0
Property Offenses,Kootenay Boundary,RCMP Provincial,Boundary/Midway Prov,2011,160.0
Property Offenses,Metro Vancouver,RCMP Provincial,Bowen Island Prov,2011,71.0
Property Offenses,Metro Vancouver,RCMP Municipal,Burnaby Mun,2011,11055.0
Property Offenses,Bulkley Nechako,RCMP Provincial,Burns Lake Prov,2011,446.0
Property Offenses,Strathcona,RCMP Municipal,Campbell River Mun,2011,1558.0
Property Offenses,Strathcona,RCMP Provincial,Campbell River Prov,2011,178.0
Property Offenses,Central Kootenay,RCMP Municipal,Castlegar Mun,2011,358.0
Property Offenses,Central Kootenay,RCMP Provincial,Castlegar Prov,2011,107.0
Property Offenses,Capital,Independent Municipal,Central Saanich Mun,2011,334.0
Property Offenses,Thompson Nicola,RCMP Provincial,Chase Prov,2011,354.0
Property Offenses,Peace River,RCMP Provincial,Chetwynd Prov,2011,273.0
Property Offenses,Fraser Valley,RCMP Municipal,Chilliwack Mun,2011,4730.0
Property Offenses,Fraser Valley,RCMP Provincial,Chilliwack Prov,2011,354.0
Property Offenses,Thompson Nicola,RCMP Provincial,Clearwater Prov,2011,149.0
Property Offenses,Thompson Nicola,RCMP Provincial,Clinton Prov,2011,75.0
Property Offenses,North Okanagan,RCMP Municipal,Coldstream Mun,2011,228.0
Property Offenses,East Kootenay,RCMP Provincial,Columbia Valley Prov,2011,449.0
Property Offenses,Capital,RCMP Municipal,Colwood Mun,2011,407.0
Property Offenses,Comox Valley,RCMP Municipal,Comox Mun,2011,341.0
Property Offenses,Comox Valley,RCMP Provincial,Comox Valley Prov,2011,573.0
Property Offenses,Metro Vancouver,RCMP Municipal,Coquitlam Mun,2011,4619.0
Property Offenses,Metro Vancouver,RCMP Provincial,Coquitlam Prov,2011,60.0
Property Offenses,Comox Valley,RCMP Municipal,Courtenay Mun,2011,1448.0
Property Offenses,East Kootenay,RCMP Municipal,Cranbrook Mun,2011,1065.0
Property Offenses,East Kootenay,RCMP Provincial,Cranbrook Prov,2011,182.0
Property Offenses,Central Kootenay,RCMP Municipal,Creston Mun,2011,NA
Property Offenses,Central Kootenay,RCMP Provincial,Creston Prov,2011,509.0
Property Offenses,Peace River,RCMP Municipal,Dawson Creek Mun,2011,654.0
Property Offenses,Peace River,RCMP Provincial,Dawson Creek Prov,2011,162.0
Property Offenses,Kitimat Stikine,RCMP Provincial,Dease Lake Prov,2011,53.0
Property Offenses,Metro Vancouver,Independent Municipal,Delta Mun,2011,3596.0
Property Offenses,Cowichan Valley,RCMP Provincial,Duncan Prov,2011,1019.0
Property Offenses,East Kootenay,RCMP Provincial,Elk Valley Prov,2011,553.0
Property Offenses,North Okanagan,RCMP Provincial,Enderby Prov,2011,233.0
Property Offenses,Columbia Shuswap,RCMP Provincial,Falkland Prov,2011,62.0
Property Offenses,Bulkley Nechako,RCMP Provincial,Fort St James Prov,2011,451.0
Property Offenses,Peace River,RCMP Municipal,Fort St John Mun,2011,1343.0
Property Offenses,Peace River,RCMP Provincial,Fort St John Prov,2011,262.0
Property Offenses,Bulkley Nechako,RCMP Provincial,Fraser Lake Prov,2011,123.0
Property Offenses,Nanaimo,RCMP Provincial,Gabriola Island Prov,2011,104.0
Property Offenses,Columbia Shuswap,RCMP Provincial,Golden Prov,2011,277.0
Property Offenses,Fraser Valley,RCMP Municipal,Hope Mun,2011,560.0
Property Offenses,Fraser Valley,RCMP Provincial,Hope  Prov,2011,151.0
Property Offenses,Bulkley Nechako,RCMP Provincial,Houston/Granisle Prov,2011,170.0
Property Offenses,Peace River,RCMP Provincial,Hudson's Hope Prov,2011,58.0
Property Offenses,Thompson Nicola,RCMP Municipal,Kamloops Mun,2011,5423.0
Property Offenses,Central Kootenay,RCMP Provincial,Kaslo Prov,2011,59.0
Property Offenses,Central Okanagan,RCMP Municipal,Kelowna Mun,2011,6924.0
Property Offenses,Central Okanagan,RCMP Provincial,Kelowna Prov,2011,862.0
Property Offenses,Fraser Valley,RCMP Municipal,Kent Mun,2011,242.0
Property Offenses,Okanagan Similkameen,RCMP Provincial,Keremeos Prov,2011,222.0
Property Offenses,East Kootenay,RCMP Municipal,Kimberley Mun,2011,287.0
Property Offenses,East Kootenay,RCMP Provincial,Kimberley Prov,2011,61.0
Property Offenses,Kitimat Stikine,RCMP Municipal,Kitimat Mun,2011,264.0
Property Offenses,Kitimat Stikine,RCMP Provincial,Kitimat Prov,2011,15.0
Property Offenses,Cowichan Valley,RCMP Municipal,Ladysmith Mun,2011,418.0
Property Offenses,Cowichan Valley,RCMP Provincial,Ladysmith Prov,2011,178.0
Property Offenses,Central Okanagan,RCMP Municipal,Lake Country Mun,2011,369.0
Property Offenses,Cowichan Valley,RCMP Provincial,Lake Cowichan Prov,2011,263.0
Property Offenses,Capital,RCMP Municipal,Langford Mun,2011,1204.0
Property Offenses,Metro Vancouver,RCMP Municipal,Langley City Mun,2011,2254.0
Property Offenses,Metro Vancouver,RCMP Municipal,Langley Township Mun,2011,5726.0
Property Offenses,Squamish Lillooet,RCMP Provincial,Lillooet Prov,2011,200.0
Property Offenses,Kitimat Stikine,RCMP Provincial,Lisims/Nass Valley Prov,2011,126.0
Property Offenses,Thompson Nicola,RCMP Provincial,Logan Lake Prov,2011,68.0
Property Offenses,North Okanagan,RCMP Provincial,Lumby Prov,2011,144.0
Property Offenses,Thompson Nicola,RCMP Provincial,Lytton Prov,2011,71.0
Property Offenses,Fraser Fort George,RCMP Provincial,Mackenzie Prov,2011,158.0
Property Offenses,Metro Vancouver,RCMP Municipal,Maple Ridge Mun,2011,3338.0
Property Offenses,North Coast Regional District (22),RCMP Provincial,Masset Prov,2011,123.0
Property Offenses,Fraser Fort George,RCMP Provincial,McBride Prov,2011,67.0
Property Offenses,Thompson Nicola,RCMP Municipal,Merritt Mun,2011,614.0
Property Offenses,Thompson Nicola,RCMP Provincial,Merritt Prov,2011,178.0
Property Offenses,Fraser Valley,RCMP Municipal,Mission Mun,2011,2127.0
Property Offenses,Fraser Valley,RCMP Provincial,Mission Prov,2011,200.0
Property Offenses,Central Kootenay,RCMP Provincial,Nakusp Prov,2011,123.0
Property Offenses,Nanaimo,RCMP Municipal,Nanaimo Mun,2011,5288.0
Property Offenses,Nanaimo,RCMP Provincial,Nanaimo Prov,2011,368.0
Property Offenses,Central Kootenay,Independent Municipal,Nelson Mun,2011,533.0
Property Offenses,Central Kootenay,RCMP Provincial,Nelson Prov,2011,158.0
Property Offenses,Kitimat Stikine,RCMP Provincial,New Hazelton Prov,2011,568.0
Property Offenses,Metro Vancouver,Independent Municipal,New Westminster Mun,2011,3464.0
Property Offenses,Strathcona,RCMP Provincial,Nootka Sound Prov,2011,89.0
Property Offenses,Cowichan Valley,RCMP Municipal,North Cowichan Mun,2011,1321.0
Property Offenses,Capital,RCMP Municipal,North Saanich Mun,2011,245.0
Property Offenses,Metro Vancouver,RCMP Municipal,North Vancouver City Mun,2011,1997.0
Property Offenses,Metro Vancouver,RCMP Municipal,North Vancouver District Mun,2011,2226.0
Property Offenses,Metro Vancouver,RCMP Provincial,North Vancouver Prov,2011,189.0
Property Offenses,Northern Rockies,RCMP Municipal,Northern Rockies Mun,2011,NA
Property Offenses,Northern Rockies,RCMP Provincial,Northern Rockies Prov,2011,505.0
Property Offenses,Capital,Independent Municipal,Oak Bay Mun,2011,696.0
Property Offenses,Nanaimo,RCMP Provincial,Oceanside Prov,2011,582.0
Property Offenses,Cariboo,RCMP Provincial,One Hundred Mile House Prov,2011,438.0
Property Offenses,Capital,RCMP Provincial,Outer Gulf  Islands Prov,2011,107.0
Property Offenses,Nanaimo,RCMP Municipal,Parksville Mun,2011,523.0
Property Offenses,Central Okanagan,RCMP Municipal,Peachland Mun,2011,NA
Property Offenses,Squamish Lillooet,RCMP Provincial,Pemberton Prov,2011,154.0
Property Offenses,Okanagan Similkameen,RCMP Municipal,Penticton Mun,2011,2315.0
Property Offenses,Okanagan Similkameen,RCMP Provincial,Penticton Prov,2011,332.0
Property Offenses,Metro Vancouver,RCMP Municipal,Pitt Meadows Mun,2011,655.0
Property Offenses,Alberni Clayoquot,RCMP Municipal,Port Alberni Mun,2011,1116.0
Property Offenses,Alberni Clayoquot,RCMP Provincial,Port Alberni Prov,2011,229.0
Property Offenses,Mount Waddington,RCMP Provincial,Port Alice Prov,2011,43.0
Property Offenses,Metro Vancouver,RCMP Municipal,Port Coquitlam Mun,2011,2089.0
Property Offenses,Mount Waddington,RCMP Provincial,Port Hardy Prov,2011,349.0
Property Offenses,Mount Waddington,RCMP Provincial,Port McNeill Prov,2011,168.0
Property Offenses,Metro Vancouver,Independent Municipal,Port Moody Mun,2011,899.0
Property Offenses,Powell River,RCMP Municipal,Powell River Mun,2011,569.0
Property Offenses,Powell River,RCMP Provincial,Powell River Prov,2011,160.0
Property Offenses,Fraser Fort George,RCMP Municipal,Prince George Mun,2011,5958.0
Property Offenses,Fraser Fort George,RCMP Provincial,Prince George Prov,2011,428.0
Property Offenses,North Coast Regional District (22),RCMP Municipal,Prince Rupert Mun,2011,1122.0
Property Offenses,North Coast Regional District (22),RCMP Provincial,Prince Rupert Prov,2011,100.0
Property Offenses,Okanagan Similkameen,RCMP Provincial,Princeton Prov,2011,246.0
Property Offenses,Strathcona,RCMP Provincial,Quadra Island Prov,2011,98.0
Property Offenses,Nanaimo,RCMP Municipal,Qualicum Beach Mun,2011,231.0
Property Offenses,North Coast Regional District (22),RCMP Provincial,Queen Charlotte Prov,2011,77.0
Property Offenses,Cariboo,RCMP Municipal,Quesnel Mun,2011,846.0
Property Offenses,Cariboo,RCMP Provincial,Quesnel Prov,2011,285.0
Property Offenses,Columbia Shuswap,RCMP Municipal,Revelstoke Mun,2011,368.0
Property Offenses,Columbia Shuswap,RCMP Provincial,Revelstoke Prov,2011,47.0
Property Offenses,Metro Vancouver,RCMP Municipal,Richmond Mun,2011,7402.0
Property Offenses,Metro Vancouver,RCMP Provincial,Ridge Meadows Prov,2011,793.0
Property Offenses,Capital,Independent Municipal,Saanich Mun,2011,3513.0
Property Offenses,Central Kootenay,RCMP Provincial,Salmo Prov,2011,156.0
Property Offenses,Columbia Shuswap,RCMP Municipal,Salmon Arm Mun,2011,759.0
Property Offenses,Columbia Shuswap,RCMP Provincial,Salmon Arm Prov,2011,244.0
Property Offenses,Capital,RCMP Provincial,Saltspring Island Prov,2011,242.0
Property Offenses,Strathcona,RCMP Provincial,Sayward Prov,2011,36.0
Property Offenses,Sunshine Coast,RCMP Municipal,Sechelt Mun,2011,381.0
Property Offenses,Cowichan Valley,RCMP Provincial,Shawnigan Lake Prov,2011,434.0
Property Offenses,Columbia Shuswap,RCMP Provincial,Sicamous Prov,2011,202.0
Property Offenses,Capital,RCMP Municipal,Sidney Mun,2011,414.0
Property Offenses,Capital,RCMP Provincial,Sidney Prov,2011,135.0
Property Offenses,Central Kootenay,RCMP Provincial,Slocan Lake Prov,2011,105.0
Property Offenses,Bulkley Nechako,RCMP Municipal,Smithers Mun,2011,480.0
Property Offenses,Bulkley Nechako,RCMP Provincial,Smithers Prov,2011,189.0
Property Offenses,Capital,RCMP Municipal,Sooke Mun,2011,462.0
Property Offenses,Capital,RCMP Provincial,Sooke Prov,2011,135.0
Property Offenses,Okanagan Similkameen,RCMP Provincial,South Okanagan/Oliver,2011,377.0
Property Offenses,Okanagan Similkameen,RCMP Provincial,South Okanagan/Osoyoos,2011,282.0
Property Offenses,North Okanagan,RCMP Municipal,Spallumcheen Mun,2011,NA
Property Offenses,Squamish Lillooet,RCMP Municipal,Squamish Mun,2011,988.0
Property Offenses,Squamish Lillooet,RCMP Provincial,Squamish Prov,2011,64.0
Property Offenses,Kitimat Stikine,RCMP Provincial,Stewart Prov,2011,27.0
Property Offenses,Squamish Lillooet,First Nations Aboriginal Police Service,Stl'atl'imx FNAPS,2011,106.0
Property Offenses,Okanagan Similkameen,RCMP Municipal,Summerland Mun,2011,311.0
Property Offenses,Sunshine Coast,RCMP Provincial,Sunshine Coast Prov,2011,810.0
Property Offenses,Metro Vancouver,RCMP Municipal,Surrey Mun,2011,27044.0
Property Offenses,Bulkley Nechako,RCMP Provincial,Takla Landing Prov,2011,36.0
Property Offenses,Kitimat Stikine,RCMP Municipal,Terrace Mun,2011,810.0
Property Offenses,Kitimat Stikine,RCMP Provincial,Terrace Prov,2011,241.0
Property Offenses,Powell River,RCMP Provincial,Texada Island Prov,2011,39.0
Property Offenses,Thompson Nicola,RCMP Provincial,T'Kumlups Prov,2011,457.0
Property Offenses,Alberni Clayoquot,RCMP Provincial,Tofino Prov,2011,244.0
Property Offenses,Kootenay Boundary,RCMP Municipal,Trail Mun,2011,385.0
Property Offenses,Kootenay Boundary,RCMP Provincial,Trail and Greater District,2011,197.0
Property Offenses,Fraser Fort George,RCMP Provincial,Tsay Keh Dene Prov,2011,58.0
Property Offenses,Peace River,RCMP Provincial,Tumbler Ridge Prov,2011,144.0
Property Offenses,Alberni Clayoquot,RCMP Provincial,Ucluelet Prov,2011,119.0
Property Offenses,Metro Vancouver,RCMP Provincial,University Prov,2011,840.0
Property Offenses,Fraser Fort George,RCMP Provincial,Valemount Prov,2011,88.0
Property Offenses,Metro Vancouver,Independent Municipal,Vancouver Mun,2011,31310.0
Property Offenses,Bulkley Nechako,RCMP Provincial,Vanderhoof Prov,2011,487.0
Property Offenses,North Okanagan,RCMP Municipal,Vernon Mun,2011,2471.0
Property Offenses,North Okanagan,RCMP Provincial,Vernon Prov,2011,312.0
Property Offenses,Capital,Independent Municipal,Victoria Mun,2011,6984.0
Property Offenses,Capital,RCMP Municipal,View Royal Mun,2011,332.0
Property Offenses,Cariboo,RCMP Provincial,Wells Prov,2011,16.0
Property Offenses,Central Okanagan,RCMP Municipal,West Kelowna Mun,2011,875.0
Property Offenses,Capital,RCMP Provincial,West Shore Prov,2011,211.0
Property Offenses,Metro Vancouver,Independent Municipal,West Vancouver Mun,2011,1114.0
Property Offenses,Squamish Lillooet,RCMP Municipal,Whistler Mun,2011,981.0
Property Offenses,Squamish Lillooet,RCMP Provincial,Whistler Prov,2011,14.0
Property Offenses,Metro Vancouver,RCMP Municipal,White Rock Mun,2011,804.0
Property Offenses,Cariboo,RCMP Municipal,Williams Lake Mun,2011,993.0
Property Offenses,Cariboo,RCMP Provincial,Williams Lake Prov,2011,229.0
Other CCC Offenses,Fraser Valley,Independent Municipal,Abbotsford Mun,2011,1112.0
Other CCC Offenses,Fraser Valley,RCMP Provincial,Agassiz Prov,2011,147.0
Other CCC Offenses,Mount Waddington,RCMP Provincial,Alert Bay Prov,2011,71.0
Other CCC Offenses,Cariboo,RCMP Provincial,Alexis Creek Prov,2011,61.0
Other CCC Offenses,Cariboo,RCMP Provincial,Anahim Lake Prov,2011,47.0
Other CCC Offenses,North Okanagan,RCMP Provincial,Armstrong Prov,2011,73.0
Other CCC Offenses,Thompson Nicola,RCMP Provincial,Ashcroft Prov,2011,58.0
Other CCC Offenses,Kitimat Stikine,RCMP Provincial,Atlin Prov,2011,29.0
Other CCC Offenses,Thompson Nicola,RCMP Provincial,Barriere Prov,2011,26.0
Other CCC Offenses,Central Coast,RCMP Provincial,Bella Bella Prov,2011,86.0
Other CCC Offenses,Central Coast,RCMP Provincial,Bella Coola Prov,2011,202.0
Other CCC Offenses,Fraser Valley,RCMP Provincial,Boston Bar Prov,2011,26.0
Other CCC Offenses,Kootenay Boundary,RCMP Provincial,Boundary/Grand Forks Prov,2011,120.0
Other CCC Offenses,Kootenay Boundary,RCMP Provincial,Boundary/Midway Prov,2011,55.0
Other CCC Offenses,Metro Vancouver,RCMP Provincial,Bowen Island Prov,2011,18.0
Other CCC Offenses,Metro Vancouver,RCMP Municipal,Burnaby Mun,2011,1600.0
Other CCC Offenses,Bulkley Nechako,RCMP Provincial,Burns Lake Prov,2011,322.0
Other CCC Offenses,Strathcona,RCMP Municipal,Campbell River Mun,2011,1257.0
Other CCC Offenses,Strathcona,RCMP Provincial,Campbell River Prov,2011,176.0
Other CCC Offenses,Central Kootenay,RCMP Municipal,Castlegar Mun,2011,198.0
Other CCC Offenses,Central Kootenay,RCMP Provincial,Castlegar Prov,2011,57.0
Other CCC Offenses,Capital,Independent Municipal,Central Saanich Mun,2011,59.0
Other CCC Offenses,Thompson Nicola,RCMP Provincial,Chase Prov,2011,149.0
Other CCC Offenses,Peace River,RCMP Provincial,Chetwynd Prov,2011,326.0
Other CCC Offenses,Fraser Valley,RCMP Municipal,Chilliwack Mun,2011,2067.0
Other CCC Offenses,Fraser Valley,RCMP Provincial,Chilliwack Prov,2011,160.0
Other CCC Offenses,Thompson Nicola,RCMP Provincial,Clearwater Prov,2011,62.0
Other CCC Offenses,Thompson Nicola,RCMP Provincial,Clinton Prov,2011,14.0
Other CCC Offenses,North Okanagan,RCMP Municipal,Coldstream Mun,2011,30.0
Other CCC Offenses,East Kootenay,RCMP Provincial,Columbia Valley Prov,2011,105.0
Other CCC Offenses,Capital,RCMP Municipal,Colwood Mun,2011,73.0
Other CCC Offenses,Comox Valley,RCMP Municipal,Comox Mun,2011,100.0
Other CCC Offenses,Comox Valley,RCMP Provincial,Comox Valley Prov,2011,206.0
Other CCC Offenses,Metro Vancouver,RCMP Municipal,Coquitlam Mun,2011,1980.0
Other CCC Offenses,Metro Vancouver,RCMP Provincial,Coquitlam Prov,2011,17.0
Other CCC Offenses,Comox Valley,RCMP Municipal,Courtenay Mun,2011,666.0
Other CCC Offenses,East Kootenay,RCMP Municipal,Cranbrook Mun,2011,506.0
Other CCC Offenses,East Kootenay,RCMP Provincial,Cranbrook Prov,2011,48.0
Other CCC Offenses,Central Kootenay,RCMP Municipal,Creston Mun,2011,NA
Other CCC Offenses,Central Kootenay,RCMP Provincial,Creston Prov,2011,211.0
Other CCC Offenses,Peace River,RCMP Municipal,Dawson Creek Mun,2011,650.0
Other CCC Offenses,Peace River,RCMP Provincial,Dawson Creek Prov,2011,53.0
Other CCC Offenses,Kitimat Stikine,RCMP Provincial,Dease Lake Prov,2011,47.0
Other CCC Offenses,Metro Vancouver,Independent Municipal,Delta Mun,2011,1199.0
Other CCC Offenses,Cowichan Valley,RCMP Provincial,Duncan Prov,2011,928.0
Other CCC Offenses,East Kootenay,RCMP Provincial,Elk Valley Prov,2011,227.0
Other CCC Offenses,North Okanagan,RCMP Provincial,Enderby Prov,2011,72.0
Other CCC Offenses,Columbia Shuswap,RCMP Provincial,Falkland Prov,2011,14.0
Other CCC Offenses,Bulkley Nechako,RCMP Provincial,Fort St James Prov,2011,408.0
Other CCC Offenses,Peace River,RCMP Municipal,Fort St John Mun,2011,975.0
Other CCC Offenses,Peace River,RCMP Provincial,Fort St John Prov,2011,68.0
Other CCC Offenses,Bulkley Nechako,RCMP Provincial,Fraser Lake Prov,2011,78.0
Other CCC Offenses,Nanaimo,RCMP Provincial,Gabriola Island Prov,2011,19.0
Other CCC Offenses,Columbia Shuswap,RCMP Provincial,Golden Prov,2011,162.0
Other CCC Offenses,Fraser Valley,RCMP Municipal,Hope Mun,2011,247.0
Other CCC Offenses,Fraser Valley,RCMP Provincial,Hope  Prov,2011,24.0
Other CCC Offenses,Bulkley Nechako,RCMP Provincial,Houston/Granisle Prov,2011,211.0
Other CCC Offenses,Peace River,RCMP Provincial,Hudson's Hope Prov,2011,11.0
Other CCC Offenses,Thompson Nicola,RCMP Municipal,Kamloops Mun,2011,1911.0
Other CCC Offenses,Central Kootenay,RCMP Provincial,Kaslo Prov,2011,17.0
Other CCC Offenses,Central Okanagan,RCMP Municipal,Kelowna Mun,2011,2874.0
Other CCC Offenses,Central Okanagan,RCMP Provincial,Kelowna Prov,2011,204.0
Other CCC Offenses,Fraser Valley,RCMP Municipal,Kent Mun,2011,85.0
Other CCC Offenses,Okanagan Similkameen,RCMP Provincial,Keremeos Prov,2011,118.0
Other CCC Offenses,East Kootenay,RCMP Municipal,Kimberley Mun,2011,57.0
Other CCC Offenses,East Kootenay,RCMP Provincial,Kimberley Prov,2011,6.0
Other CCC Offenses,Kitimat Stikine,RCMP Municipal,Kitimat Mun,2011,338.0
Other CCC Offenses,Kitimat Stikine,RCMP Provincial,Kitimat Prov,2011,12.0
Other CCC Offenses,Cowichan Valley,RCMP Municipal,Ladysmith Mun,2011,90.0
Other CCC Offenses,Cowichan Valley,RCMP Provincial,Ladysmith Prov,2011,39.0
Other CCC Offenses,Central Okanagan,RCMP Municipal,Lake Country Mun,2011,88.0
Other CCC Offenses,Cowichan Valley,RCMP Provincial,Lake Cowichan Prov,2011,98.0
Other CCC Offenses,Capital,RCMP Municipal,Langford Mun,2011,241.0
Other CCC Offenses,Metro Vancouver,RCMP Municipal,Langley City Mun,2011,920.0
Other CCC Offenses,Metro Vancouver,RCMP Municipal,Langley Township Mun,2011,1241.0
Other CCC Offenses,Squamish Lillooet,RCMP Provincial,Lillooet Prov,2011,176.0
Other CCC Offenses,Kitimat Stikine,RCMP Provincial,Lisims/Nass Valley Prov,2011,122.0
Other CCC Offenses,Thompson Nicola,RCMP Provincial,Logan Lake Prov,2011,35.0
Other CCC Offenses,North Okanagan,RCMP Provincial,Lumby Prov,2011,33.0
Other CCC Offenses,Thompson Nicola,RCMP Provincial,Lytton Prov,2011,67.0
Other CCC Offenses,Fraser Fort George,RCMP Provincial,Mackenzie Prov,2011,164.0
Other CCC Offenses,Metro Vancouver,RCMP Municipal,Maple Ridge Mun,2011,1543.0
Other CCC Offenses,North Coast Regional District (22),RCMP Provincial,Masset Prov,2011,103.0
Other CCC Offenses,Fraser Fort George,RCMP Provincial,McBride Prov,2011,14.0
Other CCC Offenses,Thompson Nicola,RCMP Municipal,Merritt Mun,2011,313.0
Other CCC Offenses,Thompson Nicola,RCMP Provincial,Merritt Prov,2011,62.0
Other CCC Offenses,Fraser Valley,RCMP Municipal,Mission Mun,2011,712.0
Other CCC Offenses,Fraser Valley,RCMP Provincial,Mission Prov,2011,39.0
Other CCC Offenses,Central Kootenay,RCMP Provincial,Nakusp Prov,2011,25.0
Other CCC Offenses,Nanaimo,RCMP Municipal,Nanaimo Mun,2011,2455.0
Other CCC Offenses,Nanaimo,RCMP Provincial,Nanaimo Prov,2011,79.0
Other CCC Offenses,Central Kootenay,Independent Municipal,Nelson Mun,2011,211.0
Other CCC Offenses,Central Kootenay,RCMP Provincial,Nelson Prov,2011,44.0
Other CCC Offenses,Kitimat Stikine,RCMP Provincial,New Hazelton Prov,2011,423.0
Other CCC Offenses,Metro Vancouver,Independent Municipal,New Westminster Mun,2011,1286.0
Other CCC Offenses,Strathcona,RCMP Provincial,Nootka Sound Prov,2011,30.0
Other CCC Offenses,Cowichan Valley,RCMP Municipal,North Cowichan Mun,2011,708.0
Other CCC Offenses,Capital,RCMP Municipal,North Saanich Mun,2011,68.0
Other CCC Offenses,Metro Vancouver,RCMP Municipal,North Vancouver City Mun,2011,1320.0
Other CCC Offenses,Metro Vancouver,RCMP Municipal,North Vancouver District Mun,2011,938.0
Other CCC Offenses,Metro Vancouver,RCMP Provincial,North Vancouver Prov,2011,150.0
Other CCC Offenses,Northern Rockies,RCMP Municipal,Northern Rockies Mun,2011,NA
Other CCC Offenses,Northern Rockies,RCMP Provincial,Northern Rockies Prov,2011,493.0
Other CCC Offenses,Capital,Independent Municipal,Oak Bay Mun,2011,41.0
Other CCC Offenses,Nanaimo,RCMP Provincial,Oceanside Prov,2011,116.0
Other CCC Offenses,Cariboo,RCMP Provincial,One Hundred Mile House Prov,2011,155.0
Other CCC Offenses,Capital,RCMP Provincial,Outer Gulf  Islands Prov,2011,17.0
Other CCC Offenses,Nanaimo,RCMP Municipal,Parksville Mun,2011,154.0
Other CCC Offenses,Central Okanagan,RCMP Municipal,Peachland Mun,2011,NA
Other CCC Offenses,Squamish Lillooet,RCMP Provincial,Pemberton Prov,2011,67.0
Other CCC Offenses,Okanagan Similkameen,RCMP Municipal,Penticton Mun,2011,1044.0
Other CCC Offenses,Okanagan Similkameen,RCMP Provincial,Penticton Prov,2011,98.0
Other CCC Offenses,Metro Vancouver,RCMP Municipal,Pitt Meadows Mun,2011,286.0
Other CCC Offenses,Alberni Clayoquot,RCMP Municipal,Port Alberni Mun,2011,865.0
Other CCC Offenses,Alberni Clayoquot,RCMP Provincial,Port Alberni Prov,2011,67.0
Other CCC Offenses,Mount Waddington,RCMP Provincial,Port Alice Prov,2011,9.0
Other CCC Offenses,Metro Vancouver,RCMP Municipal,Port Coquitlam Mun,2011,1205.0
Other CCC Offenses,Mount Waddington,RCMP Provincial,Port Hardy Prov,2011,326.0
Other CCC Offenses,Mount Waddington,RCMP Provincial,Port McNeill Prov,2011,59.0
Other CCC Offenses,Metro Vancouver,Independent Municipal,Port Moody Mun,2011,169.0
Other CCC Offenses,Powell River,RCMP Municipal,Powell River Mun,2011,212.0
Other CCC Offenses,Powell River,RCMP Provincial,Powell River Prov,2011,73.0
Other CCC Offenses,Fraser Fort George,RCMP Municipal,Prince George Mun,2011,3812.0
Other CCC Offenses,Fraser Fort George,RCMP Provincial,Prince George Prov,2011,106.0
Other CCC Offenses,North Coast Regional District (22),RCMP Municipal,Prince Rupert Mun,2011,1763.0
Other CCC Offenses,North Coast Regional District (22),RCMP Provincial,Prince Rupert Prov,2011,111.0
Other CCC Offenses,Okanagan Similkameen,RCMP Provincial,Princeton Prov,2011,96.0
Other CCC Offenses,Strathcona,RCMP Provincial,Quadra Island Prov,2011,42.0
Other CCC Offenses,Nanaimo,RCMP Municipal,Qualicum Beach Mun,2011,30.0
Other CCC Offenses,North Coast Regional District (22),RCMP Provincial,Queen Charlotte Prov,2011,42.0
Other CCC Offenses,Cariboo,RCMP Municipal,Quesnel Mun,2011,822.0
Other CCC Offenses,Cariboo,RCMP Provincial,Quesnel Prov,2011,150.0
Other CCC Offenses,Columbia Shuswap,RCMP Municipal,Revelstoke Mun,2011,146.0
Other CCC Offenses,Columbia Shuswap,RCMP Provincial,Revelstoke Prov,2011,10.0
Other CCC Offenses,Metro Vancouver,RCMP Municipal,Richmond Mun,2011,2237.0
Other CCC Offenses,Metro Vancouver,RCMP Provincial,Ridge Meadows Prov,2011,262.0
Other CCC Offenses,Capital,Independent Municipal,Saanich Mun,2011,512.0
Other CCC Offenses,Central Kootenay,RCMP Provincial,Salmo Prov,2011,65.0
Other CCC Offenses,Columbia Shuswap,RCMP Municipal,Salmon Arm Mun,2011,329.0
Other CCC Offenses,Columbia Shuswap,RCMP Provincial,Salmon Arm Prov,2011,70.0
Other CCC Offenses,Capital,RCMP Provincial,Saltspring Island Prov,2011,130.0
Other CCC Offenses,Strathcona,RCMP Provincial,Sayward Prov,2011,9.0
Other CCC Offenses,Sunshine Coast,RCMP Municipal,Sechelt Mun,2011,161.0
Other CCC Offenses,Cowichan Valley,RCMP Provincial,Shawnigan Lake Prov,2011,130.0
Other CCC Offenses,Columbia Shuswap,RCMP Provincial,Sicamous Prov,2011,49.0
Other CCC Offenses,Capital,RCMP Municipal,Sidney Mun,2011,124.0
Other CCC Offenses,Capital,RCMP Provincial,Sidney Prov,2011,112.0
Other CCC Offenses,Central Kootenay,RCMP Provincial,Slocan Lake Prov,2011,36.0
Other CCC Offenses,Bulkley Nechako,RCMP Municipal,Smithers Mun,2011,241.0
Other CCC Offenses,Bulkley Nechako,RCMP Provincial,Smithers Prov,2011,75.0
Other CCC Offenses,Capital,RCMP Municipal,Sooke Mun,2011,117.0
Other CCC Offenses,Capital,RCMP Provincial,Sooke Prov,2011,24.0
Other CCC Offenses,Okanagan Similkameen,RCMP Provincial,South Okanagan/Oliver,2011,113.0
Other CCC Offenses,Okanagan Similkameen,RCMP Provincial,South Okanagan/Osoyoos,2011,142.0
Other CCC Offenses,North Okanagan,RCMP Municipal,Spallumcheen Mun,2011,NA
Other CCC Offenses,Squamish Lillooet,RCMP Municipal,Squamish Mun,2011,477.0
Other CCC Offenses,Squamish Lillooet,RCMP Provincial,Squamish Prov,2011,29.0
Other CCC Offenses,Kitimat Stikine,RCMP Provincial,Stewart Prov,2011,12.0
Other CCC Offenses,Squamish Lillooet,First Nations Aboriginal Police Service,Stl'atl'imx FNAPS,2011,116.0
Other CCC Offenses,Okanagan Similkameen,RCMP Municipal,Summerland Mun,2011,83.0
Other CCC Offenses,Sunshine Coast,RCMP Provincial,Sunshine Coast Prov,2011,358.0
Other CCC Offenses,Metro Vancouver,RCMP Municipal,Surrey Mun,2011,8239.0
Other CCC Offenses,Bulkley Nechako,RCMP Provincial,Takla Landing Prov,2011,63.0
Other CCC Offenses,Kitimat Stikine,RCMP Municipal,Terrace Mun,2011,939.0
Other CCC Offenses,Kitimat Stikine,RCMP Provincial,Terrace Prov,2011,146.0
Other CCC Offenses,Powell River,RCMP Provincial,Texada Island Prov,2011,8.0
Other CCC Offenses,Thompson Nicola,RCMP Provincial,T'Kumlups Prov,2011,89.0
Other CCC Offenses,Alberni Clayoquot,RCMP Provincial,Tofino Prov,2011,197.0
Other CCC Offenses,Kootenay Boundary,RCMP Municipal,Trail Mun,2011,273.0
Other CCC Offenses,Kootenay Boundary,RCMP Provincial,Trail and Greater District,2011,120.0
Other CCC Offenses,Fraser Fort George,RCMP Provincial,Tsay Keh Dene Prov,2011,95.0
Other CCC Offenses,Peace River,RCMP Provincial,Tumbler Ridge Prov,2011,68.0
Other CCC Offenses,Alberni Clayoquot,RCMP Provincial,Ucluelet Prov,2011,62.0
Other CCC Offenses,Metro Vancouver,RCMP Provincial,University Prov,2011,218.0
Other CCC Offenses,Fraser Fort George,RCMP Provincial,Valemount Prov,2011,48.0
Other CCC Offenses,Metro Vancouver,Independent Municipal,Vancouver Mun,2011,7437.0
Other CCC Offenses,Bulkley Nechako,RCMP Provincial,Vanderhoof Prov,2011,350.0
Other CCC Offenses,North Okanagan,RCMP Municipal,Vernon Mun,2011,785.0
Other CCC Offenses,North Okanagan,RCMP Provincial,Vernon Prov,2011,56.0
Other CCC Offenses,Capital,Independent Municipal,Victoria Mun,2011,2105.0
Other CCC Offenses,Capital,RCMP Municipal,View Royal Mun,2011,67.0
Other CCC Offenses,Cariboo,RCMP Provincial,Wells Prov,2011,6.0
Other CCC Offenses,Central Okanagan,RCMP Municipal,West Kelowna Mun,2011,223.0
Other CCC Offenses,Capital,RCMP Provincial,West Shore Prov,2011,66.0
Other CCC Offenses,Metro Vancouver,Independent Municipal,West Vancouver Mun,2011,216.0
Other CCC Offenses,Squamish Lillooet,RCMP Municipal,Whistler Mun,2011,388.0
Other CCC Offenses,Squamish Lillooet,RCMP Provincial,Whistler Prov,2011,3.0
Other CCC Offenses,Metro Vancouver,RCMP Municipal,White Rock Mun,2011,237.0
Other CCC Offenses,Cariboo,RCMP Municipal,Williams Lake Mun,2011,908.0
Other CCC Offenses,Cariboo,RCMP Provincial,Williams Lake Prov,2011,130.0
Homicide,Fraser Valley,Independent Municipal,Abbotsford Mun,2011,0.0
Homicide,Fraser Valley,RCMP Provincial,Agassiz Prov,2011,0.0
Homicide,Mount Waddington,RCMP Provincial,Alert Bay Prov,2011,0.0
Homicide,Cariboo,RCMP Provincial,Alexis Creek Prov,2011,0.0
Homicide,Cariboo,RCMP Provincial,Anahim Lake Prov,2011,0.0
Homicide,North Okanagan,RCMP Provincial,Armstrong Prov,2011,1.0
Homicide,Thompson Nicola,RCMP Provincial,Ashcroft Prov,2011,1.0
Homicide,Kitimat Stikine,RCMP Provincial,Atlin Prov,2011,0.0
Homicide,Thompson Nicola,RCMP Provincial,Barriere Prov,2011,0.0
Homicide,Central Coast,RCMP Provincial,Bella Bella Prov,2011,0.0
Homicide,Central Coast,RCMP Provincial,Bella Coola Prov,2011,0.0
Homicide,Fraser Valley,RCMP Provincial,Boston Bar Prov,2011,0.0
Homicide,Kootenay Boundary,RCMP Provincial,Boundary/Grand Forks Prov,2011,0.0
Homicide,Kootenay Boundary,RCMP Provincial,Boundary/Midway Prov,2011,0.0
Homicide,Metro Vancouver,RCMP Provincial,Bowen Island Prov,2011,0.0
Homicide,Metro Vancouver,RCMP Municipal,Burnaby Mun,2011,3.0
Homicide,Bulkley Nechako,RCMP Provincial,Burns Lake Prov,2011,1.0
Homicide,Strathcona,RCMP Municipal,Campbell River Mun,2011,4.0
Homicide,Strathcona,RCMP Provincial,Campbell River Prov,2011,0.0
Homicide,Central Kootenay,RCMP Municipal,Castlegar Mun,2011,0.0
Homicide,Central Kootenay,RCMP Provincial,Castlegar Prov,2011,0.0
Homicide,Capital,Independent Municipal,Central Saanich Mun,2011,0.0
Homicide,Thompson Nicola,RCMP Provincial,Chase Prov,2011,0.0
Homicide,Peace River,RCMP Provincial,Chetwynd Prov,2011,0.0
Homicide,Fraser Valley,RCMP Municipal,Chilliwack Mun,2011,0.0
Homicide,Fraser Valley,RCMP Provincial,Chilliwack Prov,2011,0.0
Homicide,Thompson Nicola,RCMP Provincial,Clearwater Prov,2011,0.0
Homicide,Thompson Nicola,RCMP Provincial,Clinton Prov,2011,0.0
Homicide,North Okanagan,RCMP Municipal,Coldstream Mun,2011,0.0
Homicide,East Kootenay,RCMP Provincial,Columbia Valley Prov,2011,0.0
Homicide,Capital,RCMP Municipal,Colwood Mun,2011,0.0
Homicide,Comox Valley,RCMP Municipal,Comox Mun,2011,0.0
Homicide,Comox Valley,RCMP Provincial,Comox Valley Prov,2011,0.0
Homicide,Metro Vancouver,RCMP Municipal,Coquitlam Mun,2011,2.0
Homicide,Metro Vancouver,RCMP Provincial,Coquitlam Prov,2011,0.0
Homicide,Comox Valley,RCMP Municipal,Courtenay Mun,2011,1.0
Homicide,East Kootenay,RCMP Municipal,Cranbrook Mun,2011,1.0
Homicide,East Kootenay,RCMP Provincial,Cranbrook Prov,2011,0.0
Homicide,Central Kootenay,RCMP Municipal,Creston Mun,2011,NA
Homicide,Central Kootenay,RCMP Provincial,Creston Prov,2011,0.0
Homicide,Peace River,RCMP Municipal,Dawson Creek Mun,2011,1.0
Homicide,Peace River,RCMP Provincial,Dawson Creek Prov,2011,0.0
Homicide,Kitimat Stikine,RCMP Provincial,Dease Lake Prov,2011,0.0
Homicide,Metro Vancouver,Independent Municipal,Delta Mun,2011,1.0
Homicide,Cowichan Valley,RCMP Provincial,Duncan Prov,2011,1.0
Homicide,East Kootenay,RCMP Provincial,Elk Valley Prov,2011,0.0
Homicide,North Okanagan,RCMP Provincial,Enderby Prov,2011,0.0
Homicide,Columbia Shuswap,RCMP Provincial,Falkland Prov,2011,0.0
Homicide,Bulkley Nechako,RCMP Provincial,Fort St James Prov,2011,0.0
Homicide,Peace River,RCMP Municipal,Fort St John Mun,2011,0.0
Homicide,Peace River,RCMP Provincial,Fort St John Prov,2011,0.0
Homicide,Bulkley Nechako,RCMP Provincial,Fraser Lake Prov,2011,0.0
Homicide,Nanaimo,RCMP Provincial,Gabriola Island Prov,2011,1.0
Homicide,Columbia Shuswap,RCMP Provincial,Golden Prov,2011,0.0
Homicide,Fraser Valley,RCMP Municipal,Hope Mun,2011,1.0
Homicide,Fraser Valley,RCMP Provincial,Hope  Prov,2011,1.0
Homicide,Bulkley Nechako,RCMP Provincial,Houston/Granisle Prov,2011,0.0
Homicide,Peace River,RCMP Provincial,Hudson's Hope Prov,2011,0.0
Homicide,Thompson Nicola,RCMP Municipal,Kamloops Mun,2011,2.0
Homicide,Central Kootenay,RCMP Provincial,Kaslo Prov,2011,0.0
Homicide,Central Okanagan,RCMP Municipal,Kelowna Mun,2011,2.0
Homicide,Central Okanagan,RCMP Provincial,Kelowna Prov,2011,0.0
Homicide,Fraser Valley,RCMP Municipal,Kent Mun,2011,0.0
Homicide,Okanagan Similkameen,RCMP Provincial,Keremeos Prov,2011,0.0
Homicide,East Kootenay,RCMP Municipal,Kimberley Mun,2011,0.0
Homicide,East Kootenay,RCMP Provincial,Kimberley Prov,2011,0.0
Homicide,Kitimat Stikine,RCMP Municipal,Kitimat Mun,2011,1.0
Homicide,Kitimat Stikine,RCMP Provincial,Kitimat Prov,2011,0.0
Homicide,Cowichan Valley,RCMP Municipal,Ladysmith Mun,2011,0.0
Homicide,Cowichan Valley,RCMP Provincial,Ladysmith Prov,2011,0.0
Homicide,Central Okanagan,RCMP Municipal,Lake Country Mun,2011,0.0
Homicide,Cowichan Valley,RCMP Provincial,Lake Cowichan Prov,2011,0.0
Homicide,Capital,RCMP Municipal,Langford Mun,2011,2.0
Homicide,Metro Vancouver,RCMP Municipal,Langley City Mun,2011,2.0
Homicide,Metro Vancouver,RCMP Municipal,Langley Township Mun,2011,0.0
Homicide,Squamish Lillooet,RCMP Provincial,Lillooet Prov,2011,0.0
Homicide,Kitimat Stikine,RCMP Provincial,Lisims/Nass Valley Prov,2011,0.0
Homicide,Thompson Nicola,RCMP Provincial,Logan Lake Prov,2011,0.0
Homicide,North Okanagan,RCMP Provincial,Lumby Prov,2011,0.0
Homicide,Thompson Nicola,RCMP Provincial,Lytton Prov,2011,0.0
Homicide,Fraser Fort George,RCMP Provincial,Mackenzie Prov,2011,1.0
Homicide,Metro Vancouver,RCMP Municipal,Maple Ridge Mun,2011,0.0
Homicide,North Coast Regional District (22),RCMP Provincial,Masset Prov,2011,0.0
Homicide,Fraser Fort George,RCMP Provincial,McBride Prov,2011,0.0
Homicide,Thompson Nicola,RCMP Municipal,Merritt Mun,2011,1.0
Homicide,Thompson Nicola,RCMP Provincial,Merritt Prov,2011,0.0
Homicide,Fraser Valley,RCMP Municipal,Mission Mun,2011,1.0
Homicide,Fraser Valley,RCMP Provincial,Mission Prov,2011,0.0
Homicide,Central Kootenay,RCMP Provincial,Nakusp Prov,2011,0.0
Homicide,Nanaimo,RCMP Municipal,Nanaimo Mun,2011,1.0
Homicide,Nanaimo,RCMP Provincial,Nanaimo Prov,2011,0.0
Homicide,Central Kootenay,Independent Municipal,Nelson Mun,2011,0.0
Homicide,Central Kootenay,RCMP Provincial,Nelson Prov,2011,0.0
Homicide,Kitimat Stikine,RCMP Provincial,New Hazelton Prov,2011,0.0
Homicide,Metro Vancouver,Independent Municipal,New Westminster Mun,2011,0.0
Homicide,Strathcona,RCMP Provincial,Nootka Sound Prov,2011,0.0
Homicide,Cowichan Valley,RCMP Municipal,North Cowichan Mun,2011,0.0
Homicide,Capital,RCMP Municipal,North Saanich Mun,2011,0.0
Homicide,Metro Vancouver,RCMP Municipal,North Vancouver City Mun,2011,1.0
Homicide,Metro Vancouver,RCMP Municipal,North Vancouver District Mun,2011,0.0
Homicide,Metro Vancouver,RCMP Provincial,North Vancouver Prov,2011,0.0
Homicide,Northern Rockies,RCMP Municipal,Northern Rockies Mun,2011,NA
Homicide,Northern Rockies,RCMP Provincial,Northern Rockies Prov,2011,0.0
Homicide,Capital,Independent Municipal,Oak Bay Mun,2011,0.0
Homicide,Nanaimo,RCMP Provincial,Oceanside Prov,2011,1.0
Homicide,Cariboo,RCMP Provincial,One Hundred Mile House Prov,2011,0.0
Homicide,Capital,RCMP Provincial,Outer Gulf  Islands Prov,2011,0.0
Homicide,Nanaimo,RCMP Municipal,Parksville Mun,2011,0.0
Homicide,Central Okanagan,RCMP Municipal,Peachland Mun,2011,NA
Homicide,Squamish Lillooet,RCMP Provincial,Pemberton Prov,2011,0.0
Homicide,Okanagan Similkameen,RCMP Municipal,Penticton Mun,2011,1.0
Homicide,Okanagan Similkameen,RCMP Provincial,Penticton Prov,2011,1.0
Homicide,Metro Vancouver,RCMP Municipal,Pitt Meadows Mun,2011,0.0
Homicide,Alberni Clayoquot,RCMP Municipal,Port Alberni Mun,2011,1.0
Homicide,Alberni Clayoquot,RCMP Provincial,Port Alberni Prov,2011,0.0
Homicide,Mount Waddington,RCMP Provincial,Port Alice Prov,2011,0.0
Homicide,Metro Vancouver,RCMP Municipal,Port Coquitlam Mun,2011,0.0
Homicide,Mount Waddington,RCMP Provincial,Port Hardy Prov,2011,0.0
Homicide,Mount Waddington,RCMP Provincial,Port McNeill Prov,2011,0.0
Homicide,Metro Vancouver,Independent Municipal,Port Moody Mun,2011,0.0
Homicide,Powell River,RCMP Municipal,Powell River Mun,2011,0.0
Homicide,Powell River,RCMP Provincial,Powell River Prov,2011,0.0
Homicide,Fraser Fort George,RCMP Municipal,Prince George Mun,2011,1.0
Homicide,Fraser Fort George,RCMP Provincial,Prince George Prov,2011,0.0
Homicide,North Coast Regional District (22),RCMP Municipal,Prince Rupert Mun,2011,0.0
Homicide,North Coast Regional District (22),RCMP Provincial,Prince Rupert Prov,2011,0.0
Homicide,Okanagan Similkameen,RCMP Provincial,Princeton Prov,2011,1.0
Homicide,Strathcona,RCMP Provincial,Quadra Island Prov,2011,0.0
Homicide,Nanaimo,RCMP Municipal,Qualicum Beach Mun,2011,0.0
Homicide,North Coast Regional District (22),RCMP Provincial,Queen Charlotte Prov,2011,0.0
Homicide,Cariboo,RCMP Municipal,Quesnel Mun,2011,0.0
Homicide,Cariboo,RCMP Provincial,Quesnel Prov,2011,0.0
Homicide,Columbia Shuswap,RCMP Municipal,Revelstoke Mun,2011,0.0
Homicide,Columbia Shuswap,RCMP Provincial,Revelstoke Prov,2011,1.0
Homicide,Metro Vancouver,RCMP Municipal,Richmond Mun,2011,1.0
Homicide,Metro Vancouver,RCMP Provincial,Ridge Meadows Prov,2011,1.0
Homicide,Capital,Independent Municipal,Saanich Mun,2011,1.0
Homicide,Central Kootenay,RCMP Provincial,Salmo Prov,2011,0.0
Homicide,Columbia Shuswap,RCMP Municipal,Salmon Arm Mun,2011,2.0
Homicide,Columbia Shuswap,RCMP Provincial,Salmon Arm Prov,2011,1.0
Homicide,Capital,RCMP Provincial,Saltspring Island Prov,2011,0.0
Homicide,Strathcona,RCMP Provincial,Sayward Prov,2011,0.0
Homicide,Sunshine Coast,RCMP Municipal,Sechelt Mun,2011,0.0
Homicide,Cowichan Valley,RCMP Provincial,Shawnigan Lake Prov,2011,0.0
Homicide,Columbia Shuswap,RCMP Provincial,Sicamous Prov,2011,0.0
Homicide,Capital,RCMP Municipal,Sidney Mun,2011,0.0
Homicide,Capital,RCMP Provincial,Sidney Prov,2011,0.0
Homicide,Central Kootenay,RCMP Provincial,Slocan Lake Prov,2011,0.0
Homicide,Bulkley Nechako,RCMP Municipal,Smithers Mun,2011,0.0
Homicide,Bulkley Nechako,RCMP Provincial,Smithers Prov,2011,0.0
Homicide,Capital,RCMP Municipal,Sooke Mun,2011,0.0
Homicide,Capital,RCMP Provincial,Sooke Prov,2011,0.0
Homicide,Okanagan Similkameen,RCMP Provincial,South Okanagan/Oliver,2011,1.0
Homicide,Okanagan Similkameen,RCMP Provincial,South Okanagan/Osoyoos,2011,0.0
Homicide,North Okanagan,RCMP Municipal,Spallumcheen Mun,2011,NA
Homicide,Squamish Lillooet,RCMP Municipal,Squamish Mun,2011,0.0
Homicide,Squamish Lillooet,RCMP Provincial,Squamish Prov,2011,1.0
Homicide,Kitimat Stikine,RCMP Provincial,Stewart Prov,2011,0.0
Homicide,Squamish Lillooet,First Nations Aboriginal Police Service,Stl'atl'imx FNAPS,2011,0.0
Homicide,Okanagan Similkameen,RCMP Municipal,Summerland Mun,2011,0.0
Homicide,Sunshine Coast,RCMP Provincial,Sunshine Coast Prov,2011,0.0
Homicide,Metro Vancouver,RCMP Municipal,Surrey Mun,2011,16.0
Homicide,Bulkley Nechako,RCMP Provincial,Takla Landing Prov,2011,0.0
Homicide,Kitimat Stikine,RCMP Municipal,Terrace Mun,2011,1.0
Homicide,Kitimat Stikine,RCMP Provincial,Terrace Prov,2011,0.0
Homicide,Powell River,RCMP Provincial,Texada Island Prov,2011,0.0
Homicide,Thompson Nicola,RCMP Provincial,T'Kumlups Prov,2011,0.0
Homicide,Alberni Clayoquot,RCMP Provincial,Tofino Prov,2011,1.0
Homicide,Kootenay Boundary,RCMP Municipal,Trail Mun,2011,1.0
Homicide,Kootenay Boundary,RCMP Provincial,Trail and Greater District,2011,0.0
Homicide,Fraser Fort George,RCMP Provincial,Tsay Keh Dene Prov,2011,0.0
Homicide,Peace River,RCMP Provincial,Tumbler Ridge Prov,2011,0.0
Homicide,Alberni Clayoquot,RCMP Provincial,Ucluelet Prov,2011,0.0
Homicide,Metro Vancouver,RCMP Provincial,University Prov,2011,0.0
Homicide,Fraser Fort George,RCMP Provincial,Valemount Prov,2011,0.0
Homicide,Metro Vancouver,Independent Municipal,Vancouver Mun,2011,15.0
Homicide,Bulkley Nechako,RCMP Provincial,Vanderhoof Prov,2011,0.0
Homicide,North Okanagan,RCMP Municipal,Vernon Mun,2011,0.0
Homicide,North Okanagan,RCMP Provincial,Vernon Prov,2011,0.0
Homicide,Capital,Independent Municipal,Victoria Mun,2011,3.0
Homicide,Capital,RCMP Municipal,View Royal Mun,2011,0.0
Homicide,Cariboo,RCMP Provincial,Wells Prov,2011,0.0
Homicide,Central Okanagan,RCMP Municipal,West Kelowna Mun,2011,0.0
Homicide,Capital,RCMP Provincial,West Shore Prov,2011,0.0
Homicide,Metro Vancouver,Independent Municipal,West Vancouver Mun,2011,1.0
Homicide,Squamish Lillooet,RCMP Municipal,Whistler Mun,2011,0.0
Homicide,Squamish Lillooet,RCMP Provincial,Whistler Prov,2011,0.0
Homicide,Metro Vancouver,RCMP Municipal,White Rock Mun,2011,0.0
Homicide,Cariboo,RCMP Municipal,Williams Lake Mun,2011,0.0
Homicide,Cariboo,RCMP Provincial,Williams Lake Prov,2011,0.0
Motor Vehicle Theft,Fraser Valley,Independent Municipal,Abbotsford Mun,2011,551.0
Motor Vehicle Theft,Fraser Valley,RCMP Provincial,Agassiz Prov,2011,34.0
Motor Vehicle Theft,Mount Waddington,RCMP Provincial,Alert Bay Prov,2011,3.0
Motor Vehicle Theft,Cariboo,RCMP Provincial,Alexis Creek Prov,2011,5.0
Motor Vehicle Theft,Cariboo,RCMP Provincial,Anahim Lake Prov,2011,0.0
Motor Vehicle Theft,North Okanagan,RCMP Provincial,Armstrong Prov,2011,27.0
Motor Vehicle Theft,Thompson Nicola,RCMP Provincial,Ashcroft Prov,2011,11.0
Motor Vehicle Theft,Kitimat Stikine,RCMP Provincial,Atlin Prov,2011,1.0
Motor Vehicle Theft,Thompson Nicola,RCMP Provincial,Barriere Prov,2011,8.0
Motor Vehicle Theft,Central Coast,RCMP Provincial,Bella Bella Prov,2011,1.0
Motor Vehicle Theft,Central Coast,RCMP Provincial,Bella Coola Prov,2011,3.0
Motor Vehicle Theft,Fraser Valley,RCMP Provincial,Boston Bar Prov,2011,12.0
Motor Vehicle Theft,Kootenay Boundary,RCMP Provincial,Boundary/Grand Forks Prov,2011,16.0
Motor Vehicle Theft,Kootenay Boundary,RCMP Provincial,Boundary/Midway Prov,2011,8.0
Motor Vehicle Theft,Metro Vancouver,RCMP Provincial,Bowen Island Prov,2011,1.0
Motor Vehicle Theft,Metro Vancouver,RCMP Municipal,Burnaby Mun,2011,650.0
Motor Vehicle Theft,Bulkley Nechako,RCMP Provincial,Burns Lake Prov,2011,12.0
Motor Vehicle Theft,Strathcona,RCMP Municipal,Campbell River Mun,2011,78.0
Motor Vehicle Theft,Strathcona,RCMP Provincial,Campbell River Prov,2011,17.0
Motor Vehicle Theft,Central Kootenay,RCMP Municipal,Castlegar Mun,2011,2.0
Motor Vehicle Theft,Central Kootenay,RCMP Provincial,Castlegar Prov,2011,6.0
Motor Vehicle Theft,Capital,Independent Municipal,Central Saanich Mun,2011,11.0
Motor Vehicle Theft,Thompson Nicola,RCMP Provincial,Chase Prov,2011,26.0
Motor Vehicle Theft,Peace River,RCMP Provincial,Chetwynd Prov,2011,29.0
Motor Vehicle Theft,Fraser Valley,RCMP Municipal,Chilliwack Mun,2011,362.0
Motor Vehicle Theft,Fraser Valley,RCMP Provincial,Chilliwack Prov,2011,27.0
Motor Vehicle Theft,Thompson Nicola,RCMP Provincial,Clearwater Prov,2011,12.0
Motor Vehicle Theft,Thompson Nicola,RCMP Provincial,Clinton Prov,2011,6.0
Motor Vehicle Theft,North Okanagan,RCMP Municipal,Coldstream Mun,2011,24.0
Motor Vehicle Theft,East Kootenay,RCMP Provincial,Columbia Valley Prov,2011,19.0
Motor Vehicle Theft,Capital,RCMP Municipal,Colwood Mun,2011,22.0
Motor Vehicle Theft,Comox Valley,RCMP Municipal,Comox Mun,2011,5.0
Motor Vehicle Theft,Comox Valley,RCMP Provincial,Comox Valley Prov,2011,40.0
Motor Vehicle Theft,Metro Vancouver,RCMP Municipal,Coquitlam Mun,2011,284.0
Motor Vehicle Theft,Metro Vancouver,RCMP Provincial,Coquitlam Prov,2011,3.0
Motor Vehicle Theft,Comox Valley,RCMP Municipal,Courtenay Mun,2011,66.0
Motor Vehicle Theft,East Kootenay,RCMP Municipal,Cranbrook Mun,2011,51.0
Motor Vehicle Theft,East Kootenay,RCMP Provincial,Cranbrook Prov,2011,21.0
Motor Vehicle Theft,Central Kootenay,RCMP Municipal,Creston Mun,2011,NA
Motor Vehicle Theft,Central Kootenay,RCMP Provincial,Creston Prov,2011,33.0
Motor Vehicle Theft,Peace River,RCMP Municipal,Dawson Creek Mun,2011,37.0
Motor Vehicle Theft,Peace River,RCMP Provincial,Dawson Creek Prov,2011,19.0
Motor Vehicle Theft,Kitimat Stikine,RCMP Provincial,Dease Lake Prov,2011,2.0
Motor Vehicle Theft,Metro Vancouver,Independent Municipal,Delta Mun,2011,246.0
Motor Vehicle Theft,Cowichan Valley,RCMP Provincial,Duncan Prov,2011,25.0
Motor Vehicle Theft,East Kootenay,RCMP Provincial,Elk Valley Prov,2011,32.0
Motor Vehicle Theft,North Okanagan,RCMP Provincial,Enderby Prov,2011,14.0
Motor Vehicle Theft,Columbia Shuswap,RCMP Provincial,Falkland Prov,2011,8.0
Motor Vehicle Theft,Bulkley Nechako,RCMP Provincial,Fort St James Prov,2011,13.0
Motor Vehicle Theft,Peace River,RCMP Municipal,Fort St John Mun,2011,101.0
Motor Vehicle Theft,Peace River,RCMP Provincial,Fort St John Prov,2011,30.0
Motor Vehicle Theft,Bulkley Nechako,RCMP Provincial,Fraser Lake Prov,2011,6.0
Motor Vehicle Theft,Nanaimo,RCMP Provincial,Gabriola Island Prov,2011,4.0
Motor Vehicle Theft,Columbia Shuswap,RCMP Provincial,Golden Prov,2011,23.0
Motor Vehicle Theft,Fraser Valley,RCMP Municipal,Hope Mun,2011,26.0
Motor Vehicle Theft,Fraser Valley,RCMP Provincial,Hope  Prov,2011,17.0
Motor Vehicle Theft,Bulkley Nechako,RCMP Provincial,Houston/Granisle Prov,2011,10.0
Motor Vehicle Theft,Peace River,RCMP Provincial,Hudson's Hope Prov,2011,5.0
Motor Vehicle Theft,Thompson Nicola,RCMP Municipal,Kamloops Mun,2011,244.0
Motor Vehicle Theft,Central Kootenay,RCMP Provincial,Kaslo Prov,2011,4.0
Motor Vehicle Theft,Central Okanagan,RCMP Municipal,Kelowna Mun,2011,602.0
Motor Vehicle Theft,Central Okanagan,RCMP Provincial,Kelowna Prov,2011,80.0
Motor Vehicle Theft,Fraser Valley,RCMP Municipal,Kent Mun,2011,18.0
Motor Vehicle Theft,Okanagan Similkameen,RCMP Provincial,Keremeos Prov,2011,22.0
Motor Vehicle Theft,East Kootenay,RCMP Municipal,Kimberley Mun,2011,17.0
Motor Vehicle Theft,East Kootenay,RCMP Provincial,Kimberley Prov,2011,6.0
Motor Vehicle Theft,Kitimat Stikine,RCMP Municipal,Kitimat Mun,2011,4.0
Motor Vehicle Theft,Kitimat Stikine,RCMP Provincial,Kitimat Prov,2011,1.0
Motor Vehicle Theft,Cowichan Valley,RCMP Municipal,Ladysmith Mun,2011,20.0
Motor Vehicle Theft,Cowichan Valley,RCMP Provincial,Ladysmith Prov,2011,19.0
Motor Vehicle Theft,Central Okanagan,RCMP Municipal,Lake Country Mun,2011,50.0
Motor Vehicle Theft,Cowichan Valley,RCMP Provincial,Lake Cowichan Prov,2011,5.0
Motor Vehicle Theft,Capital,RCMP Municipal,Langford Mun,2011,54.0
Motor Vehicle Theft,Metro Vancouver,RCMP Municipal,Langley City Mun,2011,221.0
Motor Vehicle Theft,Metro Vancouver,RCMP Municipal,Langley Township Mun,2011,596.0
Motor Vehicle Theft,Squamish Lillooet,RCMP Provincial,Lillooet Prov,2011,13.0
Motor Vehicle Theft,Kitimat Stikine,RCMP Provincial,Lisims/Nass Valley Prov,2011,1.0
Motor Vehicle Theft,Thompson Nicola,RCMP Provincial,Logan Lake Prov,2011,6.0
Motor Vehicle Theft,North Okanagan,RCMP Provincial,Lumby Prov,2011,16.0
Motor Vehicle Theft,Thompson Nicola,RCMP Provincial,Lytton Prov,2011,1.0
Motor Vehicle Theft,Fraser Fort George,RCMP Provincial,Mackenzie Prov,2011,18.0
Motor Vehicle Theft,Metro Vancouver,RCMP Municipal,Maple Ridge Mun,2011,196.0
Motor Vehicle Theft,North Coast Regional District (22),RCMP Provincial,Masset Prov,2011,1.0
Motor Vehicle Theft,Fraser Fort George,RCMP Provincial,McBride Prov,2011,0.0
Motor Vehicle Theft,Thompson Nicola,RCMP Municipal,Merritt Mun,2011,32.0
Motor Vehicle Theft,Thompson Nicola,RCMP Provincial,Merritt Prov,2011,14.0
Motor Vehicle Theft,Fraser Valley,RCMP Municipal,Mission Mun,2011,216.0
Motor Vehicle Theft,Fraser Valley,RCMP Provincial,Mission Prov,2011,32.0
Motor Vehicle Theft,Central Kootenay,RCMP Provincial,Nakusp Prov,2011,9.0
Motor Vehicle Theft,Nanaimo,RCMP Municipal,Nanaimo Mun,2011,263.0
Motor Vehicle Theft,Nanaimo,RCMP Provincial,Nanaimo Prov,2011,23.0
Motor Vehicle Theft,Central Kootenay,Independent Municipal,Nelson Mun,2011,11.0
Motor Vehicle Theft,Central Kootenay,RCMP Provincial,Nelson Prov,2011,7.0
Motor Vehicle Theft,Kitimat Stikine,RCMP Provincial,New Hazelton Prov,2011,17.0
Motor Vehicle Theft,Metro Vancouver,Independent Municipal,New Westminster Mun,2011,275.0
Motor Vehicle Theft,Strathcona,RCMP Provincial,Nootka Sound Prov,2011,2.0
Motor Vehicle Theft,Cowichan Valley,RCMP Municipal,North Cowichan Mun,2011,45.0
Motor Vehicle Theft,Capital,RCMP Municipal,North Saanich Mun,2011,5.0
Motor Vehicle Theft,Metro Vancouver,RCMP Municipal,North Vancouver City Mun,2011,64.0
Motor Vehicle Theft,Metro Vancouver,RCMP Municipal,North Vancouver District Mun,2011,103.0
Motor Vehicle Theft,Metro Vancouver,RCMP Provincial,North Vancouver Prov,2011,4.0
Motor Vehicle Theft,Northern Rockies,RCMP Municipal,Northern Rockies Mun,2011,NA
Motor Vehicle Theft,Northern Rockies,RCMP Provincial,Northern Rockies Prov,2011,56.0
Motor Vehicle Theft,Capital,Independent Municipal,Oak Bay Mun,2011,10.0
Motor Vehicle Theft,Nanaimo,RCMP Provincial,Oceanside Prov,2011,42.0
Motor Vehicle Theft,Cariboo,RCMP Provincial,One Hundred Mile House Prov,2011,23.0
Motor Vehicle Theft,Capital,RCMP Provincial,Outer Gulf  Islands Prov,2011,1.0
Motor Vehicle Theft,Nanaimo,RCMP Municipal,Parksville Mun,2011,16.0
Motor Vehicle Theft,Central Okanagan,RCMP Municipal,Peachland Mun,2011,NA
Motor Vehicle Theft,Squamish Lillooet,RCMP Provincial,Pemberton Prov,2011,4.0
Motor Vehicle Theft,Okanagan Similkameen,RCMP Municipal,Penticton Mun,2011,143.0
Motor Vehicle Theft,Okanagan Similkameen,RCMP Provincial,Penticton Prov,2011,34.0
Motor Vehicle Theft,Metro Vancouver,RCMP Municipal,Pitt Meadows Mun,2011,56.0
Motor Vehicle Theft,Alberni Clayoquot,RCMP Municipal,Port Alberni Mun,2011,38.0
Motor Vehicle Theft,Alberni Clayoquot,RCMP Provincial,Port Alberni Prov,2011,25.0
Motor Vehicle Theft,Mount Waddington,RCMP Provincial,Port Alice Prov,2011,1.0
Motor Vehicle Theft,Metro Vancouver,RCMP Municipal,Port Coquitlam Mun,2011,101.0
Motor Vehicle Theft,Mount Waddington,RCMP Provincial,Port Hardy Prov,2011,8.0
Motor Vehicle Theft,Mount Waddington,RCMP Provincial,Port McNeill Prov,2011,6.0
Motor Vehicle Theft,Metro Vancouver,Independent Municipal,Port Moody Mun,2011,26.0
Motor Vehicle Theft,Powell River,RCMP Municipal,Powell River Mun,2011,19.0
Motor Vehicle Theft,Powell River,RCMP Provincial,Powell River Prov,2011,6.0
Motor Vehicle Theft,Fraser Fort George,RCMP Municipal,Prince George Mun,2011,375.0
Motor Vehicle Theft,Fraser Fort George,RCMP Provincial,Prince George Prov,2011,67.0
Motor Vehicle Theft,North Coast Regional District (22),RCMP Municipal,Prince Rupert Mun,2011,11.0
Motor Vehicle Theft,North Coast Regional District (22),RCMP Provincial,Prince Rupert Prov,2011,2.0
Motor Vehicle Theft,Okanagan Similkameen,RCMP Provincial,Princeton Prov,2011,21.0
Motor Vehicle Theft,Strathcona,RCMP Provincial,Quadra Island Prov,2011,7.0
Motor Vehicle Theft,Nanaimo,RCMP Municipal,Qualicum Beach Mun,2011,9.0
Motor Vehicle Theft,North Coast Regional District (22),RCMP Provincial,Queen Charlotte Prov,2011,4.0
Motor Vehicle Theft,Cariboo,RCMP Municipal,Quesnel Mun,2011,34.0
Motor Vehicle Theft,Cariboo,RCMP Provincial,Quesnel Prov,2011,24.0
Motor Vehicle Theft,Columbia Shuswap,RCMP Municipal,Revelstoke Mun,2011,37.0
Motor Vehicle Theft,Columbia Shuswap,RCMP Provincial,Revelstoke Prov,2011,6.0
Motor Vehicle Theft,Metro Vancouver,RCMP Municipal,Richmond Mun,2011,306.0
Motor Vehicle Theft,Metro Vancouver,RCMP Provincial,Ridge Meadows Prov,2011,55.0
Motor Vehicle Theft,Capital,Independent Municipal,Saanich Mun,2011,84.0
Motor Vehicle Theft,Central Kootenay,RCMP Provincial,Salmo Prov,2011,7.0
Motor Vehicle Theft,Columbia Shuswap,RCMP Municipal,Salmon Arm Mun,2011,57.0
Motor Vehicle Theft,Columbia Shuswap,RCMP Provincial,Salmon Arm Prov,2011,28.0
Motor Vehicle Theft,Capital,RCMP Provincial,Saltspring Island Prov,2011,9.0
Motor Vehicle Theft,Strathcona,RCMP Provincial,Sayward Prov,2011,1.0
Motor Vehicle Theft,Sunshine Coast,RCMP Municipal,Sechelt Mun,2011,11.0
Motor Vehicle Theft,Cowichan Valley,RCMP Provincial,Shawnigan Lake Prov,2011,17.0
Motor Vehicle Theft,Columbia Shuswap,RCMP Provincial,Sicamous Prov,2011,37.0
Motor Vehicle Theft,Capital,RCMP Municipal,Sidney Mun,2011,9.0
Motor Vehicle Theft,Capital,RCMP Provincial,Sidney Prov,2011,6.0
Motor Vehicle Theft,Central Kootenay,RCMP Provincial,Slocan Lake Prov,2011,5.0
Motor Vehicle Theft,Bulkley Nechako,RCMP Municipal,Smithers Mun,2011,22.0
Motor Vehicle Theft,Bulkley Nechako,RCMP Provincial,Smithers Prov,2011,15.0
Motor Vehicle Theft,Capital,RCMP Municipal,Sooke Mun,2011,22.0
Motor Vehicle Theft,Capital,RCMP Provincial,Sooke Prov,2011,9.0
Motor Vehicle Theft,Okanagan Similkameen,RCMP Provincial,South Okanagan/Oliver,2011,22.0
Motor Vehicle Theft,Okanagan Similkameen,RCMP Provincial,South Okanagan/Osoyoos,2011,14.0
Motor Vehicle Theft,North Okanagan,RCMP Municipal,Spallumcheen Mun,2011,NA
Motor Vehicle Theft,Squamish Lillooet,RCMP Municipal,Squamish Mun,2011,50.0
Motor Vehicle Theft,Squamish Lillooet,RCMP Provincial,Squamish Prov,2011,4.0
Motor Vehicle Theft,Kitimat Stikine,RCMP Provincial,Stewart Prov,2011,2.0
Motor Vehicle Theft,Squamish Lillooet,First Nations Aboriginal Police Service,Stl'atl'imx FNAPS,2011,8.0
Motor Vehicle Theft,Okanagan Similkameen,RCMP Municipal,Summerland Mun,2011,15.0
Motor Vehicle Theft,Sunshine Coast,RCMP Provincial,Sunshine Coast Prov,2011,23.0
Motor Vehicle Theft,Metro Vancouver,RCMP Municipal,Surrey Mun,2011,2791.0
Motor Vehicle Theft,Bulkley Nechako,RCMP Provincial,Takla Landing Prov,2011,1.0
Motor Vehicle Theft,Kitimat Stikine,RCMP Municipal,Terrace Mun,2011,7.0
Motor Vehicle Theft,Kitimat Stikine,RCMP Provincial,Terrace Prov,2011,12.0
Motor Vehicle Theft,Powell River,RCMP Provincial,Texada Island Prov,2011,1.0
Motor Vehicle Theft,Thompson Nicola,RCMP Provincial,T'Kumlups Prov,2011,30.0
Motor Vehicle Theft,Alberni Clayoquot,RCMP Provincial,Tofino Prov,2011,2.0
Motor Vehicle Theft,Kootenay Boundary,RCMP Municipal,Trail Mun,2011,10.0
Motor Vehicle Theft,Kootenay Boundary,RCMP Provincial,Trail and Greater District,2011,8.0
Motor Vehicle Theft,Fraser Fort George,RCMP Provincial,Tsay Keh Dene Prov,2011,4.0
Motor Vehicle Theft,Peace River,RCMP Provincial,Tumbler Ridge Prov,2011,17.0
Motor Vehicle Theft,Alberni Clayoquot,RCMP Provincial,Ucluelet Prov,2011,11.0
Motor Vehicle Theft,Metro Vancouver,RCMP Provincial,University Prov,2011,10.0
Motor Vehicle Theft,Fraser Fort George,RCMP Provincial,Valemount Prov,2011,3.0
Motor Vehicle Theft,Metro Vancouver,Independent Municipal,Vancouver Mun,2011,1118.0
Motor Vehicle Theft,Bulkley Nechako,RCMP Provincial,Vanderhoof Prov,2011,18.0
Motor Vehicle Theft,North Okanagan,RCMP Municipal,Vernon Mun,2011,199.0
Motor Vehicle Theft,North Okanagan,RCMP Provincial,Vernon Prov,2011,34.0
Motor Vehicle Theft,Capital,Independent Municipal,Victoria Mun,2011,143.0
Motor Vehicle Theft,Capital,RCMP Municipal,View Royal Mun,2011,18.0
Motor Vehicle Theft,Cariboo,RCMP Provincial,Wells Prov,2011,2.0
Motor Vehicle Theft,Central Okanagan,RCMP Municipal,West Kelowna Mun,2011,76.0
Motor Vehicle Theft,Capital,RCMP Provincial,West Shore Prov,2011,15.0
Motor Vehicle Theft,Metro Vancouver,Independent Municipal,West Vancouver Mun,2011,24.0
Motor Vehicle Theft,Squamish Lillooet,RCMP Municipal,Whistler Mun,2011,21.0
Motor Vehicle Theft,Squamish Lillooet,RCMP Provincial,Whistler Prov,2011,2.0
Motor Vehicle Theft,Metro Vancouver,RCMP Municipal,White Rock Mun,2011,34.0
Motor Vehicle Theft,Cariboo,RCMP Municipal,Williams Lake Mun,2011,36.0
Motor Vehicle Theft,Cariboo,RCMP Provincial,Williams Lake Prov,2011,26.0
Administration of Justice Offenses,Fraser Valley,Independent Municipal,Abbotsford Mun,2011,361.0
Administration of Justice Offenses,Fraser Valley,RCMP Provincial,Agassiz Prov,2011,17.0
Administration of Justice Offenses,Mount Waddington,RCMP Provincial,Alert Bay Prov,2011,21.0
Administration of Justice Offenses,Cariboo,RCMP Provincial,Alexis Creek Prov,2011,27.0
Administration of Justice Offenses,Cariboo,RCMP Provincial,Anahim Lake Prov,2011,19.0
Administration of Justice Offenses,North Okanagan,RCMP Provincial,Armstrong Prov,2011,17.0
Administration of Justice Offenses,Thompson Nicola,RCMP Provincial,Ashcroft Prov,2011,13.0
Administration of Justice Offenses,Kitimat Stikine,RCMP Provincial,Atlin Prov,2011,18.0
Administration of Justice Offenses,Thompson Nicola,RCMP Provincial,Barriere Prov,2011,4.0
Administration of Justice Offenses,Central Coast,RCMP Provincial,Bella Bella Prov,2011,37.0
Administration of Justice Offenses,Central Coast,RCMP Provincial,Bella Coola Prov,2011,82.0
Administration of Justice Offenses,Fraser Valley,RCMP Provincial,Boston Bar Prov,2011,4.0
Administration of Justice Offenses,Kootenay Boundary,RCMP Provincial,Boundary/Grand Forks Prov,2011,45.0
Administration of Justice Offenses,Kootenay Boundary,RCMP Provincial,Boundary/Midway Prov,2011,20.0
Administration of Justice Offenses,Metro Vancouver,RCMP Provincial,Bowen Island Prov,2011,4.0
Administration of Justice Offenses,Metro Vancouver,RCMP Municipal,Burnaby Mun,2011,425.0
Administration of Justice Offenses,Bulkley Nechako,RCMP Provincial,Burns Lake Prov,2011,129.0
Administration of Justice Offenses,Strathcona,RCMP Municipal,Campbell River Mun,2011,371.0
Administration of Justice Offenses,Strathcona,RCMP Provincial,Campbell River Prov,2011,37.0
Administration of Justice Offenses,Central Kootenay,RCMP Municipal,Castlegar Mun,2011,44.0
Administration of Justice Offenses,Central Kootenay,RCMP Provincial,Castlegar Prov,2011,15.0
Administration of Justice Offenses,Capital,Independent Municipal,Central Saanich Mun,2011,16.0
Administration of Justice Offenses,Thompson Nicola,RCMP Provincial,Chase Prov,2011,46.0
Administration of Justice Offenses,Peace River,RCMP Provincial,Chetwynd Prov,2011,104.0
Administration of Justice Offenses,Fraser Valley,RCMP Municipal,Chilliwack Mun,2011,254.0
Administration of Justice Offenses,Fraser Valley,RCMP Provincial,Chilliwack Prov,2011,23.0
Administration of Justice Offenses,Thompson Nicola,RCMP Provincial,Clearwater Prov,2011,13.0
Administration of Justice Offenses,Thompson Nicola,RCMP Provincial,Clinton Prov,2011,2.0
Administration of Justice Offenses,North Okanagan,RCMP Municipal,Coldstream Mun,2011,8.0
Administration of Justice Offenses,East Kootenay,RCMP Provincial,Columbia Valley Prov,2011,22.0
Administration of Justice Offenses,Capital,RCMP Municipal,Colwood Mun,2011,25.0
Administration of Justice Offenses,Comox Valley,RCMP Municipal,Comox Mun,2011,25.0
Administration of Justice Offenses,Comox Valley,RCMP Provincial,Comox Valley Prov,2011,50.0
Administration of Justice Offenses,Metro Vancouver,RCMP Municipal,Coquitlam Mun,2011,238.0
Administration of Justice Offenses,Metro Vancouver,RCMP Provincial,Coquitlam Prov,2011,1.0
Administration of Justice Offenses,Comox Valley,RCMP Municipal,Courtenay Mun,2011,155.0
Administration of Justice Offenses,East Kootenay,RCMP Municipal,Cranbrook Mun,2011,122.0
Administration of Justice Offenses,East Kootenay,RCMP Provincial,Cranbrook Prov,2011,9.0
Administration of Justice Offenses,Central Kootenay,RCMP Municipal,Creston Mun,2011,NA
Administration of Justice Offenses,Central Kootenay,RCMP Provincial,Creston Prov,2011,71.0
Administration of Justice Offenses,Peace River,RCMP Municipal,Dawson Creek Mun,2011,135.0
Administration of Justice Offenses,Peace River,RCMP Provincial,Dawson Creek Prov,2011,9.0
Administration of Justice Offenses,Kitimat Stikine,RCMP Provincial,Dease Lake Prov,2011,17.0
Administration of Justice Offenses,Metro Vancouver,Independent Municipal,Delta Mun,2011,241.0
Administration of Justice Offenses,Cowichan Valley,RCMP Provincial,Duncan Prov,2011,139.0
Administration of Justice Offenses,East Kootenay,RCMP Provincial,Elk Valley Prov,2011,34.0
Administration of Justice Offenses,North Okanagan,RCMP Provincial,Enderby Prov,2011,17.0
Administration of Justice Offenses,Columbia Shuswap,RCMP Provincial,Falkland Prov,2011,2.0
Administration of Justice Offenses,Bulkley Nechako,RCMP Provincial,Fort St James Prov,2011,247.0
Administration of Justice Offenses,Peace River,RCMP Municipal,Fort St John Mun,2011,204.0
Administration of Justice Offenses,Peace River,RCMP Provincial,Fort St John Prov,2011,18.0
Administration of Justice Offenses,Bulkley Nechako,RCMP Provincial,Fraser Lake Prov,2011,21.0
Administration of Justice Offenses,Nanaimo,RCMP Provincial,Gabriola Island Prov,2011,1.0
Administration of Justice Offenses,Columbia Shuswap,RCMP Provincial,Golden Prov,2011,29.0
Administration of Justice Offenses,Fraser Valley,RCMP Municipal,Hope Mun,2011,38.0
Administration of Justice Offenses,Fraser Valley,RCMP Provincial,Hope  Prov,2011,2.0
Administration of Justice Offenses,Bulkley Nechako,RCMP Provincial,Houston/Granisle Prov,2011,78.0
Administration of Justice Offenses,Peace River,RCMP Provincial,Hudson's Hope Prov,2011,3.0
Administration of Justice Offenses,Thompson Nicola,RCMP Municipal,Kamloops Mun,2011,505.0
Administration of Justice Offenses,Central Kootenay,RCMP Provincial,Kaslo Prov,2011,10.0
Administration of Justice Offenses,Central Okanagan,RCMP Municipal,Kelowna Mun,2011,481.0
Administration of Justice Offenses,Central Okanagan,RCMP Provincial,Kelowna Prov,2011,30.0
Administration of Justice Offenses,Fraser Valley,RCMP Municipal,Kent Mun,2011,14.0
Administration of Justice Offenses,Okanagan Similkameen,RCMP Provincial,Keremeos Prov,2011,16.0
Administration of Justice Offenses,East Kootenay,RCMP Municipal,Kimberley Mun,2011,16.0
Administration of Justice Offenses,East Kootenay,RCMP Provincial,Kimberley Prov,2011,1.0
Administration of Justice Offenses,Kitimat Stikine,RCMP Municipal,Kitimat Mun,2011,135.0
Administration of Justice Offenses,Kitimat Stikine,RCMP Provincial,Kitimat Prov,2011,2.0
Administration of Justice Offenses,Cowichan Valley,RCMP Municipal,Ladysmith Mun,2011,31.0
Administration of Justice Offenses,Cowichan Valley,RCMP Provincial,Ladysmith Prov,2011,9.0
Administration of Justice Offenses,Central Okanagan,RCMP Municipal,Lake Country Mun,2011,23.0
Administration of Justice Offenses,Cowichan Valley,RCMP Provincial,Lake Cowichan Prov,2011,15.0
Administration of Justice Offenses,Capital,RCMP Municipal,Langford Mun,2011,60.0
Administration of Justice Offenses,Metro Vancouver,RCMP Municipal,Langley City Mun,2011,107.0
Administration of Justice Offenses,Metro Vancouver,RCMP Municipal,Langley Township Mun,2011,157.0
Administration of Justice Offenses,Squamish Lillooet,RCMP Provincial,Lillooet Prov,2011,54.0
Administration of Justice Offenses,Kitimat Stikine,RCMP Provincial,Lisims/Nass Valley Prov,2011,16.0
Administration of Justice Offenses,Thompson Nicola,RCMP Provincial,Logan Lake Prov,2011,11.0
Administration of Justice Offenses,North Okanagan,RCMP Provincial,Lumby Prov,2011,9.0
Administration of Justice Offenses,Thompson Nicola,RCMP Provincial,Lytton Prov,2011,9.0
Administration of Justice Offenses,Fraser Fort George,RCMP Provincial,Mackenzie Prov,2011,74.0
Administration of Justice Offenses,Metro Vancouver,RCMP Municipal,Maple Ridge Mun,2011,187.0
Administration of Justice Offenses,North Coast Regional District (22),RCMP Provincial,Masset Prov,2011,27.0
Administration of Justice Offenses,Fraser Fort George,RCMP Provincial,McBride Prov,2011,2.0
Administration of Justice Offenses,Thompson Nicola,RCMP Municipal,Merritt Mun,2011,85.0
Administration of Justice Offenses,Thompson Nicola,RCMP Provincial,Merritt Prov,2011,25.0
Administration of Justice Offenses,Fraser Valley,RCMP Municipal,Mission Mun,2011,120.0
Administration of Justice Offenses,Fraser Valley,RCMP Provincial,Mission Prov,2011,7.0
Administration of Justice Offenses,Central Kootenay,RCMP Provincial,Nakusp Prov,2011,7.0
Administration of Justice Offenses,Nanaimo,RCMP Municipal,Nanaimo Mun,2011,459.0
Administration of Justice Offenses,Nanaimo,RCMP Provincial,Nanaimo Prov,2011,16.0
Administration of Justice Offenses,Central Kootenay,Independent Municipal,Nelson Mun,2011,77.0
Administration of Justice Offenses,Central Kootenay,RCMP Provincial,Nelson Prov,2011,34.0
Administration of Justice Offenses,Kitimat Stikine,RCMP Provincial,New Hazelton Prov,2011,159.0
Administration of Justice Offenses,Metro Vancouver,Independent Municipal,New Westminster Mun,2011,352.0
Administration of Justice Offenses,Strathcona,RCMP Provincial,Nootka Sound Prov,2011,9.0
Administration of Justice Offenses,Cowichan Valley,RCMP Municipal,North Cowichan Mun,2011,125.0
Administration of Justice Offenses,Capital,RCMP Municipal,North Saanich Mun,2011,18.0
Administration of Justice Offenses,Metro Vancouver,RCMP Municipal,North Vancouver City Mun,2011,216.0
Administration of Justice Offenses,Metro Vancouver,RCMP Municipal,North Vancouver District Mun,2011,97.0
Administration of Justice Offenses,Metro Vancouver,RCMP Provincial,North Vancouver Prov,2011,27.0
Administration of Justice Offenses,Northern Rockies,RCMP Municipal,Northern Rockies Mun,2011,NA
Administration of Justice Offenses,Northern Rockies,RCMP Provincial,Northern Rockies Prov,2011,140.0
Administration of Justice Offenses,Capital,Independent Municipal,Oak Bay Mun,2011,7.0
Administration of Justice Offenses,Nanaimo,RCMP Provincial,Oceanside Prov,2011,37.0
Administration of Justice Offenses,Cariboo,RCMP Provincial,One Hundred Mile House Prov,2011,22.0
Administration of Justice Offenses,Capital,RCMP Provincial,Outer Gulf  Islands Prov,2011,2.0
Administration of Justice Offenses,Nanaimo,RCMP Municipal,Parksville Mun,2011,44.0
Administration of Justice Offenses,Central Okanagan,RCMP Municipal,Peachland Mun,2011,NA
Administration of Justice Offenses,Squamish Lillooet,RCMP Provincial,Pemberton Prov,2011,8.0
Administration of Justice Offenses,Okanagan Similkameen,RCMP Municipal,Penticton Mun,2011,183.0
Administration of Justice Offenses,Okanagan Similkameen,RCMP Provincial,Penticton Prov,2011,26.0
Administration of Justice Offenses,Metro Vancouver,RCMP Municipal,Pitt Meadows Mun,2011,20.0
Administration of Justice Offenses,Alberni Clayoquot,RCMP Municipal,Port Alberni Mun,2011,284.0
Administration of Justice Offenses,Alberni Clayoquot,RCMP Provincial,Port Alberni Prov,2011,12.0
Administration of Justice Offenses,Mount Waddington,RCMP Provincial,Port Alice Prov,2011,2.0
Administration of Justice Offenses,Metro Vancouver,RCMP Municipal,Port Coquitlam Mun,2011,145.0
Administration of Justice Offenses,Mount Waddington,RCMP Provincial,Port Hardy Prov,2011,219.0
Administration of Justice Offenses,Mount Waddington,RCMP Provincial,Port McNeill Prov,2011,24.0
Administration of Justice Offenses,Metro Vancouver,Independent Municipal,Port Moody Mun,2011,59.0
Administration of Justice Offenses,Powell River,RCMP Municipal,Powell River Mun,2011,25.0
Administration of Justice Offenses,Powell River,RCMP Provincial,Powell River Prov,2011,21.0
Administration of Justice Offenses,Fraser Fort George,RCMP Municipal,Prince George Mun,2011,1005.0
Administration of Justice Offenses,Fraser Fort George,RCMP Provincial,Prince George Prov,2011,17.0
Administration of Justice Offenses,North Coast Regional District (22),RCMP Municipal,Prince Rupert Mun,2011,213.0
Administration of Justice Offenses,North Coast Regional District (22),RCMP Provincial,Prince Rupert Prov,2011,29.0
Administration of Justice Offenses,Okanagan Similkameen,RCMP Provincial,Princeton Prov,2011,9.0
Administration of Justice Offenses,Strathcona,RCMP Provincial,Quadra Island Prov,2011,3.0
Administration of Justice Offenses,Nanaimo,RCMP Municipal,Qualicum Beach Mun,2011,5.0
Administration of Justice Offenses,North Coast Regional District (22),RCMP Provincial,Queen Charlotte Prov,2011,14.0
Administration of Justice Offenses,Cariboo,RCMP Municipal,Quesnel Mun,2011,140.0
Administration of Justice Offenses,Cariboo,RCMP Provincial,Quesnel Prov,2011,29.0
Administration of Justice Offenses,Columbia Shuswap,RCMP Municipal,Revelstoke Mun,2011,27.0
Administration of Justice Offenses,Columbia Shuswap,RCMP Provincial,Revelstoke Prov,2011,2.0
Administration of Justice Offenses,Metro Vancouver,RCMP Municipal,Richmond Mun,2011,184.0
Administration of Justice Offenses,Metro Vancouver,RCMP Provincial,Ridge Meadows Prov,2011,23.0
Administration of Justice Offenses,Capital,Independent Municipal,Saanich Mun,2011,191.0
Administration of Justice Offenses,Central Kootenay,RCMP Provincial,Salmo Prov,2011,34.0
Administration of Justice Offenses,Columbia Shuswap,RCMP Municipal,Salmon Arm Mun,2011,60.0
Administration of Justice Offenses,Columbia Shuswap,RCMP Provincial,Salmon Arm Prov,2011,8.0
Administration of Justice Offenses,Capital,RCMP Provincial,Saltspring Island Prov,2011,14.0
Administration of Justice Offenses,Strathcona,RCMP Provincial,Sayward Prov,2011,6.0
Administration of Justice Offenses,Sunshine Coast,RCMP Municipal,Sechelt Mun,2011,31.0
Administration of Justice Offenses,Cowichan Valley,RCMP Provincial,Shawnigan Lake Prov,2011,24.0
Administration of Justice Offenses,Columbia Shuswap,RCMP Provincial,Sicamous Prov,2011,8.0
Administration of Justice Offenses,Capital,RCMP Municipal,Sidney Mun,2011,30.0
Administration of Justice Offenses,Capital,RCMP Provincial,Sidney Prov,2011,32.0
Administration of Justice Offenses,Central Kootenay,RCMP Provincial,Slocan Lake Prov,2011,18.0
Administration of Justice Offenses,Bulkley Nechako,RCMP Municipal,Smithers Mun,2011,51.0
Administration of Justice Offenses,Bulkley Nechako,RCMP Provincial,Smithers Prov,2011,19.0
Administration of Justice Offenses,Capital,RCMP Municipal,Sooke Mun,2011,39.0
Administration of Justice Offenses,Capital,RCMP Provincial,Sooke Prov,2011,13.0
Administration of Justice Offenses,Okanagan Similkameen,RCMP Provincial,South Okanagan/Oliver,2011,27.0
Administration of Justice Offenses,Okanagan Similkameen,RCMP Provincial,South Okanagan/Osoyoos,2011,24.0
Administration of Justice Offenses,North Okanagan,RCMP Municipal,Spallumcheen Mun,2011,NA
Administration of Justice Offenses,Squamish Lillooet,RCMP Municipal,Squamish Mun,2011,55.0
Administration of Justice Offenses,Squamish Lillooet,RCMP Provincial,Squamish Prov,2011,2.0
Administration of Justice Offenses,Kitimat Stikine,RCMP Provincial,Stewart Prov,2011,3.0
Administration of Justice Offenses,Squamish Lillooet,First Nations Aboriginal Police Service,Stl'atl'imx FNAPS,2011,24.0
Administration of Justice Offenses,Okanagan Similkameen,RCMP Municipal,Summerland Mun,2011,13.0
Administration of Justice Offenses,Sunshine Coast,RCMP Provincial,Sunshine Coast Prov,2011,63.0
Administration of Justice Offenses,Metro Vancouver,RCMP Municipal,Surrey Mun,2011,1251.0
Administration of Justice Offenses,Bulkley Nechako,RCMP Provincial,Takla Landing Prov,2011,10.0
Administration of Justice Offenses,Kitimat Stikine,RCMP Municipal,Terrace Mun,2011,414.0
Administration of Justice Offenses,Kitimat Stikine,RCMP Provincial,Terrace Prov,2011,26.0
Administration of Justice Offenses,Powell River,RCMP Provincial,Texada Island Prov,2011,1.0
Administration of Justice Offenses,Thompson Nicola,RCMP Provincial,T'Kumlups Prov,2011,24.0
Administration of Justice Offenses,Alberni Clayoquot,RCMP Provincial,Tofino Prov,2011,70.0
Administration of Justice Offenses,Kootenay Boundary,RCMP Municipal,Trail Mun,2011,73.0
Administration of Justice Offenses,Kootenay Boundary,RCMP Provincial,Trail and Greater District,2011,50.0
Administration of Justice Offenses,Fraser Fort George,RCMP Provincial,Tsay Keh Dene Prov,2011,34.0
Administration of Justice Offenses,Peace River,RCMP Provincial,Tumbler Ridge Prov,2011,15.0
Administration of Justice Offenses,Alberni Clayoquot,RCMP Provincial,Ucluelet Prov,2011,27.0
Administration of Justice Offenses,Metro Vancouver,RCMP Provincial,University Prov,2011,14.0
Administration of Justice Offenses,Fraser Fort George,RCMP Provincial,Valemount Prov,2011,6.0
Administration of Justice Offenses,Metro Vancouver,Independent Municipal,Vancouver Mun,2011,1787.0
Administration of Justice Offenses,Bulkley Nechako,RCMP Provincial,Vanderhoof Prov,2011,97.0
Administration of Justice Offenses,North Okanagan,RCMP Municipal,Vernon Mun,2011,230.0
Administration of Justice Offenses,North Okanagan,RCMP Provincial,Vernon Prov,2011,11.0
Administration of Justice Offenses,Capital,Independent Municipal,Victoria Mun,2011,573.0
Administration of Justice Offenses,Capital,RCMP Municipal,View Royal Mun,2011,15.0
Administration of Justice Offenses,Cariboo,RCMP Provincial,Wells Prov,2011,1.0
Administration of Justice Offenses,Central Okanagan,RCMP Municipal,West Kelowna Mun,2011,37.0
Administration of Justice Offenses,Capital,RCMP Provincial,West Shore Prov,2011,24.0
Administration of Justice Offenses,Metro Vancouver,Independent Municipal,West Vancouver Mun,2011,118.0
Administration of Justice Offenses,Squamish Lillooet,RCMP Municipal,Whistler Mun,2011,32.0
Administration of Justice Offenses,Squamish Lillooet,RCMP Provincial,Whistler Prov,2011,0.0
Administration of Justice Offenses,Metro Vancouver,RCMP Municipal,White Rock Mun,2011,33.0
Administration of Justice Offenses,Cariboo,RCMP Municipal,Williams Lake Mun,2011,242.0
Administration of Justice Offenses,Cariboo,RCMP Provincial,Williams Lake Prov,2011,45.0
Drug Offenses,Fraser Valley,Independent Municipal,Abbotsford Mun,2011,459.0
Drug Offenses,Fraser Valley,RCMP Provincial,Agassiz Prov,2011,75.0
Drug Offenses,Mount Waddington,RCMP Provincial,Alert Bay Prov,2011,13.0
Drug Offenses,Cariboo,RCMP Provincial,Alexis Creek Prov,2011,49.0
Drug Offenses,Cariboo,RCMP Provincial,Anahim Lake Prov,2011,2.0
Drug Offenses,North Okanagan,RCMP Provincial,Armstrong Prov,2011,41.0
Drug Offenses,Thompson Nicola,RCMP Provincial,Ashcroft Prov,2011,24.0
Drug Offenses,Kitimat Stikine,RCMP Provincial,Atlin Prov,2011,13.0
Drug Offenses,Thompson Nicola,RCMP Provincial,Barriere Prov,2011,43.0
Drug Offenses,Central Coast,RCMP Provincial,Bella Bella Prov,2011,9.0
Drug Offenses,Central Coast,RCMP Provincial,Bella Coola Prov,2011,14.0
Drug Offenses,Fraser Valley,RCMP Provincial,Boston Bar Prov,2011,19.0
Drug Offenses,Kootenay Boundary,RCMP Provincial,Boundary/Grand Forks Prov,2011,93.0
Drug Offenses,Kootenay Boundary,RCMP Provincial,Boundary/Midway Prov,2011,47.0
Drug Offenses,Metro Vancouver,RCMP Provincial,Bowen Island Prov,2011,3.0
Drug Offenses,Metro Vancouver,RCMP Municipal,Burnaby Mun,2011,997.0
Drug Offenses,Bulkley Nechako,RCMP Provincial,Burns Lake Prov,2011,58.0
Drug Offenses,Strathcona,RCMP Municipal,Campbell River Mun,2011,247.0
Drug Offenses,Strathcona,RCMP Provincial,Campbell River Prov,2011,45.0
Drug Offenses,Central Kootenay,RCMP Municipal,Castlegar Mun,2011,114.0
Drug Offenses,Central Kootenay,RCMP Provincial,Castlegar Prov,2011,97.0
Drug Offenses,Capital,Independent Municipal,Central Saanich Mun,2011,43.0
Drug Offenses,Thompson Nicola,RCMP Provincial,Chase Prov,2011,67.0
Drug Offenses,Peace River,RCMP Provincial,Chetwynd Prov,2011,48.0
Drug Offenses,Fraser Valley,RCMP Municipal,Chilliwack Mun,2011,449.0
Drug Offenses,Fraser Valley,RCMP Provincial,Chilliwack Prov,2011,50.0
Drug Offenses,Thompson Nicola,RCMP Provincial,Clearwater Prov,2011,52.0
Drug Offenses,Thompson Nicola,RCMP Provincial,Clinton Prov,2011,20.0
Drug Offenses,North Okanagan,RCMP Municipal,Coldstream Mun,2011,26.0
Drug Offenses,East Kootenay,RCMP Provincial,Columbia Valley Prov,2011,58.0
Drug Offenses,Capital,RCMP Municipal,Colwood Mun,2011,45.0
Drug Offenses,Comox Valley,RCMP Municipal,Comox Mun,2011,27.0
Drug Offenses,Comox Valley,RCMP Provincial,Comox Valley Prov,2011,152.0
Drug Offenses,Metro Vancouver,RCMP Municipal,Coquitlam Mun,2011,530.0
Drug Offenses,Metro Vancouver,RCMP Provincial,Coquitlam Prov,2011,5.0
Drug Offenses,Comox Valley,RCMP Municipal,Courtenay Mun,2011,187.0
Drug Offenses,East Kootenay,RCMP Municipal,Cranbrook Mun,2011,157.0
Drug Offenses,East Kootenay,RCMP Provincial,Cranbrook Prov,2011,30.0
Drug Offenses,Central Kootenay,RCMP Municipal,Creston Mun,2011,NA
Drug Offenses,Central Kootenay,RCMP Provincial,Creston Prov,2011,107.0
Drug Offenses,Peace River,RCMP Municipal,Dawson Creek Mun,2011,132.0
Drug Offenses,Peace River,RCMP Provincial,Dawson Creek Prov,2011,36.0
Drug Offenses,Kitimat Stikine,RCMP Provincial,Dease Lake Prov,2011,10.0
Drug Offenses,Metro Vancouver,Independent Municipal,Delta Mun,2011,615.0
Drug Offenses,Cowichan Valley,RCMP Provincial,Duncan Prov,2011,208.0
Drug Offenses,East Kootenay,RCMP Provincial,Elk Valley Prov,2011,64.0
Drug Offenses,North Okanagan,RCMP Provincial,Enderby Prov,2011,32.0
Drug Offenses,Columbia Shuswap,RCMP Provincial,Falkland Prov,2011,19.0
Drug Offenses,Bulkley Nechako,RCMP Provincial,Fort St James Prov,2011,53.0
Drug Offenses,Peace River,RCMP Municipal,Fort St John Mun,2011,200.0
Drug Offenses,Peace River,RCMP Provincial,Fort St John Prov,2011,24.0
Drug Offenses,Bulkley Nechako,RCMP Provincial,Fraser Lake Prov,2011,20.0
Drug Offenses,Nanaimo,RCMP Provincial,Gabriola Island Prov,2011,10.0
Drug Offenses,Columbia Shuswap,RCMP Provincial,Golden Prov,2011,158.0
Drug Offenses,Fraser Valley,RCMP Municipal,Hope Mun,2011,85.0
Drug Offenses,Fraser Valley,RCMP Provincial,Hope  Prov,2011,26.0
Drug Offenses,Bulkley Nechako,RCMP Provincial,Houston/Granisle Prov,2011,27.0
Drug Offenses,Peace River,RCMP Provincial,Hudson's Hope Prov,2011,19.0
Drug Offenses,Thompson Nicola,RCMP Municipal,Kamloops Mun,2011,743.0
Drug Offenses,Central Kootenay,RCMP Provincial,Kaslo Prov,2011,24.0
Drug Offenses,Central Okanagan,RCMP Municipal,Kelowna Mun,2011,845.0
Drug Offenses,Central Okanagan,RCMP Provincial,Kelowna Prov,2011,100.0
Drug Offenses,Fraser Valley,RCMP Municipal,Kent Mun,2011,47.0
Drug Offenses,Okanagan Similkameen,RCMP Provincial,Keremeos Prov,2011,29.0
Drug Offenses,East Kootenay,RCMP Municipal,Kimberley Mun,2011,40.0
Drug Offenses,East Kootenay,RCMP Provincial,Kimberley Prov,2011,4.0
Drug Offenses,Kitimat Stikine,RCMP Municipal,Kitimat Mun,2011,39.0
Drug Offenses,Kitimat Stikine,RCMP Provincial,Kitimat Prov,2011,1.0
Drug Offenses,Cowichan Valley,RCMP Municipal,Ladysmith Mun,2011,39.0
Drug Offenses,Cowichan Valley,RCMP Provincial,Ladysmith Prov,2011,15.0
Drug Offenses,Central Okanagan,RCMP Municipal,Lake Country Mun,2011,74.0
Drug Offenses,Cowichan Valley,RCMP Provincial,Lake Cowichan Prov,2011,76.0
Drug Offenses,Capital,RCMP Municipal,Langford Mun,2011,142.0
Drug Offenses,Metro Vancouver,RCMP Municipal,Langley City Mun,2011,277.0
Drug Offenses,Metro Vancouver,RCMP Municipal,Langley Township Mun,2011,456.0
Drug Offenses,Squamish Lillooet,RCMP Provincial,Lillooet Prov,2011,48.0
Drug Offenses,Kitimat Stikine,RCMP Provincial,Lisims/Nass Valley Prov,2011,2.0
Drug Offenses,Thompson Nicola,RCMP Provincial,Logan Lake Prov,2011,22.0
Drug Offenses,North Okanagan,RCMP Provincial,Lumby Prov,2011,26.0
Drug Offenses,Thompson Nicola,RCMP Provincial,Lytton Prov,2011,17.0
Drug Offenses,Fraser Fort George,RCMP Provincial,Mackenzie Prov,2011,93.0
Drug Offenses,Metro Vancouver,RCMP Municipal,Maple Ridge Mun,2011,274.0
Drug Offenses,North Coast Regional District (22),RCMP Provincial,Masset Prov,2011,27.0
Drug Offenses,Fraser Fort George,RCMP Provincial,McBride Prov,2011,12.0
Drug Offenses,Thompson Nicola,RCMP Municipal,Merritt Mun,2011,99.0
Drug Offenses,Thompson Nicola,RCMP Provincial,Merritt Prov,2011,67.0
Drug Offenses,Fraser Valley,RCMP Municipal,Mission Mun,2011,318.0
Drug Offenses,Fraser Valley,RCMP Provincial,Mission Prov,2011,27.0
Drug Offenses,Central Kootenay,RCMP Provincial,Nakusp Prov,2011,41.0
Drug Offenses,Nanaimo,RCMP Municipal,Nanaimo Mun,2011,622.0
Drug Offenses,Nanaimo,RCMP Provincial,Nanaimo Prov,2011,53.0
Drug Offenses,Central Kootenay,Independent Municipal,Nelson Mun,2011,155.0
Drug Offenses,Central Kootenay,RCMP Provincial,Nelson Prov,2011,100.0
Drug Offenses,Kitimat Stikine,RCMP Provincial,New Hazelton Prov,2011,46.0
Drug Offenses,Metro Vancouver,Independent Municipal,New Westminster Mun,2011,500.0
Drug Offenses,Strathcona,RCMP Provincial,Nootka Sound Prov,2011,46.0
Drug Offenses,Cowichan Valley,RCMP Municipal,North Cowichan Mun,2011,251.0
Drug Offenses,Capital,RCMP Municipal,North Saanich Mun,2011,57.0
Drug Offenses,Metro Vancouver,RCMP Municipal,North Vancouver City Mun,2011,366.0
Drug Offenses,Metro Vancouver,RCMP Municipal,North Vancouver District Mun,2011,308.0
Drug Offenses,Metro Vancouver,RCMP Provincial,North Vancouver Prov,2011,44.0
Drug Offenses,Northern Rockies,RCMP Municipal,Northern Rockies Mun,2011,NA
Drug Offenses,Northern Rockies,RCMP Provincial,Northern Rockies Prov,2011,126.0
Drug Offenses,Capital,Independent Municipal,Oak Bay Mun,2011,29.0
Drug Offenses,Nanaimo,RCMP Provincial,Oceanside Prov,2011,116.0
Drug Offenses,Cariboo,RCMP Provincial,One Hundred Mile House Prov,2011,89.0
Drug Offenses,Capital,RCMP Provincial,Outer Gulf  Islands Prov,2011,6.0
Drug Offenses,Nanaimo,RCMP Municipal,Parksville Mun,2011,95.0
Drug Offenses,Central Okanagan,RCMP Municipal,Peachland Mun,2011,NA
Drug Offenses,Squamish Lillooet,RCMP Provincial,Pemberton Prov,2011,40.0
Drug Offenses,Okanagan Similkameen,RCMP Municipal,Penticton Mun,2011,244.0
Drug Offenses,Okanagan Similkameen,RCMP Provincial,Penticton Prov,2011,21.0
Drug Offenses,Metro Vancouver,RCMP Municipal,Pitt Meadows Mun,2011,29.0
Drug Offenses,Alberni Clayoquot,RCMP Municipal,Port Alberni Mun,2011,172.0
Drug Offenses,Alberni Clayoquot,RCMP Provincial,Port Alberni Prov,2011,41.0
Drug Offenses,Mount Waddington,RCMP Provincial,Port Alice Prov,2011,10.0
Drug Offenses,Metro Vancouver,RCMP Municipal,Port Coquitlam Mun,2011,233.0
Drug Offenses,Mount Waddington,RCMP Provincial,Port Hardy Prov,2011,40.0
Drug Offenses,Mount Waddington,RCMP Provincial,Port McNeill Prov,2011,70.0
Drug Offenses,Metro Vancouver,Independent Municipal,Port Moody Mun,2011,296.0
Drug Offenses,Powell River,RCMP Municipal,Powell River Mun,2011,93.0
Drug Offenses,Powell River,RCMP Provincial,Powell River Prov,2011,22.0
Drug Offenses,Fraser Fort George,RCMP Municipal,Prince George Mun,2011,642.0
Drug Offenses,Fraser Fort George,RCMP Provincial,Prince George Prov,2011,87.0
Drug Offenses,North Coast Regional District (22),RCMP Municipal,Prince Rupert Mun,2011,167.0
Drug Offenses,North Coast Regional District (22),RCMP Provincial,Prince Rupert Prov,2011,12.0
Drug Offenses,Okanagan Similkameen,RCMP Provincial,Princeton Prov,2011,62.0
Drug Offenses,Strathcona,RCMP Provincial,Quadra Island Prov,2011,21.0
Drug Offenses,Nanaimo,RCMP Municipal,Qualicum Beach Mun,2011,24.0
Drug Offenses,North Coast Regional District (22),RCMP Provincial,Queen Charlotte Prov,2011,12.0
Drug Offenses,Cariboo,RCMP Municipal,Quesnel Mun,2011,128.0
Drug Offenses,Cariboo,RCMP Provincial,Quesnel Prov,2011,34.0
Drug Offenses,Columbia Shuswap,RCMP Municipal,Revelstoke Mun,2011,105.0
Drug Offenses,Columbia Shuswap,RCMP Provincial,Revelstoke Prov,2011,115.0
Drug Offenses,Metro Vancouver,RCMP Municipal,Richmond Mun,2011,1167.0
Drug Offenses,Metro Vancouver,RCMP Provincial,Ridge Meadows Prov,2011,74.0
Drug Offenses,Capital,Independent Municipal,Saanich Mun,2011,223.0
Drug Offenses,Central Kootenay,RCMP Provincial,Salmo Prov,2011,184.0
Drug Offenses,Columbia Shuswap,RCMP Municipal,Salmon Arm Mun,2011,205.0
Drug Offenses,Columbia Shuswap,RCMP Provincial,Salmon Arm Prov,2011,61.0
Drug Offenses,Capital,RCMP Provincial,Saltspring Island Prov,2011,15.0
Drug Offenses,Strathcona,RCMP Provincial,Sayward Prov,2011,13.0
Drug Offenses,Sunshine Coast,RCMP Municipal,Sechelt Mun,2011,59.0
Drug Offenses,Cowichan Valley,RCMP Provincial,Shawnigan Lake Prov,2011,105.0
Drug Offenses,Columbia Shuswap,RCMP Provincial,Sicamous Prov,2011,39.0
Drug Offenses,Capital,RCMP Municipal,Sidney Mun,2011,56.0
Drug Offenses,Capital,RCMP Provincial,Sidney Prov,2011,21.0
Drug Offenses,Central Kootenay,RCMP Provincial,Slocan Lake Prov,2011,48.0
Drug Offenses,Bulkley Nechako,RCMP Municipal,Smithers Mun,2011,82.0
Drug Offenses,Bulkley Nechako,RCMP Provincial,Smithers Prov,2011,26.0
Drug Offenses,Capital,RCMP Municipal,Sooke Mun,2011,68.0
Drug Offenses,Capital,RCMP Provincial,Sooke Prov,2011,37.0
Drug Offenses,Okanagan Similkameen,RCMP Provincial,South Okanagan/Oliver,2011,60.0
Drug Offenses,Okanagan Similkameen,RCMP Provincial,South Okanagan/Osoyoos,2011,80.0
Drug Offenses,North Okanagan,RCMP Municipal,Spallumcheen Mun,2011,NA
Drug Offenses,Squamish Lillooet,RCMP Municipal,Squamish Mun,2011,139.0
Drug Offenses,Squamish Lillooet,RCMP Provincial,Squamish Prov,2011,10.0
Drug Offenses,Kitimat Stikine,RCMP Provincial,Stewart Prov,2011,7.0
Drug Offenses,Squamish Lillooet,First Nations Aboriginal Police Service,Stl'atl'imx FNAPS,2011,27.0
Drug Offenses,Okanagan Similkameen,RCMP Municipal,Summerland Mun,2011,32.0
Drug Offenses,Sunshine Coast,RCMP Provincial,Sunshine Coast Prov,2011,124.0
Drug Offenses,Metro Vancouver,RCMP Municipal,Surrey Mun,2011,2221.0
Drug Offenses,Bulkley Nechako,RCMP Provincial,Takla Landing Prov,2011,5.0
Drug Offenses,Kitimat Stikine,RCMP Municipal,Terrace Mun,2011,106.0
Drug Offenses,Kitimat Stikine,RCMP Provincial,Terrace Prov,2011,29.0
Drug Offenses,Powell River,RCMP Provincial,Texada Island Prov,2011,16.0
Drug Offenses,Thompson Nicola,RCMP Provincial,T'Kumlups Prov,2011,81.0
Drug Offenses,Alberni Clayoquot,RCMP Provincial,Tofino Prov,2011,32.0
Drug Offenses,Kootenay Boundary,RCMP Municipal,Trail Mun,2011,71.0
Drug Offenses,Kootenay Boundary,RCMP Provincial,Trail and Greater District,2011,61.0
Drug Offenses,Fraser Fort George,RCMP Provincial,Tsay Keh Dene Prov,2011,5.0
Drug Offenses,Peace River,RCMP Provincial,Tumbler Ridge Prov,2011,14.0
Drug Offenses,Alberni Clayoquot,RCMP Provincial,Ucluelet Prov,2011,51.0
Drug Offenses,Metro Vancouver,RCMP Provincial,University Prov,2011,296.0
Drug Offenses,Fraser Fort George,RCMP Provincial,Valemount Prov,2011,30.0
Drug Offenses,Metro Vancouver,Independent Municipal,Vancouver Mun,2011,2810.0
Drug Offenses,Bulkley Nechako,RCMP Provincial,Vanderhoof Prov,2011,77.0
Drug Offenses,North Okanagan,RCMP Municipal,Vernon Mun,2011,306.0
Drug Offenses,North Okanagan,RCMP Provincial,Vernon Prov,2011,33.0
Drug Offenses,Capital,Independent Municipal,Victoria Mun,2011,934.0
Drug Offenses,Capital,RCMP Municipal,View Royal Mun,2011,34.0
Drug Offenses,Cariboo,RCMP Provincial,Wells Prov,2011,3.0
Drug Offenses,Central Okanagan,RCMP Municipal,West Kelowna Mun,2011,109.0
Drug Offenses,Capital,RCMP Provincial,West Shore Prov,2011,27.0
Drug Offenses,Metro Vancouver,Independent Municipal,West Vancouver Mun,2011,204.0
Drug Offenses,Squamish Lillooet,RCMP Municipal,Whistler Mun,2011,203.0
Drug Offenses,Squamish Lillooet,RCMP Provincial,Whistler Prov,2011,4.0
Drug Offenses,Metro Vancouver,RCMP Municipal,White Rock Mun,2011,142.0
Drug Offenses,Cariboo,RCMP Municipal,Williams Lake Mun,2011,200.0
Drug Offenses,Cariboo,RCMP Provincial,Williams Lake Prov,2011,94.0
Population,Fraser Valley,Independent Municipal,Abbotsford Mun,2011,137033.0
Population,Fraser Valley,RCMP Provincial,Agassiz Prov,2011,3833.0
Population,Mount Waddington,RCMP Provincial,Alert Bay Prov,2011,1370.0
Population,Cariboo,RCMP Provincial,Alexis Creek Prov,2011,1713.0
Population,Cariboo,RCMP Provincial,Anahim Lake Prov,2011,708.0
Population,North Okanagan,RCMP Provincial,Armstrong Prov,2011,10495.0
Population,Thompson Nicola,RCMP Provincial,Ashcroft Prov,2011,3752.0
Population,Kitimat Stikine,RCMP Provincial,Atlin Prov,2011,406.0
Population,Thompson Nicola,RCMP Provincial,Barriere Prov,2011,3878.0
Population,Central Coast,RCMP Provincial,Bella Bella Prov,2011,1639.0
Population,Central Coast,RCMP Provincial,Bella Coola Prov,2011,1962.0
Population,Fraser Valley,RCMP Provincial,Boston Bar Prov,2011,637.0
Population,Kootenay Boundary,RCMP Provincial,Boundary/Grand Forks Prov,2011,8629.0
Population,Kootenay Boundary,RCMP Provincial,Boundary/Midway Prov,2011,2893.0
Population,Metro Vancouver,RCMP Provincial,Bowen Island Prov,2011,3405.0
Population,Metro Vancouver,RCMP Municipal,Burnaby Mun,2011,229228.0
Population,Bulkley Nechako,RCMP Provincial,Burns Lake Prov,2011,6234.0
Population,Strathcona,RCMP Municipal,Campbell River Mun,2011,31736.0
Population,Strathcona,RCMP Provincial,Campbell River Prov,2011,5300.0
Population,Central Kootenay,RCMP Municipal,Castlegar Mun,2011,7941.0
Population,Central Kootenay,RCMP Provincial,Castlegar Prov,2011,5984.0
Population,Capital,Independent Municipal,Central Saanich Mun,2011,16022.0
Population,Thompson Nicola,RCMP Provincial,Chase Prov,2011,8263.0
Population,Peace River,RCMP Provincial,Chetwynd Prov,2011,5424.0
Population,Fraser Valley,RCMP Municipal,Chilliwack Mun,2011,82941.0
Population,Fraser Valley,RCMP Provincial,Chilliwack Prov,2011,4867.0
Population,Thompson Nicola,RCMP Provincial,Clearwater Prov,2011,4280.0
Population,Thompson Nicola,RCMP Provincial,Clinton Prov,2011,1829.0
Population,North Okanagan,RCMP Municipal,Coldstream Mun,2011,10415.0
Population,East Kootenay,RCMP Provincial,Columbia Valley Prov,2011,8987.0
Population,Capital,RCMP Municipal,Colwood Mun,2011,16515.0
Population,Comox Valley,RCMP Municipal,Comox Mun,2011,13785.0
Population,Comox Valley,RCMP Provincial,Comox Valley Prov,2011,26042.0
Population,Metro Vancouver,RCMP Municipal,Coquitlam Mun,2011,130477.0
Population,Metro Vancouver,RCMP Provincial,Coquitlam Prov,2011,2804.0
Population,Comox Valley,RCMP Municipal,Courtenay Mun,2011,24596.0
Population,East Kootenay,RCMP Municipal,Cranbrook Mun,2011,19737.0
Population,East Kootenay,RCMP Provincial,Cranbrook Prov,2011,6529.0
Population,Central Kootenay,RCMP Municipal,Creston Mun,2011,NA
Population,Central Kootenay,RCMP Provincial,Creston Prov,2011,13402.0
Population,Peace River,RCMP Municipal,Dawson Creek Mun,2011,11785.0
Population,Peace River,RCMP Provincial,Dawson Creek Prov,2011,6872.0
Population,Kitimat Stikine,RCMP Provincial,Dease Lake Prov,2011,1246.0
Population,Metro Vancouver,Independent Municipal,Delta Mun,2011,102093.0
Population,Cowichan Valley,RCMP Provincial,Duncan Prov,2011,14632.0
Population,East Kootenay,RCMP Provincial,Elk Valley Prov,2011,13805.0
Population,North Okanagan,RCMP Provincial,Enderby Prov,2011,6920.0
Population,Columbia Shuswap,RCMP Provincial,Falkland Prov,2011,2828.0
Population,Bulkley Nechako,RCMP Provincial,Fort St James Prov,2011,4377.0
Population,Peace River,RCMP Municipal,Fort St John Mun,2011,19375.0
Population,Peace River,RCMP Provincial,Fort St John Prov,2011,13925.0
Population,Bulkley Nechako,RCMP Provincial,Fraser Lake Prov,2011,3355.0
Population,Nanaimo,RCMP Provincial,Gabriola Island Prov,2011,4079.0
Population,Columbia Shuswap,RCMP Provincial,Golden Prov,2011,6881.0
Population,Fraser Valley,RCMP Municipal,Hope Mun,2011,5982.0
Population,Fraser Valley,RCMP Provincial,Hope  Prov,2011,1157.0
Population,Bulkley Nechako,RCMP Provincial,Houston/Granisle Prov,2011,4571.0
Population,Peace River,RCMP Provincial,Hudson's Hope Prov,2011,1197.0
Population,Thompson Nicola,RCMP Municipal,Kamloops Mun,2011,87852.0
Population,Central Kootenay,RCMP Provincial,Kaslo Prov,2011,2350.0
Population,Central Okanagan,RCMP Municipal,Kelowna Mun,2011,119826.0
Population,Central Okanagan,RCMP Provincial,Kelowna Prov,2011,19034.0
Population,Fraser Valley,RCMP Municipal,Kent Mun,2011,5792.0
Population,Okanagan Similkameen,RCMP Provincial,Keremeos Prov,2011,4695.0
Population,East Kootenay,RCMP Municipal,Kimberley Mun,2011,6721.0
Population,East Kootenay,RCMP Provincial,Kimberley Prov,2011,1900.0
Population,Kitimat Stikine,RCMP Municipal,Kitimat Mun,2011,8538.0
Population,Kitimat Stikine,RCMP Provincial,Kitimat Prov,2011,523.0
Population,Cowichan Valley,RCMP Municipal,Ladysmith Mun,2011,7992.0
Population,Cowichan Valley,RCMP Provincial,Ladysmith Prov,2011,5794.0
Population,Central Okanagan,RCMP Municipal,Lake Country Mun,2011,11885.0
Population,Cowichan Valley,RCMP Provincial,Lake Cowichan Prov,2011,5973.0
Population,Capital,RCMP Municipal,Langford Mun,2011,30430.0
Population,Metro Vancouver,RCMP Municipal,Langley City Mun,2011,25845.0
Population,Metro Vancouver,RCMP Municipal,Langley Township Mun,2011,106814.0
Population,Squamish Lillooet,RCMP Provincial,Lillooet Prov,2011,3241.0
Population,Kitimat Stikine,RCMP Provincial,Lisims/Nass Valley Prov,2011,1935.0
Population,Thompson Nicola,RCMP Provincial,Logan Lake Prov,2011,2569.0
Population,North Okanagan,RCMP Provincial,Lumby Prov,2011,5873.0
Population,Thompson Nicola,RCMP Provincial,Lytton Prov,2011,1907.0
Population,Fraser Fort George,RCMP Provincial,Mackenzie Prov,2011,3664.0
Population,Metro Vancouver,RCMP Municipal,Maple Ridge Mun,2011,77961.0
Population,North Coast Regional District (22),RCMP Provincial,Masset Prov,2011,2062.0
Population,Fraser Fort George,RCMP Provincial,McBride Prov,2011,1678.0
Population,Thompson Nicola,RCMP Municipal,Merritt Mun,2011,7195.0
Population,Thompson Nicola,RCMP Provincial,Merritt Prov,2011,3843.0
Population,Fraser Valley,RCMP Municipal,Mission Mun,2011,37101.0
Population,Fraser Valley,RCMP Provincial,Mission Prov,2011,4246.0
Population,Central Kootenay,RCMP Provincial,Nakusp Prov,2011,3412.0
Population,Nanaimo,RCMP Municipal,Nanaimo Mun,2011,86164.0
Population,Nanaimo,RCMP Provincial,Nanaimo Prov,2011,13955.0
Population,Central Kootenay,Independent Municipal,Nelson Mun,2011,10371.0
Population,Central Kootenay,RCMP Provincial,Nelson Prov,2011,11931.0
Population,Kitimat Stikine,RCMP Provincial,New Hazelton Prov,2011,5512.0
Population,Metro Vancouver,Independent Municipal,New Westminster Mun,2011,67545.0
Population,Strathcona,RCMP Provincial,Nootka Sound Prov,2011,1931.0
Population,Cowichan Valley,RCMP Municipal,North Cowichan Mun,2011,29401.0
Population,Capital,RCMP Municipal,North Saanich Mun,2011,11109.0
Population,Metro Vancouver,RCMP Municipal,North Vancouver City Mun,2011,49396.0
Population,Metro Vancouver,RCMP Municipal,North Vancouver District Mun,2011,86063.0
Population,Metro Vancouver,RCMP Provincial,North Vancouver Prov,2011,2335.0
Population,Northern Rockies,RCMP Municipal,Northern Rockies Mun,2011,NA
Population,Northern Rockies,RCMP Provincial,Northern Rockies Prov,2011,6059.0
Population,Capital,Independent Municipal,Oak Bay Mun,2011,18037.0
Population,Nanaimo,RCMP Provincial,Oceanside Prov,2011,24377.0
Population,Cariboo,RCMP Provincial,One Hundred Mile House Prov,2011,12902.0
Population,Capital,RCMP Provincial,Outer Gulf  Islands Prov,2011,4771.0
Population,Nanaimo,RCMP Municipal,Parksville Mun,2011,12002.0
Population,Central Okanagan,RCMP Municipal,Peachland Mun,2011,NA
Population,Squamish Lillooet,RCMP Provincial,Pemberton Prov,2011,4294.0
Population,Okanagan Similkameen,RCMP Municipal,Penticton Mun,2011,33553.0
Population,Okanagan Similkameen,RCMP Provincial,Penticton Prov,2011,11376.0
Population,Metro Vancouver,RCMP Municipal,Pitt Meadows Mun,2011,18224.0
Population,Alberni Clayoquot,RCMP Municipal,Port Alberni Mun,2011,17934.0
Population,Alberni Clayoquot,RCMP Provincial,Port Alberni Prov,2011,8080.0
Population,Mount Waddington,RCMP Provincial,Port Alice Prov,2011,851.0
Population,Metro Vancouver,RCMP Municipal,Port Coquitlam Mun,2011,57267.0
Population,Mount Waddington,RCMP Provincial,Port Hardy Prov,2011,5396.0
Population,Mount Waddington,RCMP Provincial,Port McNeill Prov,2011,4493.0
Population,Metro Vancouver,Independent Municipal,Port Moody Mun,2011,34027.0
Population,Powell River,RCMP Municipal,Powell River Mun,2011,13303.0
Population,Powell River,RCMP Provincial,Powell River Prov,2011,5574.0
Population,Fraser Fort George,RCMP Municipal,Prince George Mun,2011,73803.0
Population,Fraser Fort George,RCMP Provincial,Prince George Prov,2011,13142.0
Population,North Coast Regional District (22),RCMP Municipal,Prince Rupert Mun,2011,12802.0
Population,North Coast Regional District (22),RCMP Provincial,Prince Rupert Prov,2011,1967.0
Population,Okanagan Similkameen,RCMP Provincial,Princeton Prov,2011,4938.0
Population,Strathcona,RCMP Provincial,Quadra Island Prov,2011,3517.0
Population,Nanaimo,RCMP Municipal,Qualicum Beach Mun,2011,8663.0
Population,North Coast Regional District (22),RCMP Provincial,Queen Charlotte Prov,2011,2340.0
Population,Cariboo,RCMP Municipal,Quesnel Mun,2011,10185.0
Population,Cariboo,RCMP Provincial,Quesnel Prov,2011,13316.0
Population,Columbia Shuswap,RCMP Municipal,Revelstoke Mun,2011,7287.0
Population,Columbia Shuswap,RCMP Provincial,Revelstoke Prov,2011,562.0
Population,Metro Vancouver,RCMP Municipal,Richmond Mun,2011,196001.0
Population,Metro Vancouver,RCMP Provincial,Ridge Meadows Prov,2011,94.0
Population,Capital,Independent Municipal,Saanich Mun,2011,111981.0
Population,Central Kootenay,RCMP Provincial,Salmo Prov,2011,2631.0
Population,Columbia Shuswap,RCMP Municipal,Salmon Arm Mun,2011,17772.0
Population,Columbia Shuswap,RCMP Provincial,Salmon Arm Prov,2011,9112.0
Population,Capital,RCMP Provincial,Saltspring Island Prov,2011,10347.0
Population,Strathcona,RCMP Provincial,Sayward Prov,2011,787.0
Population,Sunshine Coast,RCMP Municipal,Sechelt Mun,2011,9393.0
Population,Cowichan Valley,RCMP Provincial,Shawnigan Lake Prov,2011,17651.0
Population,Columbia Shuswap,RCMP Provincial,Sicamous Prov,2011,3774.0
Population,Capital,RCMP Municipal,Sidney Mun,2011,11197.0
Population,Capital,RCMP Provincial,Sidney Prov,2011,3508.0
Population,Central Kootenay,RCMP Provincial,Slocan Lake Prov,2011,1949.0
Population,Bulkley Nechako,RCMP Municipal,Smithers Mun,2011,5490.0
Population,Bulkley Nechako,RCMP Provincial,Smithers Prov,2011,7568.0
Population,Capital,RCMP Municipal,Sooke Mun,2011,11684.0
Population,Capital,RCMP Provincial,Sooke Prov,2011,4580.0
Population,Okanagan Similkameen,RCMP Provincial,South Okanagan/Oliver,2011,8709.0
Population,Okanagan Similkameen,RCMP Provincial,South Okanagan/Osoyoos,2011,7305.0
Population,North Okanagan,RCMP Municipal,Spallumcheen Mun,2011,NA
Population,Squamish Lillooet,RCMP Municipal,Squamish Mun,2011,18053.0
Population,Squamish Lillooet,RCMP Provincial,Squamish Prov,2011,1948.0
Population,Kitimat Stikine,RCMP Provincial,Stewart Prov,2011,495.0
Population,Squamish Lillooet,First Nations Aboriginal Police Service,Stl'atl'imx FNAPS,2011,2988.0
Population,Okanagan Similkameen,RCMP Municipal,Summerland Mun,2011,11376.0
Population,Sunshine Coast,RCMP Provincial,Sunshine Coast Prov,2011,19525.0
Population,Metro Vancouver,RCMP Municipal,Surrey Mun,2011,482904.0
Population,Bulkley Nechako,RCMP Provincial,Takla Landing Prov,2011,186.0
Population,Kitimat Stikine,RCMP Municipal,Terrace Mun,2011,11688.0
Population,Kitimat Stikine,RCMP Provincial,Terrace Prov,2011,7436.0
Population,Powell River,RCMP Provincial,Texada Island Prov,2011,1062.0
Population,Thompson Nicola,RCMP Provincial,T'Kumlups Prov,2011,8299.0
Population,Alberni Clayoquot,RCMP Provincial,Tofino Prov,2011,3327.0
Population,Kootenay Boundary,RCMP Municipal,Trail Mun,2011,7801.0
Population,Kootenay Boundary,RCMP Provincial,Trail and Greater District,2011,11089.0
Population,Fraser Fort George,RCMP Provincial,Tsay Keh Dene Prov,2011,372.0
Population,Peace River,RCMP Provincial,Tumbler Ridge Prov,2011,2814.0
Population,Alberni Clayoquot,RCMP Provincial,Ucluelet Prov,2011,2240.0
Population,Metro Vancouver,RCMP Provincial,University Prov,2011,13316.0
Population,Fraser Fort George,RCMP Provincial,Valemount Prov,2011,1599.0
Population,Metro Vancouver,Independent Municipal,Vancouver Mun,2011,620960.0
Population,Bulkley Nechako,RCMP Provincial,Vanderhoof Prov,2011,8688.0
Population,North Okanagan,RCMP Municipal,Vernon Mun,2011,38914.0
Population,North Okanagan,RCMP Provincial,Vernon Prov,2011,11154.0
Population,Capital,Independent Municipal,Victoria Mun,2011,98875.0
Population,Capital,RCMP Municipal,View Royal Mun,2011,9558.0
Population,Cariboo,RCMP Provincial,Wells Prov,2011,364.0
Population,Central Okanagan,RCMP Municipal,West Kelowna Mun,2011,31669.0
Population,Capital,RCMP Provincial,West Shore Prov,2011,9017.0
Population,Metro Vancouver,Independent Municipal,West Vancouver Mun,2011,45690.0
Population,Squamish Lillooet,RCMP Municipal,Whistler Mun,2011,10333.0
Population,Squamish Lillooet,RCMP Provincial,Whistler Prov,2011,299.0
Population,Metro Vancouver,RCMP Municipal,White Rock Mun,2011,19327.0
Population,Cariboo,RCMP Municipal,Williams Lake Mun,2011,11164.0
Population,Cariboo,RCMP Provincial,Williams Lake Prov,2011,12899.0
Criminal Code Offences,Fraser Valley,Independent Municipal,Abbotsford Mun,2012,7271.0
Criminal Code Offences,Fraser Valley,RCMP Provincial,Agassiz Prov,2012,469.0
Criminal Code Offences,Mount Waddington,RCMP Provincial,Alert Bay Prov,2012,277.0
Criminal Code Offences,Cariboo,RCMP Provincial,Alexis Creek Prov,2012,328.0
Criminal Code Offences,Cariboo,RCMP Provincial,Anahim Lake Prov,2012,183.0
Criminal Code Offences,North Okanagan,RCMP Provincial,Armstrong Prov,2012,276.0
Criminal Code Offences,Thompson Nicola,RCMP Provincial,Ashcroft Prov,2012,229.0
Criminal Code Offences,Kitimat Stikine,RCMP Provincial,Atlin Prov,2012,118.0
Criminal Code Offences,Thompson Nicola,RCMP Provincial,Barriere Prov,2012,198.0
Criminal Code Offences,Central Coast,RCMP Provincial,Bella Bella Prov,2012,391.0
Criminal Code Offences,Central Coast,RCMP Provincial,Bella Coola Prov,2012,396.0
Criminal Code Offences,Fraser Valley,RCMP Provincial,Boston Bar Prov,2012,114.0
Criminal Code Offences,Kootenay Boundary,RCMP Provincial,Boundary/Grand Forks Prov,2012,611.0
Criminal Code Offences,Kootenay Boundary,RCMP Provincial,Boundary/Midway Prov,2012,160.0
Criminal Code Offences,Metro Vancouver,RCMP Provincial,Bowen Island Prov,2012,67.0
Criminal Code Offences,Metro Vancouver,RCMP Municipal,Burnaby Mun,2012,14965.0
Criminal Code Offences,Bulkley Nechako,RCMP Provincial,Burns Lake Prov,2012,996.0
Criminal Code Offences,Strathcona,RCMP Municipal,Campbell River Mun,2012,3279.0
Criminal Code Offences,Strathcona,RCMP Provincial,Campbell River Prov,2012,432.0
Criminal Code Offences,Central Kootenay,RCMP Municipal,Castlegar Mun,2012,701.0
Criminal Code Offences,Central Kootenay,RCMP Provincial,Castlegar Prov,2012,250.0
Criminal Code Offences,Capital,Independent Municipal,Central Saanich Mun,2012,526.0
Criminal Code Offences,Thompson Nicola,RCMP Provincial,Chase Prov,2012,556.0
Criminal Code Offences,Peace River,RCMP Provincial,Chetwynd Prov,2012,690.0
Criminal Code Offences,Fraser Valley,RCMP Municipal,Chilliwack Mun,2012,8187.0
Criminal Code Offences,Fraser Valley,RCMP Provincial,Chilliwack Prov,2012,638.0
Criminal Code Offences,Thompson Nicola,RCMP Provincial,Clearwater Prov,2012,301.0
Criminal Code Offences,Thompson Nicola,RCMP Provincial,Clinton Prov,2012,120.0
Criminal Code Offences,North Okanagan,RCMP Municipal,Coldstream Mun,2012,305.0
Criminal Code Offences,East Kootenay,RCMP Provincial,Columbia Valley Prov,2012,769.0
Criminal Code Offences,Capital,RCMP Municipal,Colwood Mun,2012,664.0
Criminal Code Offences,Comox Valley,RCMP Municipal,Comox Mun,2012,432.0
Criminal Code Offences,Comox Valley,RCMP Provincial,Comox Valley Prov,2012,992.0
Criminal Code Offences,Metro Vancouver,RCMP Municipal,Coquitlam Mun,2012,7489.0
Criminal Code Offences,Metro Vancouver,RCMP Provincial,Coquitlam Prov,2012,84.0
Criminal Code Offences,Comox Valley,RCMP Municipal,Courtenay Mun,2012,2289.0
Criminal Code Offences,East Kootenay,RCMP Municipal,Cranbrook Mun,2012,2031.0
Criminal Code Offences,East Kootenay,RCMP Provincial,Cranbrook Prov,2012,293.0
Criminal Code Offences,Central Kootenay,RCMP Municipal,Creston Mun,2012,407.0
Criminal Code Offences,Central Kootenay,RCMP Provincial,Creston Prov,2012,429.0
Criminal Code Offences,Peace River,RCMP Municipal,Dawson Creek Mun,2012,1776.0
Criminal Code Offences,Peace River,RCMP Provincial,Dawson Creek Prov,2012,265.0
Criminal Code Offences,Kitimat Stikine,RCMP Provincial,Dease Lake Prov,2012,170.0
Criminal Code Offences,Metro Vancouver,Independent Municipal,Delta Mun,2012,5449.0
Criminal Code Offences,Cowichan Valley,RCMP Provincial,Duncan Prov,2012,2054.0
Criminal Code Offences,East Kootenay,RCMP Provincial,Elk Valley Prov,2012,879.0
Criminal Code Offences,North Okanagan,RCMP Provincial,Enderby Prov,2012,407.0
Criminal Code Offences,Columbia Shuswap,RCMP Provincial,Falkland Prov,2012,123.0
Criminal Code Offences,Bulkley Nechako,RCMP Provincial,Fort St James Prov,2012,1182.0
Criminal Code Offences,Peace River,RCMP Municipal,Fort St John Mun,2012,3089.0
Criminal Code Offences,Peace River,RCMP Provincial,Fort St John Prov,2012,632.0
Criminal Code Offences,Bulkley Nechako,RCMP Provincial,Fraser Lake Prov,2012,263.0
Criminal Code Offences,Nanaimo,RCMP Provincial,Gabriola Island Prov,2012,156.0
Criminal Code Offences,Columbia Shuswap,RCMP Provincial,Golden Prov,2012,586.0
Criminal Code Offences,Fraser Valley,RCMP Municipal,Hope Mun,2012,870.0
Criminal Code Offences,Fraser Valley,RCMP Provincial,Hope  Prov,2012,149.0
Criminal Code Offences,Bulkley Nechako,RCMP Provincial,Houston/Granisle Prov,2012,600.0
Criminal Code Offences,Peace River,RCMP Provincial,Hudson's Hope Prov,2012,106.0
Criminal Code Offences,Thompson Nicola,RCMP Municipal,Kamloops Mun,2012,8623.0
Criminal Code Offences,Central Kootenay,RCMP Provincial,Kaslo Prov,2012,136.0
Criminal Code Offences,Central Okanagan,RCMP Municipal,Kelowna Mun,2012,12746.0
Criminal Code Offences,Central Okanagan,RCMP Provincial,Kelowna Prov,2012,1157.0
Criminal Code Offences,Fraser Valley,RCMP Municipal,Kent Mun,2012,367.0
Criminal Code Offences,Okanagan Similkameen,RCMP Provincial,Keremeos Prov,2012,272.0
Criminal Code Offences,East Kootenay,RCMP Municipal,Kimberley Mun,2012,323.0
Criminal Code Offences,East Kootenay,RCMP Provincial,Kimberley Prov,2012,49.0
Criminal Code Offences,Kitimat Stikine,RCMP Municipal,Kitimat Mun,2012,955.0
Criminal Code Offences,Kitimat Stikine,RCMP Provincial,Kitimat Prov,2012,30.0
Criminal Code Offences,Cowichan Valley,RCMP Municipal,Ladysmith Mun,2012,536.0
Criminal Code Offences,Cowichan Valley,RCMP Provincial,Ladysmith Prov,2012,298.0
Criminal Code Offences,Central Okanagan,RCMP Municipal,Lake Country Mun,2012,752.0
Criminal Code Offences,Cowichan Valley,RCMP Provincial,Lake Cowichan Prov,2012,349.0
Criminal Code Offences,Capital,RCMP Municipal,Langford Mun,2012,2002.0
Criminal Code Offences,Metro Vancouver,RCMP Municipal,Langley City Mun,2012,4018.0
Criminal Code Offences,Metro Vancouver,RCMP Municipal,Langley Township Mun,2012,8177.0
Criminal Code Offences,Squamish Lillooet,RCMP Provincial,Lillooet Prov,2012,531.0
Criminal Code Offences,Kitimat Stikine,RCMP Provincial,Lisims/Nass Valley Prov,2012,407.0
Criminal Code Offences,Thompson Nicola,RCMP Provincial,Logan Lake Prov,2012,135.0
Criminal Code Offences,North Okanagan,RCMP Provincial,Lumby Prov,2012,304.0
Criminal Code Offences,Thompson Nicola,RCMP Provincial,Lytton Prov,2012,199.0
Criminal Code Offences,Fraser Fort George,RCMP Provincial,Mackenzie Prov,2012,608.0
Criminal Code Offences,Metro Vancouver,RCMP Municipal,Maple Ridge Mun,2012,5896.0
Criminal Code Offences,North Coast Regional District (22),RCMP Provincial,Masset Prov,2012,316.0
Criminal Code Offences,Fraser Fort George,RCMP Provincial,McBride Prov,2012,111.0
Criminal Code Offences,Thompson Nicola,RCMP Municipal,Merritt Mun,2012,1257.0
Criminal Code Offences,Thompson Nicola,RCMP Provincial,Merritt Prov,2012,311.0
Criminal Code Offences,Fraser Valley,RCMP Municipal,Mission Mun,2012,3713.0
Criminal Code Offences,Fraser Valley,RCMP Provincial,Mission Prov,2012,264.0
Criminal Code Offences,Central Kootenay,RCMP Provincial,Nakusp Prov,2012,234.0
Criminal Code Offences,Nanaimo,RCMP Municipal,Nanaimo Mun,2012,9176.0
Criminal Code Offences,Nanaimo,RCMP Provincial,Nanaimo Prov,2012,466.0
Criminal Code Offences,Central Kootenay,Independent Municipal,Nelson Mun,2012,996.0
Criminal Code Offences,Central Kootenay,RCMP Provincial,Nelson Prov,2012,282.0
Criminal Code Offences,Kitimat Stikine,RCMP Provincial,New Hazelton Prov,2012,1197.0
Criminal Code Offences,Metro Vancouver,Independent Municipal,New Westminster Mun,2012,5851.0
Criminal Code Offences,Strathcona,RCMP Provincial,Nootka Sound Prov,2012,197.0
Criminal Code Offences,Cowichan Valley,RCMP Municipal,North Cowichan Mun,2012,2302.0
Criminal Code Offences,Capital,RCMP Municipal,North Saanich Mun,2012,333.0
Criminal Code Offences,Metro Vancouver,RCMP Municipal,North Vancouver City Mun,2012,3430.0
Criminal Code Offences,Metro Vancouver,RCMP Municipal,North Vancouver District Mun,2012,3490.0
Criminal Code Offences,Metro Vancouver,RCMP Provincial,North Vancouver Prov,2012,372.0
Criminal Code Offences,Northern Rockies,RCMP Municipal,Northern Rockies Mun,2012,NA
Criminal Code Offences,Northern Rockies,RCMP Provincial,Northern Rockies Prov,2012,1242.0
Criminal Code Offences,Capital,Independent Municipal,Oak Bay Mun,2012,685.0
Criminal Code Offences,Nanaimo,RCMP Provincial,Oceanside Prov,2012,727.0
Criminal Code Offences,Cariboo,RCMP Provincial,One Hundred Mile House Prov,2012,654.0
Criminal Code Offences,Capital,RCMP Provincial,Outer Gulf  Islands Prov,2012,132.0
Criminal Code Offences,Nanaimo,RCMP Municipal,Parksville Mun,2012,893.0
Criminal Code Offences,Central Okanagan,RCMP Municipal,Peachland Mun,2012,157.0
Criminal Code Offences,Squamish Lillooet,RCMP Provincial,Pemberton Prov,2012,312.0
Criminal Code Offences,Okanagan Similkameen,RCMP Municipal,Penticton Mun,2012,4146.0
Criminal Code Offences,Okanagan Similkameen,RCMP Provincial,Penticton Prov,2012,469.0
Criminal Code Offences,Metro Vancouver,RCMP Municipal,Pitt Meadows Mun,2012,1110.0
Criminal Code Offences,Alberni Clayoquot,RCMP Municipal,Port Alberni Mun,2012,2291.0
Criminal Code Offences,Alberni Clayoquot,RCMP Provincial,Port Alberni Prov,2012,365.0
Criminal Code Offences,Mount Waddington,RCMP Provincial,Port Alice Prov,2012,53.0
Criminal Code Offences,Metro Vancouver,RCMP Municipal,Port Coquitlam Mun,2012,4157.0
Criminal Code Offences,Mount Waddington,RCMP Provincial,Port Hardy Prov,2012,789.0
Criminal Code Offences,Mount Waddington,RCMP Provincial,Port McNeill Prov,2012,266.0
Criminal Code Offences,Metro Vancouver,Independent Municipal,Port Moody Mun,2012,1141.0
Criminal Code Offences,Powell River,RCMP Municipal,Powell River Mun,2012,1120.0
Criminal Code Offences,Powell River,RCMP Provincial,Powell River Prov,2012,255.0
Criminal Code Offences,Fraser Fort George,RCMP Municipal,Prince George Mun,2012,11761.0
Criminal Code Offences,Fraser Fort George,RCMP Provincial,Prince George Prov,2012,484.0
Criminal Code Offences,North Coast Regional District (22),RCMP Municipal,Prince Rupert Mun,2012,3360.0
Criminal Code Offences,North Coast Regional District (22),RCMP Provincial,Prince Rupert Prov,2012,339.0
Criminal Code Offences,Okanagan Similkameen,RCMP Provincial,Princeton Prov,2012,346.0
Criminal Code Offences,Strathcona,RCMP Provincial,Quadra Island Prov,2012,144.0
Criminal Code Offences,Nanaimo,RCMP Municipal,Qualicum Beach Mun,2012,352.0
Criminal Code Offences,North Coast Regional District (22),RCMP Provincial,Queen Charlotte Prov,2012,190.0
Criminal Code Offences,Cariboo,RCMP Municipal,Quesnel Mun,2012,2127.0
Criminal Code Offences,Cariboo,RCMP Provincial,Quesnel Prov,2012,642.0
Criminal Code Offences,Columbia Shuswap,RCMP Municipal,Revelstoke Mun,2012,633.0
Criminal Code Offences,Columbia Shuswap,RCMP Provincial,Revelstoke Prov,2012,51.0
Criminal Code Offences,Metro Vancouver,RCMP Municipal,Richmond Mun,2012,11453.0
Criminal Code Offences,Metro Vancouver,RCMP Provincial,Ridge Meadows Prov,2012,1153.0
Criminal Code Offences,Capital,Independent Municipal,Saanich Mun,2012,4921.0
Criminal Code Offences,Central Kootenay,RCMP Provincial,Salmo Prov,2012,255.0
Criminal Code Offences,Columbia Shuswap,RCMP Municipal,Salmon Arm Mun,2012,1320.0
Criminal Code Offences,Columbia Shuswap,RCMP Provincial,Salmon Arm Prov,2012,274.0
Criminal Code Offences,Capital,RCMP Provincial,Saltspring Island Prov,2012,394.0
Criminal Code Offences,Strathcona,RCMP Provincial,Sayward Prov,2012,49.0
Criminal Code Offences,Sunshine Coast,RCMP Municipal,Sechelt Mun,2012,681.0
Criminal Code Offences,Cowichan Valley,RCMP Provincial,Shawnigan Lake Prov,2012,672.0
Criminal Code Offences,Columbia Shuswap,RCMP Provincial,Sicamous Prov,2012,329.0
Criminal Code Offences,Capital,RCMP Municipal,Sidney Mun,2012,625.0
Criminal Code Offences,Capital,RCMP Provincial,Sidney Prov,2012,254.0
Criminal Code Offences,Central Kootenay,RCMP Provincial,Slocan Lake Prov,2012,188.0
Criminal Code Offences,Bulkley Nechako,RCMP Municipal,Smithers Mun,2012,806.0
Criminal Code Offences,Bulkley Nechako,RCMP Provincial,Smithers Prov,2012,399.0
Criminal Code Offences,Capital,RCMP Municipal,Sooke Mun,2012,534.0
Criminal Code Offences,Capital,RCMP Provincial,Sooke Prov,2012,162.0
Criminal Code Offences,Okanagan Similkameen,RCMP Provincial,South Okanagan/Oliver,2012,700.0
Criminal Code Offences,Okanagan Similkameen,RCMP Provincial,South Okanagan/Osoyoos,2012,564.0
Criminal Code Offences,North Okanagan,RCMP Municipal,Spallumcheen Mun,2012,124.0
Criminal Code Offences,Squamish Lillooet,RCMP Municipal,Squamish Mun,2012,1831.0
Criminal Code Offences,Squamish Lillooet,RCMP Provincial,Squamish Prov,2012,129.0
Criminal Code Offences,Kitimat Stikine,RCMP Provincial,Stewart Prov,2012,65.0
Criminal Code Offences,Squamish Lillooet,First Nations Aboriginal Police Service,Stl'atl'imx FNAPS,2012,387.0
Criminal Code Offences,Okanagan Similkameen,RCMP Municipal,Summerland Mun,2012,487.0
Criminal Code Offences,Sunshine Coast,RCMP Provincial,Sunshine Coast Prov,2012,1044.0
Criminal Code Offences,Metro Vancouver,RCMP Municipal,Surrey Mun,2012,43105.0
Criminal Code Offences,Bulkley Nechako,RCMP Provincial,Takla Landing Prov,2012,124.0
Criminal Code Offences,Kitimat Stikine,RCMP Municipal,Terrace Mun,2012,2331.0
Criminal Code Offences,Kitimat Stikine,RCMP Provincial,Terrace Prov,2012,657.0
Criminal Code Offences,Powell River,RCMP Provincial,Texada Island Prov,2012,66.0
Criminal Code Offences,Thompson Nicola,RCMP Provincial,T'Kumlups Prov,2012,604.0
Criminal Code Offences,Alberni Clayoquot,RCMP Provincial,Tofino Prov,2012,545.0
Criminal Code Offences,Kootenay Boundary,RCMP Municipal,Trail Mun,2012,904.0
Criminal Code Offences,Kootenay Boundary,RCMP Provincial,Trail and Greater District,2012,485.0
Criminal Code Offences,Fraser Fort George,RCMP Provincial,Tsay Keh Dene Prov,2012,313.0
Criminal Code Offences,Peace River,RCMP Provincial,Tumbler Ridge Prov,2012,201.0
Criminal Code Offences,Alberni Clayoquot,RCMP Provincial,Ucluelet Prov,2012,198.0
Criminal Code Offences,Metro Vancouver,RCMP Provincial,University Prov,2012,1231.0
Criminal Code Offences,Fraser Fort George,RCMP Provincial,Valemount Prov,2012,177.0
Criminal Code Offences,Metro Vancouver,Independent Municipal,Vancouver Mun,2012,48796.0
Criminal Code Offences,Bulkley Nechako,RCMP Provincial,Vanderhoof Prov,2012,1264.0
Criminal Code Offences,North Okanagan,RCMP Municipal,Vernon Mun,2012,4418.0
Criminal Code Offences,North Okanagan,RCMP Provincial,Vernon Prov,2012,496.0
Criminal Code Offences,Capital,Independent Municipal,Victoria Mun,2012,10184.0
Criminal Code Offences,Capital,RCMP Municipal,View Royal Mun,2012,509.0
Criminal Code Offences,Cariboo,RCMP Provincial,Wells Prov,2012,22.0
Criminal Code Offences,Central Okanagan,RCMP Municipal,West Kelowna Mun,2012,1517.0
Criminal Code Offences,Capital,RCMP Provincial,West Shore Prov,2012,339.0
Criminal Code Offences,Metro Vancouver,Independent Municipal,West Vancouver Mun,2012,1777.0
Criminal Code Offences,Squamish Lillooet,RCMP Municipal,Whistler Mun,2012,1721.0
Criminal Code Offences,Squamish Lillooet,RCMP Provincial,Whistler Prov,2012,15.0
Criminal Code Offences,Metro Vancouver,RCMP Municipal,White Rock Mun,2012,1155.0
Criminal Code Offences,Cariboo,RCMP Municipal,Williams Lake Mun,2012,3039.0
Criminal Code Offences,Cariboo,RCMP Provincial,Williams Lake Prov,2012,613.0
Crime Rates,Fraser Valley,Independent Municipal,Abbotsford Mun,2012,52.54
Crime Rates,Fraser Valley,RCMP Provincial,Agassiz Prov,2012,123.1
Crime Rates,Mount Waddington,RCMP Provincial,Alert Bay Prov,2012,204.28
Crime Rates,Cariboo,RCMP Provincial,Alexis Creek Prov,2012,191.93
Crime Rates,Cariboo,RCMP Provincial,Anahim Lake Prov,2012,258.84000000000003
Crime Rates,North Okanagan,RCMP Provincial,Armstrong Prov,2012,50.42
Crime Rates,Thompson Nicola,RCMP Provincial,Ashcroft Prov,2012,61.71
Crime Rates,Kitimat Stikine,RCMP Provincial,Atlin Prov,2012,279.62
Crime Rates,Thompson Nicola,RCMP Provincial,Barriere Prov,2012,50.56
Crime Rates,Central Coast,RCMP Provincial,Bella Bella Prov,2012,237.26
Crime Rates,Central Coast,RCMP Provincial,Bella Coola Prov,2012,202.97
Crime Rates,Fraser Valley,RCMP Provincial,Boston Bar Prov,2012,180.95000000000002
Crime Rates,Kootenay Boundary,RCMP Provincial,Boundary/Grand Forks Prov,2012,71.61
Crime Rates,Kootenay Boundary,RCMP Provincial,Boundary/Midway Prov,2012,56.42
Crime Rates,Metro Vancouver,RCMP Provincial,Bowen Island Prov,2012,19.38
Crime Rates,Metro Vancouver,RCMP Municipal,Burnaby Mun,2012,64.19
Crime Rates,Bulkley Nechako,RCMP Provincial,Burns Lake Prov,2012,160.03
Crime Rates,Strathcona,RCMP Municipal,Campbell River Mun,2012,103.53
Crime Rates,Strathcona,RCMP Provincial,Campbell River Prov,2012,82.17999999999999
Crime Rates,Central Kootenay,RCMP Municipal,Castlegar Mun,2012,88.61999999999999
Crime Rates,Central Kootenay,RCMP Provincial,Castlegar Prov,2012,42.02
Crime Rates,Capital,Independent Municipal,Central Saanich Mun,2012,32.83
Crime Rates,Thompson Nicola,RCMP Provincial,Chase Prov,2012,67.16999999999999
Crime Rates,Peace River,RCMP Provincial,Chetwynd Prov,2012,126.93
Crime Rates,Fraser Valley,RCMP Municipal,Chilliwack Mun,2012,98.25
Crime Rates,Fraser Valley,RCMP Provincial,Chilliwack Prov,2012,132.7
Crime Rates,Thompson Nicola,RCMP Provincial,Clearwater Prov,2012,69.64
Crime Rates,Thompson Nicola,RCMP Provincial,Clinton Prov,2012,65.32
Crime Rates,North Okanagan,RCMP Municipal,Coldstream Mun,2012,29.650000000000002
Crime Rates,East Kootenay,RCMP Provincial,Columbia Valley Prov,2012,85.99000000000001
Crime Rates,Capital,RCMP Municipal,Colwood Mun,2012,39.879999999999995
Crime Rates,Comox Valley,RCMP Municipal,Comox Mun,2012,31.86
Crime Rates,Comox Valley,RCMP Provincial,Comox Valley Prov,2012,38.260000000000005
Crime Rates,Metro Vancouver,RCMP Municipal,Coquitlam Mun,2012,55.9
Crime Rates,Metro Vancouver,RCMP Provincial,Coquitlam Prov,2012,29.279999999999998
Crime Rates,Comox Valley,RCMP Municipal,Courtenay Mun,2012,93.19
Crime Rates,East Kootenay,RCMP Municipal,Cranbrook Mun,2012,103.55
Crime Rates,East Kootenay,RCMP Provincial,Cranbrook Prov,2012,44.93
Crime Rates,Central Kootenay,RCMP Municipal,Creston Mun,2012,76.86
Crime Rates,Central Kootenay,RCMP Provincial,Creston Prov,2012,53.309999999999995
Crime Rates,Peace River,RCMP Municipal,Dawson Creek Mun,2012,148.76999999999998
Crime Rates,Peace River,RCMP Provincial,Dawson Creek Prov,2012,38.17
Crime Rates,Kitimat Stikine,RCMP Provincial,Dease Lake Prov,2012,130.07
Crime Rates,Metro Vancouver,Independent Municipal,Delta Mun,2012,53.03
Crime Rates,Cowichan Valley,RCMP Provincial,Duncan Prov,2012,141.03
Crime Rates,East Kootenay,RCMP Provincial,Elk Valley Prov,2012,64.32
Crime Rates,North Okanagan,RCMP Provincial,Enderby Prov,2012,59.41
Crime Rates,Columbia Shuswap,RCMP Provincial,Falkland Prov,2012,43.260000000000005
Crime Rates,Bulkley Nechako,RCMP Provincial,Fort St James Prov,2012,268.45
Crime Rates,Peace River,RCMP Municipal,Fort St John Mun,2012,155.46
Crime Rates,Peace River,RCMP Provincial,Fort St John Prov,2012,44.809999999999995
Crime Rates,Bulkley Nechako,RCMP Provincial,Fraser Lake Prov,2012,78.34
Crime Rates,Nanaimo,RCMP Provincial,Gabriola Island Prov,2012,37.949999999999996
Crime Rates,Columbia Shuswap,RCMP Provincial,Golden Prov,2012,85.6
Crime Rates,Fraser Valley,RCMP Municipal,Hope Mun,2012,148.10999999999999
Crime Rates,Fraser Valley,RCMP Provincial,Hope  Prov,2012,130.47
Crime Rates,Bulkley Nechako,RCMP Provincial,Houston/Granisle Prov,2012,133.16
Crime Rates,Peace River,RCMP Provincial,Hudson's Hope Prov,2012,87.53
Crime Rates,Thompson Nicola,RCMP Municipal,Kamloops Mun,2012,98.32
Crime Rates,Central Kootenay,RCMP Provincial,Kaslo Prov,2012,57.9
Crime Rates,Central Okanagan,RCMP Municipal,Kelowna Mun,2012,105.97
Crime Rates,Central Okanagan,RCMP Provincial,Kelowna Prov,2012,78.8
Crime Rates,Fraser Valley,RCMP Municipal,Kent Mun,2012,63.2
Crime Rates,Okanagan Similkameen,RCMP Provincial,Keremeos Prov,2012,58.49
Crime Rates,East Kootenay,RCMP Municipal,Kimberley Mun,2012,49.120000000000005
Crime Rates,East Kootenay,RCMP Provincial,Kimberley Prov,2012,25.82
Crime Rates,Kitimat Stikine,RCMP Municipal,Kitimat Mun,2012,114.6
Crime Rates,Kitimat Stikine,RCMP Provincial,Kitimat Prov,2012,54.64
Crime Rates,Cowichan Valley,RCMP Municipal,Ladysmith Mun,2012,66.41000000000001
Crime Rates,Cowichan Valley,RCMP Provincial,Ladysmith Prov,2012,51.67
Crime Rates,Central Okanagan,RCMP Municipal,Lake Country Mun,2012,61.67
Crime Rates,Cowichan Valley,RCMP Provincial,Lake Cowichan Prov,2012,58.06
Crime Rates,Capital,RCMP Municipal,Langford Mun,2012,63.160000000000004
Crime Rates,Metro Vancouver,RCMP Municipal,Langley City Mun,2012,150.91
Crime Rates,Metro Vancouver,RCMP Municipal,Langley Township Mun,2012,74.61
Crime Rates,Squamish Lillooet,RCMP Provincial,Lillooet Prov,2012,160.37
Crime Rates,Kitimat Stikine,RCMP Provincial,Lisims/Nass Valley Prov,2012,200.2
Crime Rates,Thompson Nicola,RCMP Provincial,Logan Lake Prov,2012,52.9
Crime Rates,North Okanagan,RCMP Provincial,Lumby Prov,2012,51.54
Crime Rates,Thompson Nicola,RCMP Provincial,Lytton Prov,2012,103.43
Crime Rates,Fraser Fort George,RCMP Provincial,Mackenzie Prov,2012,166.99
Crime Rates,Metro Vancouver,RCMP Municipal,Maple Ridge Mun,2012,74.52
Crime Rates,North Coast Regional District (22),RCMP Provincial,Masset Prov,2012,156.13
Crime Rates,Fraser Fort George,RCMP Provincial,McBride Prov,2012,66.47
Crime Rates,Thompson Nicola,RCMP Municipal,Merritt Mun,2012,173.70999999999998
Crime Rates,Thompson Nicola,RCMP Provincial,Merritt Prov,2012,80.26
Crime Rates,Fraser Valley,RCMP Municipal,Mission Mun,2012,98.78
Crime Rates,Fraser Valley,RCMP Provincial,Mission Prov,2012,62.93
Crime Rates,Central Kootenay,RCMP Provincial,Nakusp Prov,2012,69.03
Crime Rates,Nanaimo,RCMP Municipal,Nanaimo Mun,2012,106.53
Crime Rates,Nanaimo,RCMP Provincial,Nanaimo Prov,2012,33.14
Crime Rates,Central Kootenay,Independent Municipal,Nelson Mun,2012,97.07
Crime Rates,Central Kootenay,RCMP Provincial,Nelson Prov,2012,23.7
Crime Rates,Kitimat Stikine,RCMP Provincial,New Hazelton Prov,2012,209.34
Crime Rates,Metro Vancouver,Independent Municipal,New Westminster Mun,2012,85.3
Crime Rates,Strathcona,RCMP Provincial,Nootka Sound Prov,2012,103.63
Crime Rates,Cowichan Valley,RCMP Municipal,North Cowichan Mun,2012,78.75
Crime Rates,Capital,RCMP Municipal,North Saanich Mun,2012,30.06
Crime Rates,Metro Vancouver,RCMP Municipal,North Vancouver City Mun,2012,68.16
Crime Rates,Metro Vancouver,RCMP Municipal,North Vancouver District Mun,2012,40.220000000000006
Crime Rates,Metro Vancouver,RCMP Provincial,North Vancouver Prov,2012,149.7
Crime Rates,Northern Rockies,RCMP Municipal,Northern Rockies Mun,2012,NA
Crime Rates,Northern Rockies,RCMP Provincial,Northern Rockies Prov,2012,206.83
Crime Rates,Capital,Independent Municipal,Oak Bay Mun,2012,38.43
Crime Rates,Nanaimo,RCMP Provincial,Oceanside Prov,2012,29.6
Crime Rates,Cariboo,RCMP Provincial,One Hundred Mile House Prov,2012,50.9
Crime Rates,Capital,RCMP Provincial,Outer Gulf  Islands Prov,2012,27.610000000000003
Crime Rates,Nanaimo,RCMP Municipal,Parksville Mun,2012,74.3
Crime Rates,Central Okanagan,RCMP Municipal,Peachland Mun,2012,30.74
Crime Rates,Squamish Lillooet,RCMP Provincial,Pemberton Prov,2012,70.35
Crime Rates,Okanagan Similkameen,RCMP Municipal,Penticton Mun,2012,124.98
Crime Rates,Okanagan Similkameen,RCMP Provincial,Penticton Prov,2012,41.63
Crime Rates,Metro Vancouver,RCMP Municipal,Pitt Meadows Mun,2012,59.92
Crime Rates,Alberni Clayoquot,RCMP Municipal,Port Alberni Mun,2012,132.55
Crime Rates,Alberni Clayoquot,RCMP Provincial,Port Alberni Prov,2012,44.6
Crime Rates,Mount Waddington,RCMP Provincial,Port Alice Prov,2012,63.4
Crime Rates,Metro Vancouver,RCMP Municipal,Port Coquitlam Mun,2012,70.84
Crime Rates,Mount Waddington,RCMP Provincial,Port Hardy Prov,2012,146.98000000000002
Crime Rates,Mount Waddington,RCMP Provincial,Port McNeill Prov,2012,60.290000000000006
Crime Rates,Metro Vancouver,Independent Municipal,Port Moody Mun,2012,33.53
Crime Rates,Powell River,RCMP Municipal,Powell River Mun,2012,86.05
Crime Rates,Powell River,RCMP Provincial,Powell River Prov,2012,46.11
Crime Rates,Fraser Fort George,RCMP Municipal,Prince George Mun,2012,159.99
Crime Rates,Fraser Fort George,RCMP Provincial,Prince George Prov,2012,37.02
Crime Rates,North Coast Regional District (22),RCMP Municipal,Prince Rupert Mun,2012,268.61
Crime Rates,North Coast Regional District (22),RCMP Provincial,Prince Rupert Prov,2012,173.31
Crime Rates,Okanagan Similkameen,RCMP Provincial,Princeton Prov,2012,70.25
Crime Rates,Strathcona,RCMP Provincial,Quadra Island Prov,2012,41.27
Crime Rates,Nanaimo,RCMP Municipal,Qualicum Beach Mun,2012,41.01
Crime Rates,North Coast Regional District (22),RCMP Provincial,Queen Charlotte Prov,2012,81.76
Crime Rates,Cariboo,RCMP Municipal,Quesnel Mun,2012,211.81
Crime Rates,Cariboo,RCMP Provincial,Quesnel Prov,2012,48.32
Crime Rates,Columbia Shuswap,RCMP Municipal,Revelstoke Mun,2012,89.44000000000001
Crime Rates,Columbia Shuswap,RCMP Provincial,Revelstoke Prov,2012,90.43
Crime Rates,Metro Vancouver,RCMP Municipal,Richmond Mun,2012,57.68
Crime Rates,Metro Vancouver,RCMP Provincial,Ridge Meadows Prov,2012,12397.849999999999
Crime Rates,Capital,Independent Municipal,Saanich Mun,2012,44.03
Crime Rates,Central Kootenay,RCMP Provincial,Salmo Prov,2012,96.59
Crime Rates,Columbia Shuswap,RCMP Municipal,Salmon Arm Mun,2012,75.79
Crime Rates,Columbia Shuswap,RCMP Provincial,Salmon Arm Prov,2012,29.93
Crime Rates,Capital,RCMP Provincial,Saltspring Island Prov,2012,38.0
Crime Rates,Strathcona,RCMP Provincial,Sayward Prov,2012,63.06
Crime Rates,Sunshine Coast,RCMP Municipal,Sechelt Mun,2012,71.81
Crime Rates,Cowichan Valley,RCMP Provincial,Shawnigan Lake Prov,2012,38.25
Crime Rates,Columbia Shuswap,RCMP Provincial,Sicamous Prov,2012,87.43
Crime Rates,Capital,RCMP Municipal,Sidney Mun,2012,55.78
Crime Rates,Capital,RCMP Provincial,Sidney Prov,2012,72.24000000000001
Crime Rates,Central Kootenay,RCMP Provincial,Slocan Lake Prov,2012,96.41000000000001
Crime Rates,Bulkley Nechako,RCMP Municipal,Smithers Mun,2012,150.2
Crime Rates,Bulkley Nechako,RCMP Provincial,Smithers Prov,2012,52.44
Crime Rates,Capital,RCMP Municipal,Sooke Mun,2012,45.05
Crime Rates,Capital,RCMP Provincial,Sooke Prov,2012,35.290000000000006
Crime Rates,Okanagan Similkameen,RCMP Provincial,South Okanagan/Oliver,2012,81.14999999999999
Crime Rates,Okanagan Similkameen,RCMP Provincial,South Okanagan/Osoyoos,2012,78.02
Crime Rates,North Okanagan,RCMP Municipal,Spallumcheen Mun,2012,24.41
Crime Rates,Squamish Lillooet,RCMP Municipal,Squamish Mun,2012,99.83
Crime Rates,Squamish Lillooet,RCMP Provincial,Squamish Prov,2012,65.25
Crime Rates,Kitimat Stikine,RCMP Provincial,Stewart Prov,2012,150.81
Crime Rates,Squamish Lillooet,First Nations Aboriginal Police Service,Stl'atl'imx FNAPS,2012,123.52
Crime Rates,Okanagan Similkameen,RCMP Municipal,Summerland Mun,2012,43.849999999999994
Crime Rates,Sunshine Coast,RCMP Provincial,Sunshine Coast Prov,2012,56.04
Crime Rates,Metro Vancouver,RCMP Municipal,Surrey Mun,2012,87.05
Crime Rates,Bulkley Nechako,RCMP Provincial,Takla Landing Prov,2012,663.1
Crime Rates,Kitimat Stikine,RCMP Municipal,Terrace Mun,2012,205.09
Crime Rates,Kitimat Stikine,RCMP Provincial,Terrace Prov,2012,84.1
Crime Rates,Powell River,RCMP Provincial,Texada Island Prov,2012,62.620000000000005
Crime Rates,Thompson Nicola,RCMP Provincial,T'Kumlups Prov,2012,72.11999999999999
Crime Rates,Alberni Clayoquot,RCMP Provincial,Tofino Prov,2012,163.86
Crime Rates,Kootenay Boundary,RCMP Municipal,Trail Mun,2012,118.28
Crime Rates,Kootenay Boundary,RCMP Provincial,Trail and Greater District,2012,44.349999999999994
Crime Rates,Fraser Fort George,RCMP Provincial,Tsay Keh Dene Prov,2012,832.4499999999999
Crime Rates,Peace River,RCMP Provincial,Tumbler Ridge Prov,2012,71.45
Crime Rates,Alberni Clayoquot,RCMP Provincial,Ucluelet Prov,2012,89.84
Crime Rates,Metro Vancouver,RCMP Provincial,University Prov,2012,86.88
Crime Rates,Fraser Fort George,RCMP Provincial,Valemount Prov,2012,111.74000000000001
Crime Rates,Metro Vancouver,Independent Municipal,Vancouver Mun,2012,77.32
Crime Rates,Bulkley Nechako,RCMP Provincial,Vanderhoof Prov,2012,145.52
Crime Rates,North Okanagan,RCMP Municipal,Vernon Mun,2012,114.54
Crime Rates,North Okanagan,RCMP Provincial,Vernon Prov,2012,43.94
Crime Rates,Capital,Independent Municipal,Victoria Mun,2012,102.51
Crime Rates,Capital,RCMP Municipal,View Royal Mun,2012,50.65
Crime Rates,Cariboo,RCMP Provincial,Wells Prov,2012,62.15
Crime Rates,Central Okanagan,RCMP Municipal,West Kelowna Mun,2012,48.120000000000005
Crime Rates,Capital,RCMP Provincial,West Shore Prov,2012,37.59
Crime Rates,Metro Vancouver,Independent Municipal,West Vancouver Mun,2012,38.91
Crime Rates,Squamish Lillooet,RCMP Municipal,Whistler Mun,2012,165.93
Crime Rates,Squamish Lillooet,RCMP Provincial,Whistler Prov,2012,47.620000000000005
Crime Rates,Metro Vancouver,RCMP Municipal,White Rock Mun,2012,60.75
Crime Rates,Cariboo,RCMP Municipal,Williams Lake Mun,2012,276.92999999999995
Crime Rates,Cariboo,RCMP Provincial,Williams Lake Prov,2012,47.63
Violent Offenses,Fraser Valley,Independent Municipal,Abbotsford Mun,2012,1369.0
Violent Offenses,Fraser Valley,RCMP Provincial,Agassiz Prov,2012,92.0
Violent Offenses,Mount Waddington,RCMP Provincial,Alert Bay Prov,2012,80.0
Violent Offenses,Cariboo,RCMP Provincial,Alexis Creek Prov,2012,90.0
Violent Offenses,Cariboo,RCMP Provincial,Anahim Lake Prov,2012,69.0
Violent Offenses,North Okanagan,RCMP Provincial,Armstrong Prov,2012,72.0
Violent Offenses,Thompson Nicola,RCMP Provincial,Ashcroft Prov,2012,65.0
Violent Offenses,Kitimat Stikine,RCMP Provincial,Atlin Prov,2012,41.0
Violent Offenses,Thompson Nicola,RCMP Provincial,Barriere Prov,2012,49.0
Violent Offenses,Central Coast,RCMP Provincial,Bella Bella Prov,2012,123.0
Violent Offenses,Central Coast,RCMP Provincial,Bella Coola Prov,2012,109.0
Violent Offenses,Fraser Valley,RCMP Provincial,Boston Bar Prov,2012,19.0
Violent Offenses,Kootenay Boundary,RCMP Provincial,Boundary/Grand Forks Prov,2012,88.0
Violent Offenses,Kootenay Boundary,RCMP Provincial,Boundary/Midway Prov,2012,30.0
Violent Offenses,Metro Vancouver,RCMP Provincial,Bowen Island Prov,2012,14.0
Violent Offenses,Metro Vancouver,RCMP Municipal,Burnaby Mun,2012,1911.0
Violent Offenses,Bulkley Nechako,RCMP Provincial,Burns Lake Prov,2012,198.0
Violent Offenses,Strathcona,RCMP Municipal,Campbell River Mun,2012,586.0
Violent Offenses,Strathcona,RCMP Provincial,Campbell River Prov,2012,91.0
Violent Offenses,Central Kootenay,RCMP Municipal,Castlegar Mun,2012,192.0
Violent Offenses,Central Kootenay,RCMP Provincial,Castlegar Prov,2012,84.0
Violent Offenses,Capital,Independent Municipal,Central Saanich Mun,2012,89.0
Violent Offenses,Thompson Nicola,RCMP Provincial,Chase Prov,2012,91.0
Violent Offenses,Peace River,RCMP Provincial,Chetwynd Prov,2012,112.0
Violent Offenses,Fraser Valley,RCMP Municipal,Chilliwack Mun,2012,1201.0
Violent Offenses,Fraser Valley,RCMP Provincial,Chilliwack Prov,2012,75.0
Violent Offenses,Thompson Nicola,RCMP Provincial,Clearwater Prov,2012,60.0
Violent Offenses,Thompson Nicola,RCMP Provincial,Clinton Prov,2012,25.0
Violent Offenses,North Okanagan,RCMP Municipal,Coldstream Mun,2012,59.0
Violent Offenses,East Kootenay,RCMP Provincial,Columbia Valley Prov,2012,153.0
Violent Offenses,Capital,RCMP Municipal,Colwood Mun,2012,108.0
Violent Offenses,Comox Valley,RCMP Municipal,Comox Mun,2012,90.0
Violent Offenses,Comox Valley,RCMP Provincial,Comox Valley Prov,2012,254.0
Violent Offenses,Metro Vancouver,RCMP Municipal,Coquitlam Mun,2012,1008.0
Violent Offenses,Metro Vancouver,RCMP Provincial,Coquitlam Prov,2012,11.0
Violent Offenses,Comox Valley,RCMP Municipal,Courtenay Mun,2012,498.0
Violent Offenses,East Kootenay,RCMP Municipal,Cranbrook Mun,2012,513.0
Violent Offenses,East Kootenay,RCMP Provincial,Cranbrook Prov,2012,83.0
Violent Offenses,Central Kootenay,RCMP Municipal,Creston Mun,2012,76.0
Violent Offenses,Central Kootenay,RCMP Provincial,Creston Prov,2012,93.0
Violent Offenses,Peace River,RCMP Municipal,Dawson Creek Mun,2012,381.0
Violent Offenses,Peace River,RCMP Provincial,Dawson Creek Prov,2012,62.0
Violent Offenses,Kitimat Stikine,RCMP Provincial,Dease Lake Prov,2012,61.0
Violent Offenses,Metro Vancouver,Independent Municipal,Delta Mun,2012,699.0
Violent Offenses,Cowichan Valley,RCMP Provincial,Duncan Prov,2012,304.0
Violent Offenses,East Kootenay,RCMP Provincial,Elk Valley Prov,2012,193.0
Violent Offenses,North Okanagan,RCMP Provincial,Enderby Prov,2012,96.0
Violent Offenses,Columbia Shuswap,RCMP Provincial,Falkland Prov,2012,29.0
Violent Offenses,Bulkley Nechako,RCMP Provincial,Fort St James Prov,2012,336.0
Violent Offenses,Peace River,RCMP Municipal,Fort St John Mun,2012,708.0
Violent Offenses,Peace River,RCMP Provincial,Fort St John Prov,2012,196.0
Violent Offenses,Bulkley Nechako,RCMP Provincial,Fraser Lake Prov,2012,91.0
Violent Offenses,Nanaimo,RCMP Provincial,Gabriola Island Prov,2012,25.0
Violent Offenses,Columbia Shuswap,RCMP Provincial,Golden Prov,2012,101.0
Violent Offenses,Fraser Valley,RCMP Municipal,Hope Mun,2012,173.0
Violent Offenses,Fraser Valley,RCMP Provincial,Hope  Prov,2012,24.0
Violent Offenses,Bulkley Nechako,RCMP Provincial,Houston/Granisle Prov,2012,162.0
Violent Offenses,Peace River,RCMP Provincial,Hudson's Hope Prov,2012,22.0
Violent Offenses,Thompson Nicola,RCMP Municipal,Kamloops Mun,2012,1806.0
Violent Offenses,Central Kootenay,RCMP Provincial,Kaslo Prov,2012,42.0
Violent Offenses,Central Okanagan,RCMP Municipal,Kelowna Mun,2012,2121.0
Violent Offenses,Central Okanagan,RCMP Provincial,Kelowna Prov,2012,218.0
Violent Offenses,Fraser Valley,RCMP Municipal,Kent Mun,2012,96.0
Violent Offenses,Okanagan Similkameen,RCMP Provincial,Keremeos Prov,2012,77.0
Violent Offenses,East Kootenay,RCMP Municipal,Kimberley Mun,2012,84.0
Violent Offenses,East Kootenay,RCMP Provincial,Kimberley Prov,2012,22.0
Violent Offenses,Kitimat Stikine,RCMP Municipal,Kitimat Mun,2012,254.0
Violent Offenses,Kitimat Stikine,RCMP Provincial,Kitimat Prov,2012,10.0
Violent Offenses,Cowichan Valley,RCMP Municipal,Ladysmith Mun,2012,96.0
Violent Offenses,Cowichan Valley,RCMP Provincial,Ladysmith Prov,2012,88.0
Violent Offenses,Central Okanagan,RCMP Municipal,Lake Country Mun,2012,191.0
Violent Offenses,Cowichan Valley,RCMP Provincial,Lake Cowichan Prov,2012,63.0
Violent Offenses,Capital,RCMP Municipal,Langford Mun,2012,343.0
Violent Offenses,Metro Vancouver,RCMP Municipal,Langley City Mun,2012,512.0
Violent Offenses,Metro Vancouver,RCMP Municipal,Langley Township Mun,2012,1024.0
Violent Offenses,Squamish Lillooet,RCMP Provincial,Lillooet Prov,2012,153.0
Violent Offenses,Kitimat Stikine,RCMP Provincial,Lisims/Nass Valley Prov,2012,145.0
Violent Offenses,Thompson Nicola,RCMP Provincial,Logan Lake Prov,2012,24.0
Violent Offenses,North Okanagan,RCMP Provincial,Lumby Prov,2012,88.0
Violent Offenses,Thompson Nicola,RCMP Provincial,Lytton Prov,2012,66.0
Violent Offenses,Fraser Fort George,RCMP Provincial,Mackenzie Prov,2012,159.0
Violent Offenses,Metro Vancouver,RCMP Municipal,Maple Ridge Mun,2012,991.0
Violent Offenses,North Coast Regional District (22),RCMP Provincial,Masset Prov,2012,106.0
Violent Offenses,Fraser Fort George,RCMP Provincial,McBride Prov,2012,28.0
Violent Offenses,Thompson Nicola,RCMP Municipal,Merritt Mun,2012,298.0
Violent Offenses,Thompson Nicola,RCMP Provincial,Merritt Prov,2012,73.0
Violent Offenses,Fraser Valley,RCMP Municipal,Mission Mun,2012,637.0
Violent Offenses,Fraser Valley,RCMP Provincial,Mission Prov,2012,68.0
Violent Offenses,Central Kootenay,RCMP Provincial,Nakusp Prov,2012,44.0
Violent Offenses,Nanaimo,RCMP Municipal,Nanaimo Mun,2012,1429.0
Violent Offenses,Nanaimo,RCMP Provincial,Nanaimo Prov,2012,89.0
Violent Offenses,Central Kootenay,Independent Municipal,Nelson Mun,2012,183.0
Violent Offenses,Central Kootenay,RCMP Provincial,Nelson Prov,2012,82.0
Violent Offenses,Kitimat Stikine,RCMP Provincial,New Hazelton Prov,2012,334.0
Violent Offenses,Metro Vancouver,Independent Municipal,New Westminster Mun,2012,1014.0
Violent Offenses,Strathcona,RCMP Provincial,Nootka Sound Prov,2012,56.0
Violent Offenses,Cowichan Valley,RCMP Municipal,North Cowichan Mun,2012,387.0
Violent Offenses,Capital,RCMP Municipal,North Saanich Mun,2012,41.0
Violent Offenses,Metro Vancouver,RCMP Municipal,North Vancouver City Mun,2012,598.0
Violent Offenses,Metro Vancouver,RCMP Municipal,North Vancouver District Mun,2012,501.0
Violent Offenses,Metro Vancouver,RCMP Provincial,North Vancouver Prov,2012,84.0
Violent Offenses,Northern Rockies,RCMP Municipal,Northern Rockies Mun,2012,NA
Violent Offenses,Northern Rockies,RCMP Provincial,Northern Rockies Prov,2012,251.0
Violent Offenses,Capital,Independent Municipal,Oak Bay Mun,2012,48.0
Violent Offenses,Nanaimo,RCMP Provincial,Oceanside Prov,2012,136.0
Violent Offenses,Cariboo,RCMP Provincial,One Hundred Mile House Prov,2012,146.0
Violent Offenses,Capital,RCMP Provincial,Outer Gulf  Islands Prov,2012,16.0
Violent Offenses,Nanaimo,RCMP Municipal,Parksville Mun,2012,114.0
Violent Offenses,Central Okanagan,RCMP Municipal,Peachland Mun,2012,28.0
Violent Offenses,Squamish Lillooet,RCMP Provincial,Pemberton Prov,2012,72.0
Violent Offenses,Okanagan Similkameen,RCMP Municipal,Penticton Mun,2012,576.0
Violent Offenses,Okanagan Similkameen,RCMP Provincial,Penticton Prov,2012,84.0
Violent Offenses,Metro Vancouver,RCMP Municipal,Pitt Meadows Mun,2012,167.0
Violent Offenses,Alberni Clayoquot,RCMP Municipal,Port Alberni Mun,2012,443.0
Violent Offenses,Alberni Clayoquot,RCMP Provincial,Port Alberni Prov,2012,82.0
Violent Offenses,Mount Waddington,RCMP Provincial,Port Alice Prov,2012,6.0
Violent Offenses,Metro Vancouver,RCMP Municipal,Port Coquitlam Mun,2012,589.0
Violent Offenses,Mount Waddington,RCMP Provincial,Port Hardy Prov,2012,174.0
Violent Offenses,Mount Waddington,RCMP Provincial,Port McNeill Prov,2012,50.0
Violent Offenses,Metro Vancouver,Independent Municipal,Port Moody Mun,2012,169.0
Violent Offenses,Powell River,RCMP Municipal,Powell River Mun,2012,196.0
Violent Offenses,Powell River,RCMP Provincial,Powell River Prov,2012,65.0
Violent Offenses,Fraser Fort George,RCMP Municipal,Prince George Mun,2012,2192.0
Violent Offenses,Fraser Fort George,RCMP Provincial,Prince George Prov,2012,123.0
Violent Offenses,North Coast Regional District (22),RCMP Municipal,Prince Rupert Mun,2012,580.0
Violent Offenses,North Coast Regional District (22),RCMP Provincial,Prince Rupert Prov,2012,105.0
Violent Offenses,Okanagan Similkameen,RCMP Provincial,Princeton Prov,2012,82.0
Violent Offenses,Strathcona,RCMP Provincial,Quadra Island Prov,2012,20.0
Violent Offenses,Nanaimo,RCMP Municipal,Qualicum Beach Mun,2012,46.0
Violent Offenses,North Coast Regional District (22),RCMP Provincial,Queen Charlotte Prov,2012,46.0
Violent Offenses,Cariboo,RCMP Municipal,Quesnel Mun,2012,472.0
Violent Offenses,Cariboo,RCMP Provincial,Quesnel Prov,2012,155.0
Violent Offenses,Columbia Shuswap,RCMP Municipal,Revelstoke Mun,2012,121.0
Violent Offenses,Columbia Shuswap,RCMP Provincial,Revelstoke Prov,2012,6.0
Violent Offenses,Metro Vancouver,RCMP Municipal,Richmond Mun,2012,1382.0
Violent Offenses,Metro Vancouver,RCMP Provincial,Ridge Meadows Prov,2012,181.0
Violent Offenses,Capital,Independent Municipal,Saanich Mun,2012,893.0
Violent Offenses,Central Kootenay,RCMP Provincial,Salmo Prov,2012,65.0
Violent Offenses,Columbia Shuswap,RCMP Municipal,Salmon Arm Mun,2012,248.0
Violent Offenses,Columbia Shuswap,RCMP Provincial,Salmon Arm Prov,2012,77.0
Violent Offenses,Capital,RCMP Provincial,Saltspring Island Prov,2012,71.0
Violent Offenses,Strathcona,RCMP Provincial,Sayward Prov,2012,8.0
Violent Offenses,Sunshine Coast,RCMP Municipal,Sechelt Mun,2012,127.0
Violent Offenses,Cowichan Valley,RCMP Provincial,Shawnigan Lake Prov,2012,156.0
Violent Offenses,Columbia Shuswap,RCMP Provincial,Sicamous Prov,2012,60.0
Violent Offenses,Capital,RCMP Municipal,Sidney Mun,2012,108.0
Violent Offenses,Capital,RCMP Provincial,Sidney Prov,2012,59.0
Violent Offenses,Central Kootenay,RCMP Provincial,Slocan Lake Prov,2012,43.0
Violent Offenses,Bulkley Nechako,RCMP Municipal,Smithers Mun,2012,192.0
Violent Offenses,Bulkley Nechako,RCMP Provincial,Smithers Prov,2012,139.0
Violent Offenses,Capital,RCMP Municipal,Sooke Mun,2012,90.0
Violent Offenses,Capital,RCMP Provincial,Sooke Prov,2012,27.0
Violent Offenses,Okanagan Similkameen,RCMP Provincial,South Okanagan/Oliver,2012,166.0
Violent Offenses,Okanagan Similkameen,RCMP Provincial,South Okanagan/Osoyoos,2012,61.0
Violent Offenses,North Okanagan,RCMP Municipal,Spallumcheen Mun,2012,25.0
Violent Offenses,Squamish Lillooet,RCMP Municipal,Squamish Mun,2012,374.0
Violent Offenses,Squamish Lillooet,RCMP Provincial,Squamish Prov,2012,25.0
Violent Offenses,Kitimat Stikine,RCMP Provincial,Stewart Prov,2012,11.0
Violent Offenses,Squamish Lillooet,First Nations Aboriginal Police Service,Stl'atl'imx FNAPS,2012,160.0
Violent Offenses,Okanagan Similkameen,RCMP Municipal,Summerland Mun,2012,84.0
Violent Offenses,Sunshine Coast,RCMP Provincial,Sunshine Coast Prov,2012,209.0
Violent Offenses,Metro Vancouver,RCMP Municipal,Surrey Mun,2012,7194.0
Violent Offenses,Bulkley Nechako,RCMP Provincial,Takla Landing Prov,2012,35.0
Violent Offenses,Kitimat Stikine,RCMP Municipal,Terrace Mun,2012,351.0
Violent Offenses,Kitimat Stikine,RCMP Provincial,Terrace Prov,2012,131.0
Violent Offenses,Powell River,RCMP Provincial,Texada Island Prov,2012,16.0
Violent Offenses,Thompson Nicola,RCMP Provincial,T'Kumlups Prov,2012,124.0
Violent Offenses,Alberni Clayoquot,RCMP Provincial,Tofino Prov,2012,128.0
Violent Offenses,Kootenay Boundary,RCMP Municipal,Trail Mun,2012,241.0
Violent Offenses,Kootenay Boundary,RCMP Provincial,Trail and Greater District,2012,122.0
Violent Offenses,Fraser Fort George,RCMP Provincial,Tsay Keh Dene Prov,2012,85.0
Violent Offenses,Peace River,RCMP Provincial,Tumbler Ridge Prov,2012,42.0
Violent Offenses,Alberni Clayoquot,RCMP Provincial,Ucluelet Prov,2012,53.0
Violent Offenses,Metro Vancouver,RCMP Provincial,University Prov,2012,138.0
Violent Offenses,Fraser Fort George,RCMP Provincial,Valemount Prov,2012,32.0
Violent Offenses,Metro Vancouver,Independent Municipal,Vancouver Mun,2012,9218.0
Violent Offenses,Bulkley Nechako,RCMP Provincial,Vanderhoof Prov,2012,210.0
Violent Offenses,North Okanagan,RCMP Municipal,Vernon Mun,2012,822.0
Violent Offenses,North Okanagan,RCMP Provincial,Vernon Prov,2012,100.0
Violent Offenses,Capital,Independent Municipal,Victoria Mun,2012,2139.0
Violent Offenses,Capital,RCMP Municipal,View Royal Mun,2012,73.0
Violent Offenses,Cariboo,RCMP Provincial,Wells Prov,2012,7.0
Violent Offenses,Central Okanagan,RCMP Municipal,West Kelowna Mun,2012,255.0
Violent Offenses,Capital,RCMP Provincial,West Shore Prov,2012,67.0
Violent Offenses,Metro Vancouver,Independent Municipal,West Vancouver Mun,2012,336.0
Violent Offenses,Squamish Lillooet,RCMP Municipal,Whistler Mun,2012,266.0
Violent Offenses,Squamish Lillooet,RCMP Provincial,Whistler Prov,2012,1.0
Violent Offenses,Metro Vancouver,RCMP Municipal,White Rock Mun,2012,132.0
Violent Offenses,Cariboo,RCMP Municipal,Williams Lake Mun,2012,622.0
Violent Offenses,Cariboo,RCMP Provincial,Williams Lake Prov,2012,196.0
Property Offenses,Fraser Valley,Independent Municipal,Abbotsford Mun,2012,4939.0
Property Offenses,Fraser Valley,RCMP Provincial,Agassiz Prov,2012,237.0
Property Offenses,Mount Waddington,RCMP Provincial,Alert Bay Prov,2012,112.0
Property Offenses,Cariboo,RCMP Provincial,Alexis Creek Prov,2012,155.0
Property Offenses,Cariboo,RCMP Provincial,Anahim Lake Prov,2012,57.0
Property Offenses,North Okanagan,RCMP Provincial,Armstrong Prov,2012,144.0
Property Offenses,Thompson Nicola,RCMP Provincial,Ashcroft Prov,2012,110.0
Property Offenses,Kitimat Stikine,RCMP Provincial,Atlin Prov,2012,41.0
Property Offenses,Thompson Nicola,RCMP Provincial,Barriere Prov,2012,107.0
Property Offenses,Central Coast,RCMP Provincial,Bella Bella Prov,2012,210.0
Property Offenses,Central Coast,RCMP Provincial,Bella Coola Prov,2012,172.0
Property Offenses,Fraser Valley,RCMP Provincial,Boston Bar Prov,2012,66.0
Property Offenses,Kootenay Boundary,RCMP Provincial,Boundary/Grand Forks Prov,2012,432.0
Property Offenses,Kootenay Boundary,RCMP Provincial,Boundary/Midway Prov,2012,93.0
Property Offenses,Metro Vancouver,RCMP Provincial,Bowen Island Prov,2012,44.0
Property Offenses,Metro Vancouver,RCMP Municipal,Burnaby Mun,2012,11820.0
Property Offenses,Bulkley Nechako,RCMP Provincial,Burns Lake Prov,2012,399.0
Property Offenses,Strathcona,RCMP Municipal,Campbell River Mun,2012,1515.0
Property Offenses,Strathcona,RCMP Provincial,Campbell River Prov,2012,194.0
Property Offenses,Central Kootenay,RCMP Municipal,Castlegar Mun,2012,330.0
Property Offenses,Central Kootenay,RCMP Provincial,Castlegar Prov,2012,104.0
Property Offenses,Capital,Independent Municipal,Central Saanich Mun,2012,379.0
Property Offenses,Thompson Nicola,RCMP Provincial,Chase Prov,2012,332.0
Property Offenses,Peace River,RCMP Provincial,Chetwynd Prov,2012,372.0
Property Offenses,Fraser Valley,RCMP Municipal,Chilliwack Mun,2012,5042.0
Property Offenses,Fraser Valley,RCMP Provincial,Chilliwack Prov,2012,410.0
Property Offenses,Thompson Nicola,RCMP Provincial,Clearwater Prov,2012,148.0
Property Offenses,Thompson Nicola,RCMP Provincial,Clinton Prov,2012,81.0
Property Offenses,North Okanagan,RCMP Municipal,Coldstream Mun,2012,210.0
Property Offenses,East Kootenay,RCMP Provincial,Columbia Valley Prov,2012,439.0
Property Offenses,Capital,RCMP Municipal,Colwood Mun,2012,486.0
Property Offenses,Comox Valley,RCMP Municipal,Comox Mun,2012,249.0
Property Offenses,Comox Valley,RCMP Provincial,Comox Valley Prov,2012,546.0
Property Offenses,Metro Vancouver,RCMP Municipal,Coquitlam Mun,2012,4758.0
Property Offenses,Metro Vancouver,RCMP Provincial,Coquitlam Prov,2012,50.0
Property Offenses,Comox Valley,RCMP Municipal,Courtenay Mun,2012,1106.0
Property Offenses,East Kootenay,RCMP Municipal,Cranbrook Mun,2012,1022.0
Property Offenses,East Kootenay,RCMP Provincial,Cranbrook Prov,2012,146.0
Property Offenses,Central Kootenay,RCMP Municipal,Creston Mun,2012,227.0
Property Offenses,Central Kootenay,RCMP Provincial,Creston Prov,2012,244.0
Property Offenses,Peace River,RCMP Municipal,Dawson Creek Mun,2012,769.0
Property Offenses,Peace River,RCMP Provincial,Dawson Creek Prov,2012,151.0
Property Offenses,Kitimat Stikine,RCMP Provincial,Dease Lake Prov,2012,54.0
Property Offenses,Metro Vancouver,Independent Municipal,Delta Mun,2012,3678.0
Property Offenses,Cowichan Valley,RCMP Provincial,Duncan Prov,2012,850.0
Property Offenses,East Kootenay,RCMP Provincial,Elk Valley Prov,2012,499.0
Property Offenses,North Okanagan,RCMP Provincial,Enderby Prov,2012,213.0
Property Offenses,Columbia Shuswap,RCMP Provincial,Falkland Prov,2012,79.0
Property Offenses,Bulkley Nechako,RCMP Provincial,Fort St James Prov,2012,449.0
Property Offenses,Peace River,RCMP Municipal,Fort St John Mun,2012,1381.0
Property Offenses,Peace River,RCMP Provincial,Fort St John Prov,2012,313.0
Property Offenses,Bulkley Nechako,RCMP Provincial,Fraser Lake Prov,2012,100.0
Property Offenses,Nanaimo,RCMP Provincial,Gabriola Island Prov,2012,104.0
Property Offenses,Columbia Shuswap,RCMP Provincial,Golden Prov,2012,302.0
Property Offenses,Fraser Valley,RCMP Municipal,Hope Mun,2012,444.0
Property Offenses,Fraser Valley,RCMP Provincial,Hope  Prov,2012,96.0
Property Offenses,Bulkley Nechako,RCMP Provincial,Houston/Granisle Prov,2012,188.0
Property Offenses,Peace River,RCMP Provincial,Hudson's Hope Prov,2012,70.0
Property Offenses,Thompson Nicola,RCMP Municipal,Kamloops Mun,2012,5005.0
Property Offenses,Central Kootenay,RCMP Provincial,Kaslo Prov,2012,73.0
Property Offenses,Central Okanagan,RCMP Municipal,Kelowna Mun,2012,8005.0
Property Offenses,Central Okanagan,RCMP Provincial,Kelowna Prov,2012,791.0
Property Offenses,Fraser Valley,RCMP Municipal,Kent Mun,2012,181.0
Property Offenses,Okanagan Similkameen,RCMP Provincial,Keremeos Prov,2012,142.0
Property Offenses,East Kootenay,RCMP Municipal,Kimberley Mun,2012,173.0
Property Offenses,East Kootenay,RCMP Provincial,Kimberley Prov,2012,19.0
Property Offenses,Kitimat Stikine,RCMP Municipal,Kitimat Mun,2012,389.0
Property Offenses,Kitimat Stikine,RCMP Provincial,Kitimat Prov,2012,13.0
Property Offenses,Cowichan Valley,RCMP Municipal,Ladysmith Mun,2012,365.0
Property Offenses,Cowichan Valley,RCMP Provincial,Ladysmith Prov,2012,155.0
Property Offenses,Central Okanagan,RCMP Municipal,Lake Country Mun,2012,438.0
Property Offenses,Cowichan Valley,RCMP Provincial,Lake Cowichan Prov,2012,207.0
Property Offenses,Capital,RCMP Municipal,Langford Mun,2012,1395.0
Property Offenses,Metro Vancouver,RCMP Municipal,Langley City Mun,2012,2549.0
Property Offenses,Metro Vancouver,RCMP Municipal,Langley Township Mun,2012,5850.0
Property Offenses,Squamish Lillooet,RCMP Provincial,Lillooet Prov,2012,208.0
Property Offenses,Kitimat Stikine,RCMP Provincial,Lisims/Nass Valley Prov,2012,136.0
Property Offenses,Thompson Nicola,RCMP Provincial,Logan Lake Prov,2012,84.0
Property Offenses,North Okanagan,RCMP Provincial,Lumby Prov,2012,157.0
Property Offenses,Thompson Nicola,RCMP Provincial,Lytton Prov,2012,82.0
Property Offenses,Fraser Fort George,RCMP Provincial,Mackenzie Prov,2012,206.0
Property Offenses,Metro Vancouver,RCMP Municipal,Maple Ridge Mun,2012,3379.0
Property Offenses,North Coast Regional District (22),RCMP Provincial,Masset Prov,2012,115.0
Property Offenses,Fraser Fort George,RCMP Provincial,McBride Prov,2012,57.0
Property Offenses,Thompson Nicola,RCMP Municipal,Merritt Mun,2012,645.0
Property Offenses,Thompson Nicola,RCMP Provincial,Merritt Prov,2012,182.0
Property Offenses,Fraser Valley,RCMP Municipal,Mission Mun,2012,2317.0
Property Offenses,Fraser Valley,RCMP Provincial,Mission Prov,2012,143.0
Property Offenses,Central Kootenay,RCMP Provincial,Nakusp Prov,2012,147.0
Property Offenses,Nanaimo,RCMP Municipal,Nanaimo Mun,2012,5244.0
Property Offenses,Nanaimo,RCMP Provincial,Nanaimo Prov,2012,313.0
Property Offenses,Central Kootenay,Independent Municipal,Nelson Mun,2012,575.0
Property Offenses,Central Kootenay,RCMP Provincial,Nelson Prov,2012,150.0
Property Offenses,Kitimat Stikine,RCMP Provincial,New Hazelton Prov,2012,438.0
Property Offenses,Metro Vancouver,Independent Municipal,New Westminster Mun,2012,3574.0
Property Offenses,Strathcona,RCMP Provincial,Nootka Sound Prov,2012,81.0
Property Offenses,Cowichan Valley,RCMP Municipal,North Cowichan Mun,2012,1238.0
Property Offenses,Capital,RCMP Municipal,North Saanich Mun,2012,220.0
Property Offenses,Metro Vancouver,RCMP Municipal,North Vancouver City Mun,2012,1727.0
Property Offenses,Metro Vancouver,RCMP Municipal,North Vancouver District Mun,2012,2210.0
Property Offenses,Metro Vancouver,RCMP Provincial,North Vancouver Prov,2012,178.0
Property Offenses,Northern Rockies,RCMP Municipal,Northern Rockies Mun,2012,NA
Property Offenses,Northern Rockies,RCMP Provincial,Northern Rockies Prov,2012,527.0
Property Offenses,Capital,Independent Municipal,Oak Bay Mun,2012,596.0
Property Offenses,Nanaimo,RCMP Provincial,Oceanside Prov,2012,493.0
Property Offenses,Cariboo,RCMP Provincial,One Hundred Mile House Prov,2012,329.0
Property Offenses,Capital,RCMP Provincial,Outer Gulf  Islands Prov,2012,106.0
Property Offenses,Nanaimo,RCMP Municipal,Parksville Mun,2012,597.0
Property Offenses,Central Okanagan,RCMP Municipal,Peachland Mun,2012,107.0
Property Offenses,Squamish Lillooet,RCMP Provincial,Pemberton Prov,2012,164.0
Property Offenses,Okanagan Similkameen,RCMP Municipal,Penticton Mun,2012,2392.0
Property Offenses,Okanagan Similkameen,RCMP Provincial,Penticton Prov,2012,318.0
Property Offenses,Metro Vancouver,RCMP Municipal,Pitt Meadows Mun,2012,691.0
Property Offenses,Alberni Clayoquot,RCMP Municipal,Port Alberni Mun,2012,1083.0
Property Offenses,Alberni Clayoquot,RCMP Provincial,Port Alberni Prov,2012,201.0
Property Offenses,Mount Waddington,RCMP Provincial,Port Alice Prov,2012,36.0
Property Offenses,Metro Vancouver,RCMP Municipal,Port Coquitlam Mun,2012,2511.0
Property Offenses,Mount Waddington,RCMP Provincial,Port Hardy Prov,2012,318.0
Property Offenses,Mount Waddington,RCMP Provincial,Port McNeill Prov,2012,149.0
Property Offenses,Metro Vancouver,Independent Municipal,Port Moody Mun,2012,841.0
Property Offenses,Powell River,RCMP Municipal,Powell River Mun,2012,664.0
Property Offenses,Powell River,RCMP Provincial,Powell River Prov,2012,125.0
Property Offenses,Fraser Fort George,RCMP Municipal,Prince George Mun,2012,5117.0
Property Offenses,Fraser Fort George,RCMP Provincial,Prince George Prov,2012,241.0
Property Offenses,North Coast Regional District (22),RCMP Municipal,Prince Rupert Mun,2012,1042.0
Property Offenses,North Coast Regional District (22),RCMP Provincial,Prince Rupert Prov,2012,113.0
Property Offenses,Okanagan Similkameen,RCMP Provincial,Princeton Prov,2012,196.0
Property Offenses,Strathcona,RCMP Provincial,Quadra Island Prov,2012,104.0
Property Offenses,Nanaimo,RCMP Municipal,Qualicum Beach Mun,2012,266.0
Property Offenses,North Coast Regional District (22),RCMP Provincial,Queen Charlotte Prov,2012,104.0
Property Offenses,Cariboo,RCMP Municipal,Quesnel Mun,2012,947.0
Property Offenses,Cariboo,RCMP Provincial,Quesnel Prov,2012,329.0
Property Offenses,Columbia Shuswap,RCMP Municipal,Revelstoke Mun,2012,296.0
Property Offenses,Columbia Shuswap,RCMP Provincial,Revelstoke Prov,2012,33.0
Property Offenses,Metro Vancouver,RCMP Municipal,Richmond Mun,2012,7913.0
Property Offenses,Metro Vancouver,RCMP Provincial,Ridge Meadows Prov,2012,773.0
Property Offenses,Capital,Independent Municipal,Saanich Mun,2012,3611.0
Property Offenses,Central Kootenay,RCMP Provincial,Salmo Prov,2012,129.0
Property Offenses,Columbia Shuswap,RCMP Municipal,Salmon Arm Mun,2012,734.0
Property Offenses,Columbia Shuswap,RCMP Provincial,Salmon Arm Prov,2012,152.0
Property Offenses,Capital,RCMP Provincial,Saltspring Island Prov,2012,252.0
Property Offenses,Strathcona,RCMP Provincial,Sayward Prov,2012,32.0
Property Offenses,Sunshine Coast,RCMP Municipal,Sechelt Mun,2012,335.0
Property Offenses,Cowichan Valley,RCMP Provincial,Shawnigan Lake Prov,2012,351.0
Property Offenses,Columbia Shuswap,RCMP Provincial,Sicamous Prov,2012,216.0
Property Offenses,Capital,RCMP Municipal,Sidney Mun,2012,371.0
Property Offenses,Capital,RCMP Provincial,Sidney Prov,2012,96.0
Property Offenses,Central Kootenay,RCMP Provincial,Slocan Lake Prov,2012,117.0
Property Offenses,Bulkley Nechako,RCMP Municipal,Smithers Mun,2012,371.0
Property Offenses,Bulkley Nechako,RCMP Provincial,Smithers Prov,2012,175.0
Property Offenses,Capital,RCMP Municipal,Sooke Mun,2012,375.0
Property Offenses,Capital,RCMP Provincial,Sooke Prov,2012,120.0
Property Offenses,Okanagan Similkameen,RCMP Provincial,South Okanagan/Oliver,2012,384.0
Property Offenses,Okanagan Similkameen,RCMP Provincial,South Okanagan/Osoyoos,2012,351.0
Property Offenses,North Okanagan,RCMP Municipal,Spallumcheen Mun,2012,75.0
Property Offenses,Squamish Lillooet,RCMP Municipal,Squamish Mun,2012,1026.0
Property Offenses,Squamish Lillooet,RCMP Provincial,Squamish Prov,2012,75.0
Property Offenses,Kitimat Stikine,RCMP Provincial,Stewart Prov,2012,33.0
Property Offenses,Squamish Lillooet,First Nations Aboriginal Police Service,Stl'atl'imx FNAPS,2012,119.0
Property Offenses,Okanagan Similkameen,RCMP Municipal,Summerland Mun,2012,333.0
Property Offenses,Sunshine Coast,RCMP Provincial,Sunshine Coast Prov,2012,527.0
Property Offenses,Metro Vancouver,RCMP Municipal,Surrey Mun,2012,28065.0
Property Offenses,Bulkley Nechako,RCMP Provincial,Takla Landing Prov,2012,42.0
Property Offenses,Kitimat Stikine,RCMP Municipal,Terrace Mun,2012,977.0
Property Offenses,Kitimat Stikine,RCMP Provincial,Terrace Prov,2012,325.0
Property Offenses,Powell River,RCMP Provincial,Texada Island Prov,2012,38.0
Property Offenses,Thompson Nicola,RCMP Provincial,T'Kumlups Prov,2012,388.0
Property Offenses,Alberni Clayoquot,RCMP Provincial,Tofino Prov,2012,209.0
Property Offenses,Kootenay Boundary,RCMP Municipal,Trail Mun,2012,392.0
Property Offenses,Kootenay Boundary,RCMP Provincial,Trail and Greater District,2012,211.0
Property Offenses,Fraser Fort George,RCMP Provincial,Tsay Keh Dene Prov,2012,88.0
Property Offenses,Peace River,RCMP Provincial,Tumbler Ridge Prov,2012,119.0
Property Offenses,Alberni Clayoquot,RCMP Provincial,Ucluelet Prov,2012,96.0
Property Offenses,Metro Vancouver,RCMP Provincial,University Prov,2012,940.0
Property Offenses,Fraser Fort George,RCMP Provincial,Valemount Prov,2012,90.0
Property Offenses,Metro Vancouver,Independent Municipal,Vancouver Mun,2012,32450.0
Property Offenses,Bulkley Nechako,RCMP Provincial,Vanderhoof Prov,2012,428.0
Property Offenses,North Okanagan,RCMP Municipal,Vernon Mun,2012,2650.0
Property Offenses,North Okanagan,RCMP Provincial,Vernon Prov,2012,335.0
Property Offenses,Capital,Independent Municipal,Victoria Mun,2012,6628.0
Property Offenses,Capital,RCMP Municipal,View Royal Mun,2012,369.0
Property Offenses,Cariboo,RCMP Provincial,Wells Prov,2012,9.0
Property Offenses,Central Okanagan,RCMP Municipal,West Kelowna Mun,2012,1030.0
Property Offenses,Capital,RCMP Provincial,West Shore Prov,2012,219.0
Property Offenses,Metro Vancouver,Independent Municipal,West Vancouver Mun,2012,1207.0
Property Offenses,Squamish Lillooet,RCMP Municipal,Whistler Mun,2012,984.0
Property Offenses,Squamish Lillooet,RCMP Provincial,Whistler Prov,2012,11.0
Property Offenses,Metro Vancouver,RCMP Municipal,White Rock Mun,2012,794.0
Property Offenses,Cariboo,RCMP Municipal,Williams Lake Mun,2012,1191.0
Property Offenses,Cariboo,RCMP Provincial,Williams Lake Prov,2012,259.0
Other CCC Offenses,Fraser Valley,Independent Municipal,Abbotsford Mun,2012,963.0
Other CCC Offenses,Fraser Valley,RCMP Provincial,Agassiz Prov,2012,140.0
Other CCC Offenses,Mount Waddington,RCMP Provincial,Alert Bay Prov,2012,85.0
Other CCC Offenses,Cariboo,RCMP Provincial,Alexis Creek Prov,2012,83.0
Other CCC Offenses,Cariboo,RCMP Provincial,Anahim Lake Prov,2012,57.0
Other CCC Offenses,North Okanagan,RCMP Provincial,Armstrong Prov,2012,60.0
Other CCC Offenses,Thompson Nicola,RCMP Provincial,Ashcroft Prov,2012,54.0
Other CCC Offenses,Kitimat Stikine,RCMP Provincial,Atlin Prov,2012,36.0
Other CCC Offenses,Thompson Nicola,RCMP Provincial,Barriere Prov,2012,42.0
Other CCC Offenses,Central Coast,RCMP Provincial,Bella Bella Prov,2012,58.0
Other CCC Offenses,Central Coast,RCMP Provincial,Bella Coola Prov,2012,115.0
Other CCC Offenses,Fraser Valley,RCMP Provincial,Boston Bar Prov,2012,29.0
Other CCC Offenses,Kootenay Boundary,RCMP Provincial,Boundary/Grand Forks Prov,2012,91.0
Other CCC Offenses,Kootenay Boundary,RCMP Provincial,Boundary/Midway Prov,2012,37.0
Other CCC Offenses,Metro Vancouver,RCMP Provincial,Bowen Island Prov,2012,9.0
Other CCC Offenses,Metro Vancouver,RCMP Municipal,Burnaby Mun,2012,1234.0
Other CCC Offenses,Bulkley Nechako,RCMP Provincial,Burns Lake Prov,2012,399.0
Other CCC Offenses,Strathcona,RCMP Municipal,Campbell River Mun,2012,1178.0
Other CCC Offenses,Strathcona,RCMP Provincial,Campbell River Prov,2012,147.0
Other CCC Offenses,Central Kootenay,RCMP Municipal,Castlegar Mun,2012,179.0
Other CCC Offenses,Central Kootenay,RCMP Provincial,Castlegar Prov,2012,62.0
Other CCC Offenses,Capital,Independent Municipal,Central Saanich Mun,2012,58.0
Other CCC Offenses,Thompson Nicola,RCMP Provincial,Chase Prov,2012,133.0
Other CCC Offenses,Peace River,RCMP Provincial,Chetwynd Prov,2012,206.0
Other CCC Offenses,Fraser Valley,RCMP Municipal,Chilliwack Mun,2012,1944.0
Other CCC Offenses,Fraser Valley,RCMP Provincial,Chilliwack Prov,2012,153.0
Other CCC Offenses,Thompson Nicola,RCMP Provincial,Clearwater Prov,2012,93.0
Other CCC Offenses,Thompson Nicola,RCMP Provincial,Clinton Prov,2012,14.0
Other CCC Offenses,North Okanagan,RCMP Municipal,Coldstream Mun,2012,36.0
Other CCC Offenses,East Kootenay,RCMP Provincial,Columbia Valley Prov,2012,177.0
Other CCC Offenses,Capital,RCMP Municipal,Colwood Mun,2012,70.0
Other CCC Offenses,Comox Valley,RCMP Municipal,Comox Mun,2012,93.0
Other CCC Offenses,Comox Valley,RCMP Provincial,Comox Valley Prov,2012,192.0
Other CCC Offenses,Metro Vancouver,RCMP Municipal,Coquitlam Mun,2012,1723.0
Other CCC Offenses,Metro Vancouver,RCMP Provincial,Coquitlam Prov,2012,23.0
Other CCC Offenses,Comox Valley,RCMP Municipal,Courtenay Mun,2012,685.0
Other CCC Offenses,East Kootenay,RCMP Municipal,Cranbrook Mun,2012,496.0
Other CCC Offenses,East Kootenay,RCMP Provincial,Cranbrook Prov,2012,64.0
Other CCC Offenses,Central Kootenay,RCMP Municipal,Creston Mun,2012,104.0
Other CCC Offenses,Central Kootenay,RCMP Provincial,Creston Prov,2012,92.0
Other CCC Offenses,Peace River,RCMP Municipal,Dawson Creek Mun,2012,626.0
Other CCC Offenses,Peace River,RCMP Provincial,Dawson Creek Prov,2012,52.0
Other CCC Offenses,Kitimat Stikine,RCMP Provincial,Dease Lake Prov,2012,55.0
Other CCC Offenses,Metro Vancouver,Independent Municipal,Delta Mun,2012,1072.0
Other CCC Offenses,Cowichan Valley,RCMP Provincial,Duncan Prov,2012,900.0
Other CCC Offenses,East Kootenay,RCMP Provincial,Elk Valley Prov,2012,187.0
Other CCC Offenses,North Okanagan,RCMP Provincial,Enderby Prov,2012,98.0
Other CCC Offenses,Columbia Shuswap,RCMP Provincial,Falkland Prov,2012,15.0
Other CCC Offenses,Bulkley Nechako,RCMP Provincial,Fort St James Prov,2012,397.0
Other CCC Offenses,Peace River,RCMP Municipal,Fort St John Mun,2012,1e3
Other CCC Offenses,Peace River,RCMP Provincial,Fort St John Prov,2012,123.0
Other CCC Offenses,Bulkley Nechako,RCMP Provincial,Fraser Lake Prov,2012,72.0
Other CCC Offenses,Nanaimo,RCMP Provincial,Gabriola Island Prov,2012,27.0
Other CCC Offenses,Columbia Shuswap,RCMP Provincial,Golden Prov,2012,183.0
Other CCC Offenses,Fraser Valley,RCMP Municipal,Hope Mun,2012,253.0
Other CCC Offenses,Fraser Valley,RCMP Provincial,Hope  Prov,2012,29.0
Other CCC Offenses,Bulkley Nechako,RCMP Provincial,Houston/Granisle Prov,2012,250.0
Other CCC Offenses,Peace River,RCMP Provincial,Hudson's Hope Prov,2012,14.0
Other CCC Offenses,Thompson Nicola,RCMP Municipal,Kamloops Mun,2012,1812.0
Other CCC Offenses,Central Kootenay,RCMP Provincial,Kaslo Prov,2012,21.0
Other CCC Offenses,Central Okanagan,RCMP Municipal,Kelowna Mun,2012,2620.0
Other CCC Offenses,Central Okanagan,RCMP Provincial,Kelowna Prov,2012,148.0
Other CCC Offenses,Fraser Valley,RCMP Municipal,Kent Mun,2012,90.0
Other CCC Offenses,Okanagan Similkameen,RCMP Provincial,Keremeos Prov,2012,53.0
Other CCC Offenses,East Kootenay,RCMP Municipal,Kimberley Mun,2012,66.0
Other CCC Offenses,East Kootenay,RCMP Provincial,Kimberley Prov,2012,8.0
Other CCC Offenses,Kitimat Stikine,RCMP Municipal,Kitimat Mun,2012,312.0
Other CCC Offenses,Kitimat Stikine,RCMP Provincial,Kitimat Prov,2012,7.0
Other CCC Offenses,Cowichan Valley,RCMP Municipal,Ladysmith Mun,2012,75.0
Other CCC Offenses,Cowichan Valley,RCMP Provincial,Ladysmith Prov,2012,55.0
Other CCC Offenses,Central Okanagan,RCMP Municipal,Lake Country Mun,2012,123.0
Other CCC Offenses,Cowichan Valley,RCMP Provincial,Lake Cowichan Prov,2012,79.0
Other CCC Offenses,Capital,RCMP Municipal,Langford Mun,2012,264.0
Other CCC Offenses,Metro Vancouver,RCMP Municipal,Langley City Mun,2012,957.0
Other CCC Offenses,Metro Vancouver,RCMP Municipal,Langley Township Mun,2012,1303.0
Other CCC Offenses,Squamish Lillooet,RCMP Provincial,Lillooet Prov,2012,170.0
Other CCC Offenses,Kitimat Stikine,RCMP Provincial,Lisims/Nass Valley Prov,2012,126.0
Other CCC Offenses,Thompson Nicola,RCMP Provincial,Logan Lake Prov,2012,27.0
Other CCC Offenses,North Okanagan,RCMP Provincial,Lumby Prov,2012,59.0
Other CCC Offenses,Thompson Nicola,RCMP Provincial,Lytton Prov,2012,51.0
Other CCC Offenses,Fraser Fort George,RCMP Provincial,Mackenzie Prov,2012,243.0
Other CCC Offenses,Metro Vancouver,RCMP Municipal,Maple Ridge Mun,2012,1526.0
Other CCC Offenses,North Coast Regional District (22),RCMP Provincial,Masset Prov,2012,95.0
Other CCC Offenses,Fraser Fort George,RCMP Provincial,McBride Prov,2012,26.0
Other CCC Offenses,Thompson Nicola,RCMP Municipal,Merritt Mun,2012,314.0
Other CCC Offenses,Thompson Nicola,RCMP Provincial,Merritt Prov,2012,56.0
Other CCC Offenses,Fraser Valley,RCMP Municipal,Mission Mun,2012,759.0
Other CCC Offenses,Fraser Valley,RCMP Provincial,Mission Prov,2012,53.0
Other CCC Offenses,Central Kootenay,RCMP Provincial,Nakusp Prov,2012,43.0
Other CCC Offenses,Nanaimo,RCMP Municipal,Nanaimo Mun,2012,2503.0
Other CCC Offenses,Nanaimo,RCMP Provincial,Nanaimo Prov,2012,64.0
Other CCC Offenses,Central Kootenay,Independent Municipal,Nelson Mun,2012,238.0
Other CCC Offenses,Central Kootenay,RCMP Provincial,Nelson Prov,2012,50.0
Other CCC Offenses,Kitimat Stikine,RCMP Provincial,New Hazelton Prov,2012,425.0
Other CCC Offenses,Metro Vancouver,Independent Municipal,New Westminster Mun,2012,1263.0
Other CCC Offenses,Strathcona,RCMP Provincial,Nootka Sound Prov,2012,60.0
Other CCC Offenses,Cowichan Valley,RCMP Municipal,North Cowichan Mun,2012,677.0
Other CCC Offenses,Capital,RCMP Municipal,North Saanich Mun,2012,72.0
Other CCC Offenses,Metro Vancouver,RCMP Municipal,North Vancouver City Mun,2012,1105.0
Other CCC Offenses,Metro Vancouver,RCMP Municipal,North Vancouver District Mun,2012,779.0
Other CCC Offenses,Metro Vancouver,RCMP Provincial,North Vancouver Prov,2012,110.0
Other CCC Offenses,Northern Rockies,RCMP Municipal,Northern Rockies Mun,2012,NA
Other CCC Offenses,Northern Rockies,RCMP Provincial,Northern Rockies Prov,2012,464.0
Other CCC Offenses,Capital,Independent Municipal,Oak Bay Mun,2012,41.0
Other CCC Offenses,Nanaimo,RCMP Provincial,Oceanside Prov,2012,98.0
Other CCC Offenses,Cariboo,RCMP Provincial,One Hundred Mile House Prov,2012,179.0
Other CCC Offenses,Capital,RCMP Provincial,Outer Gulf  Islands Prov,2012,10.0
Other CCC Offenses,Nanaimo,RCMP Municipal,Parksville Mun,2012,182.0
Other CCC Offenses,Central Okanagan,RCMP Municipal,Peachland Mun,2012,22.0
Other CCC Offenses,Squamish Lillooet,RCMP Provincial,Pemberton Prov,2012,76.0
Other CCC Offenses,Okanagan Similkameen,RCMP Municipal,Penticton Mun,2012,1178.0
Other CCC Offenses,Okanagan Similkameen,RCMP Provincial,Penticton Prov,2012,67.0
Other CCC Offenses,Metro Vancouver,RCMP Municipal,Pitt Meadows Mun,2012,252.0
Other CCC Offenses,Alberni Clayoquot,RCMP Municipal,Port Alberni Mun,2012,765.0
Other CCC Offenses,Alberni Clayoquot,RCMP Provincial,Port Alberni Prov,2012,82.0
Other CCC Offenses,Mount Waddington,RCMP Provincial,Port Alice Prov,2012,11.0
Other CCC Offenses,Metro Vancouver,RCMP Municipal,Port Coquitlam Mun,2012,1057.0
Other CCC Offenses,Mount Waddington,RCMP Provincial,Port Hardy Prov,2012,297.0
Other CCC Offenses,Mount Waddington,RCMP Provincial,Port McNeill Prov,2012,67.0
Other CCC Offenses,Metro Vancouver,Independent Municipal,Port Moody Mun,2012,131.0
Other CCC Offenses,Powell River,RCMP Municipal,Powell River Mun,2012,260.0
Other CCC Offenses,Powell River,RCMP Provincial,Powell River Prov,2012,65.0
Other CCC Offenses,Fraser Fort George,RCMP Municipal,Prince George Mun,2012,4452.0
Other CCC Offenses,Fraser Fort George,RCMP Provincial,Prince George Prov,2012,120.0
Other CCC Offenses,North Coast Regional District (22),RCMP Municipal,Prince Rupert Mun,2012,1738.0
Other CCC Offenses,North Coast Regional District (22),RCMP Provincial,Prince Rupert Prov,2012,121.0
Other CCC Offenses,Okanagan Similkameen,RCMP Provincial,Princeton Prov,2012,68.0
Other CCC Offenses,Strathcona,RCMP Provincial,Quadra Island Prov,2012,20.0
Other CCC Offenses,Nanaimo,RCMP Municipal,Qualicum Beach Mun,2012,40.0
Other CCC Offenses,North Coast Regional District (22),RCMP Provincial,Queen Charlotte Prov,2012,40.0
Other CCC Offenses,Cariboo,RCMP Municipal,Quesnel Mun,2012,708.0
Other CCC Offenses,Cariboo,RCMP Provincial,Quesnel Prov,2012,158.0
Other CCC Offenses,Columbia Shuswap,RCMP Municipal,Revelstoke Mun,2012,216.0
Other CCC Offenses,Columbia Shuswap,RCMP Provincial,Revelstoke Prov,2012,12.0
Other CCC Offenses,Metro Vancouver,RCMP Municipal,Richmond Mun,2012,2158.0
Other CCC Offenses,Metro Vancouver,RCMP Provincial,Ridge Meadows Prov,2012,199.0
Other CCC Offenses,Capital,Independent Municipal,Saanich Mun,2012,417.0
Other CCC Offenses,Central Kootenay,RCMP Provincial,Salmo Prov,2012,61.0
Other CCC Offenses,Columbia Shuswap,RCMP Municipal,Salmon Arm Mun,2012,338.0
Other CCC Offenses,Columbia Shuswap,RCMP Provincial,Salmon Arm Prov,2012,45.0
Other CCC Offenses,Capital,RCMP Provincial,Saltspring Island Prov,2012,71.0
Other CCC Offenses,Strathcona,RCMP Provincial,Sayward Prov,2012,9.0
Other CCC Offenses,Sunshine Coast,RCMP Municipal,Sechelt Mun,2012,219.0
Other CCC Offenses,Cowichan Valley,RCMP Provincial,Shawnigan Lake Prov,2012,165.0
Other CCC Offenses,Columbia Shuswap,RCMP Provincial,Sicamous Prov,2012,53.0
Other CCC Offenses,Capital,RCMP Municipal,Sidney Mun,2012,146.0
Other CCC Offenses,Capital,RCMP Provincial,Sidney Prov,2012,99.0
Other CCC Offenses,Central Kootenay,RCMP Provincial,Slocan Lake Prov,2012,28.0
Other CCC Offenses,Bulkley Nechako,RCMP Municipal,Smithers Mun,2012,243.0
Other CCC Offenses,Bulkley Nechako,RCMP Provincial,Smithers Prov,2012,85.0
Other CCC Offenses,Capital,RCMP Municipal,Sooke Mun,2012,69.0
Other CCC Offenses,Capital,RCMP Provincial,Sooke Prov,2012,15.0
Other CCC Offenses,Okanagan Similkameen,RCMP Provincial,South Okanagan/Oliver,2012,150.0
Other CCC Offenses,Okanagan Similkameen,RCMP Provincial,South Okanagan/Osoyoos,2012,152.0
Other CCC Offenses,North Okanagan,RCMP Municipal,Spallumcheen Mun,2012,24.0
Other CCC Offenses,Squamish Lillooet,RCMP Municipal,Squamish Mun,2012,431.0
Other CCC Offenses,Squamish Lillooet,RCMP Provincial,Squamish Prov,2012,29.0
Other CCC Offenses,Kitimat Stikine,RCMP Provincial,Stewart Prov,2012,21.0
Other CCC Offenses,Squamish Lillooet,First Nations Aboriginal Police Service,Stl'atl'imx FNAPS,2012,108.0
Other CCC Offenses,Okanagan Similkameen,RCMP Municipal,Summerland Mun,2012,70.0
Other CCC Offenses,Sunshine Coast,RCMP Provincial,Sunshine Coast Prov,2012,308.0
Other CCC Offenses,Metro Vancouver,RCMP Municipal,Surrey Mun,2012,7846.0
Other CCC Offenses,Bulkley Nechako,RCMP Provincial,Takla Landing Prov,2012,47.0
Other CCC Offenses,Kitimat Stikine,RCMP Municipal,Terrace Mun,2012,1003.0
Other CCC Offenses,Kitimat Stikine,RCMP Provincial,Terrace Prov,2012,201.0
Other CCC Offenses,Powell River,RCMP Provincial,Texada Island Prov,2012,12.0
Other CCC Offenses,Thompson Nicola,RCMP Provincial,T'Kumlups Prov,2012,92.0
Other CCC Offenses,Alberni Clayoquot,RCMP Provincial,Tofino Prov,2012,208.0
Other CCC Offenses,Kootenay Boundary,RCMP Municipal,Trail Mun,2012,271.0
Other CCC Offenses,Kootenay Boundary,RCMP Provincial,Trail and Greater District,2012,152.0
Other CCC Offenses,Fraser Fort George,RCMP Provincial,Tsay Keh Dene Prov,2012,140.0
Other CCC Offenses,Peace River,RCMP Provincial,Tumbler Ridge Prov,2012,40.0
Other CCC Offenses,Alberni Clayoquot,RCMP Provincial,Ucluelet Prov,2012,49.0
Other CCC Offenses,Metro Vancouver,RCMP Provincial,University Prov,2012,153.0
Other CCC Offenses,Fraser Fort George,RCMP Provincial,Valemount Prov,2012,55.0
Other CCC Offenses,Metro Vancouver,Independent Municipal,Vancouver Mun,2012,7128.0
Other CCC Offenses,Bulkley Nechako,RCMP Provincial,Vanderhoof Prov,2012,626.0
Other CCC Offenses,North Okanagan,RCMP Municipal,Vernon Mun,2012,946.0
Other CCC Offenses,North Okanagan,RCMP Provincial,Vernon Prov,2012,61.0
Other CCC Offenses,Capital,Independent Municipal,Victoria Mun,2012,1417.0
Other CCC Offenses,Capital,RCMP Municipal,View Royal Mun,2012,67.0
Other CCC Offenses,Cariboo,RCMP Provincial,Wells Prov,2012,6.0
Other CCC Offenses,Central Okanagan,RCMP Municipal,West Kelowna Mun,2012,232.0
Other CCC Offenses,Capital,RCMP Provincial,West Shore Prov,2012,53.0
Other CCC Offenses,Metro Vancouver,Independent Municipal,West Vancouver Mun,2012,234.0
Other CCC Offenses,Squamish Lillooet,RCMP Municipal,Whistler Mun,2012,471.0
Other CCC Offenses,Squamish Lillooet,RCMP Provincial,Whistler Prov,2012,3.0
Other CCC Offenses,Metro Vancouver,RCMP Municipal,White Rock Mun,2012,229.0
Other CCC Offenses,Cariboo,RCMP Municipal,Williams Lake Mun,2012,1226.0
Other CCC Offenses,Cariboo,RCMP Provincial,Williams Lake Prov,2012,158.0
Homicide,Fraser Valley,Independent Municipal,Abbotsford Mun,2012,3.0
Homicide,Fraser Valley,RCMP Provincial,Agassiz Prov,2012,0.0
Homicide,Mount Waddington,RCMP Provincial,Alert Bay Prov,2012,0.0
Homicide,Cariboo,RCMP Provincial,Alexis Creek Prov,2012,0.0
Homicide,Cariboo,RCMP Provincial,Anahim Lake Prov,2012,0.0
Homicide,North Okanagan,RCMP Provincial,Armstrong Prov,2012,0.0
Homicide,Thompson Nicola,RCMP Provincial,Ashcroft Prov,2012,0.0
Homicide,Kitimat Stikine,RCMP Provincial,Atlin Prov,2012,0.0
Homicide,Thompson Nicola,RCMP Provincial,Barriere Prov,2012,0.0
Homicide,Central Coast,RCMP Provincial,Bella Bella Prov,2012,0.0
Homicide,Central Coast,RCMP Provincial,Bella Coola Prov,2012,0.0
Homicide,Fraser Valley,RCMP Provincial,Boston Bar Prov,2012,1.0
Homicide,Kootenay Boundary,RCMP Provincial,Boundary/Grand Forks Prov,2012,0.0
Homicide,Kootenay Boundary,RCMP Provincial,Boundary/Midway Prov,2012,0.0
Homicide,Metro Vancouver,RCMP Provincial,Bowen Island Prov,2012,0.0
Homicide,Metro Vancouver,RCMP Municipal,Burnaby Mun,2012,4.0
Homicide,Bulkley Nechako,RCMP Provincial,Burns Lake Prov,2012,0.0
Homicide,Strathcona,RCMP Municipal,Campbell River Mun,2012,0.0
Homicide,Strathcona,RCMP Provincial,Campbell River Prov,2012,0.0
Homicide,Central Kootenay,RCMP Municipal,Castlegar Mun,2012,0.0
Homicide,Central Kootenay,RCMP Provincial,Castlegar Prov,2012,0.0
Homicide,Capital,Independent Municipal,Central Saanich Mun,2012,0.0
Homicide,Thompson Nicola,RCMP Provincial,Chase Prov,2012,0.0
Homicide,Peace River,RCMP Provincial,Chetwynd Prov,2012,1.0
Homicide,Fraser Valley,RCMP Municipal,Chilliwack Mun,2012,1.0
Homicide,Fraser Valley,RCMP Provincial,Chilliwack Prov,2012,0.0
Homicide,Thompson Nicola,RCMP Provincial,Clearwater Prov,2012,0.0
Homicide,Thompson Nicola,RCMP Provincial,Clinton Prov,2012,0.0
Homicide,North Okanagan,RCMP Municipal,Coldstream Mun,2012,0.0
Homicide,East Kootenay,RCMP Provincial,Columbia Valley Prov,2012,1.0
Homicide,Capital,RCMP Municipal,Colwood Mun,2012,1.0
Homicide,Comox Valley,RCMP Municipal,Comox Mun,2012,0.0
Homicide,Comox Valley,RCMP Provincial,Comox Valley Prov,2012,0.0
Homicide,Metro Vancouver,RCMP Municipal,Coquitlam Mun,2012,1.0
Homicide,Metro Vancouver,RCMP Provincial,Coquitlam Prov,2012,0.0
Homicide,Comox Valley,RCMP Municipal,Courtenay Mun,2012,0.0
Homicide,East Kootenay,RCMP Municipal,Cranbrook Mun,2012,2.0
Homicide,East Kootenay,RCMP Provincial,Cranbrook Prov,2012,0.0
Homicide,Central Kootenay,RCMP Municipal,Creston Mun,2012,0.0
Homicide,Central Kootenay,RCMP Provincial,Creston Prov,2012,0.0
Homicide,Peace River,RCMP Municipal,Dawson Creek Mun,2012,1.0
Homicide,Peace River,RCMP Provincial,Dawson Creek Prov,2012,0.0
Homicide,Kitimat Stikine,RCMP Provincial,Dease Lake Prov,2012,0.0
Homicide,Metro Vancouver,Independent Municipal,Delta Mun,2012,0.0
Homicide,Cowichan Valley,RCMP Provincial,Duncan Prov,2012,0.0
Homicide,East Kootenay,RCMP Provincial,Elk Valley Prov,2012,0.0
Homicide,North Okanagan,RCMP Provincial,Enderby Prov,2012,0.0
Homicide,Columbia Shuswap,RCMP Provincial,Falkland Prov,2012,0.0
Homicide,Bulkley Nechako,RCMP Provincial,Fort St James Prov,2012,2.0
Homicide,Peace River,RCMP Municipal,Fort St John Mun,2012,1.0
Homicide,Peace River,RCMP Provincial,Fort St John Prov,2012,0.0
Homicide,Bulkley Nechako,RCMP Provincial,Fraser Lake Prov,2012,0.0
Homicide,Nanaimo,RCMP Provincial,Gabriola Island Prov,2012,0.0
Homicide,Columbia Shuswap,RCMP Provincial,Golden Prov,2012,0.0
Homicide,Fraser Valley,RCMP Municipal,Hope Mun,2012,0.0
Homicide,Fraser Valley,RCMP Provincial,Hope  Prov,2012,0.0
Homicide,Bulkley Nechako,RCMP Provincial,Houston/Granisle Prov,2012,0.0
Homicide,Peace River,RCMP Provincial,Hudson's Hope Prov,2012,0.0
Homicide,Thompson Nicola,RCMP Municipal,Kamloops Mun,2012,4.0
Homicide,Central Kootenay,RCMP Provincial,Kaslo Prov,2012,0.0
Homicide,Central Okanagan,RCMP Municipal,Kelowna Mun,2012,2.0
Homicide,Central Okanagan,RCMP Provincial,Kelowna Prov,2012,1.0
Homicide,Fraser Valley,RCMP Municipal,Kent Mun,2012,0.0
Homicide,Okanagan Similkameen,RCMP Provincial,Keremeos Prov,2012,0.0
Homicide,East Kootenay,RCMP Municipal,Kimberley Mun,2012,0.0
Homicide,East Kootenay,RCMP Provincial,Kimberley Prov,2012,0.0
Homicide,Kitimat Stikine,RCMP Municipal,Kitimat Mun,2012,0.0
Homicide,Kitimat Stikine,RCMP Provincial,Kitimat Prov,2012,0.0
Homicide,Cowichan Valley,RCMP Municipal,Ladysmith Mun,2012,0.0
Homicide,Cowichan Valley,RCMP Provincial,Ladysmith Prov,2012,0.0
Homicide,Central Okanagan,RCMP Municipal,Lake Country Mun,2012,0.0
Homicide,Cowichan Valley,RCMP Provincial,Lake Cowichan Prov,2012,0.0
Homicide,Capital,RCMP Municipal,Langford Mun,2012,0.0
Homicide,Metro Vancouver,RCMP Municipal,Langley City Mun,2012,0.0
Homicide,Metro Vancouver,RCMP Municipal,Langley Township Mun,2012,4.0
Homicide,Squamish Lillooet,RCMP Provincial,Lillooet Prov,2012,0.0
Homicide,Kitimat Stikine,RCMP Provincial,Lisims/Nass Valley Prov,2012,0.0
Homicide,Thompson Nicola,RCMP Provincial,Logan Lake Prov,2012,0.0
Homicide,North Okanagan,RCMP Provincial,Lumby Prov,2012,0.0
Homicide,Thompson Nicola,RCMP Provincial,Lytton Prov,2012,0.0
Homicide,Fraser Fort George,RCMP Provincial,Mackenzie Prov,2012,0.0
Homicide,Metro Vancouver,RCMP Municipal,Maple Ridge Mun,2012,2.0
Homicide,North Coast Regional District (22),RCMP Provincial,Masset Prov,2012,0.0
Homicide,Fraser Fort George,RCMP Provincial,McBride Prov,2012,0.0
Homicide,Thompson Nicola,RCMP Municipal,Merritt Mun,2012,0.0
Homicide,Thompson Nicola,RCMP Provincial,Merritt Prov,2012,0.0
Homicide,Fraser Valley,RCMP Municipal,Mission Mun,2012,1.0
Homicide,Fraser Valley,RCMP Provincial,Mission Prov,2012,0.0
Homicide,Central Kootenay,RCMP Provincial,Nakusp Prov,2012,0.0
Homicide,Nanaimo,RCMP Municipal,Nanaimo Mun,2012,0.0
Homicide,Nanaimo,RCMP Provincial,Nanaimo Prov,2012,0.0
Homicide,Central Kootenay,Independent Municipal,Nelson Mun,2012,0.0
Homicide,Central Kootenay,RCMP Provincial,Nelson Prov,2012,0.0
Homicide,Kitimat Stikine,RCMP Provincial,New Hazelton Prov,2012,0.0
Homicide,Metro Vancouver,Independent Municipal,New Westminster Mun,2012,2.0
Homicide,Strathcona,RCMP Provincial,Nootka Sound Prov,2012,0.0
Homicide,Cowichan Valley,RCMP Municipal,North Cowichan Mun,2012,0.0
Homicide,Capital,RCMP Municipal,North Saanich Mun,2012,0.0
Homicide,Metro Vancouver,RCMP Municipal,North Vancouver City Mun,2012,0.0
Homicide,Metro Vancouver,RCMP Municipal,North Vancouver District Mun,2012,0.0
Homicide,Metro Vancouver,RCMP Provincial,North Vancouver Prov,2012,0.0
Homicide,Northern Rockies,RCMP Municipal,Northern Rockies Mun,2012,NA
Homicide,Northern Rockies,RCMP Provincial,Northern Rockies Prov,2012,0.0
Homicide,Capital,Independent Municipal,Oak Bay Mun,2012,0.0
Homicide,Nanaimo,RCMP Provincial,Oceanside Prov,2012,0.0
Homicide,Cariboo,RCMP Provincial,One Hundred Mile House Prov,2012,0.0
Homicide,Capital,RCMP Provincial,Outer Gulf  Islands Prov,2012,0.0
Homicide,Nanaimo,RCMP Municipal,Parksville Mun,2012,0.0
Homicide,Central Okanagan,RCMP Municipal,Peachland Mun,2012,0.0
Homicide,Squamish Lillooet,RCMP Provincial,Pemberton Prov,2012,0.0
Homicide,Okanagan Similkameen,RCMP Municipal,Penticton Mun,2012,0.0
Homicide,Okanagan Similkameen,RCMP Provincial,Penticton Prov,2012,0.0
Homicide,Metro Vancouver,RCMP Municipal,Pitt Meadows Mun,2012,0.0
Homicide,Alberni Clayoquot,RCMP Municipal,Port Alberni Mun,2012,1.0
Homicide,Alberni Clayoquot,RCMP Provincial,Port Alberni Prov,2012,0.0
Homicide,Mount Waddington,RCMP Provincial,Port Alice Prov,2012,0.0
Homicide,Metro Vancouver,RCMP Municipal,Port Coquitlam Mun,2012,0.0
Homicide,Mount Waddington,RCMP Provincial,Port Hardy Prov,2012,1.0
Homicide,Mount Waddington,RCMP Provincial,Port McNeill Prov,2012,0.0
Homicide,Metro Vancouver,Independent Municipal,Port Moody Mun,2012,3.0
Homicide,Powell River,RCMP Municipal,Powell River Mun,2012,0.0
Homicide,Powell River,RCMP Provincial,Powell River Prov,2012,0.0
Homicide,Fraser Fort George,RCMP Municipal,Prince George Mun,2012,2.0
Homicide,Fraser Fort George,RCMP Provincial,Prince George Prov,2012,1.0
Homicide,North Coast Regional District (22),RCMP Municipal,Prince Rupert Mun,2012,0.0
Homicide,North Coast Regional District (22),RCMP Provincial,Prince Rupert Prov,2012,0.0
Homicide,Okanagan Similkameen,RCMP Provincial,Princeton Prov,2012,0.0
Homicide,Strathcona,RCMP Provincial,Quadra Island Prov,2012,0.0
Homicide,Nanaimo,RCMP Municipal,Qualicum Beach Mun,2012,0.0
Homicide,North Coast Regional District (22),RCMP Provincial,Queen Charlotte Prov,2012,0.0
Homicide,Cariboo,RCMP Municipal,Quesnel Mun,2012,0.0
Homicide,Cariboo,RCMP Provincial,Quesnel Prov,2012,0.0
Homicide,Columbia Shuswap,RCMP Municipal,Revelstoke Mun,2012,0.0
Homicide,Columbia Shuswap,RCMP Provincial,Revelstoke Prov,2012,0.0
Homicide,Metro Vancouver,RCMP Municipal,Richmond Mun,2012,4.0
Homicide,Metro Vancouver,RCMP Provincial,Ridge Meadows Prov,2012,1.0
Homicide,Capital,Independent Municipal,Saanich Mun,2012,0.0
Homicide,Central Kootenay,RCMP Provincial,Salmo Prov,2012,0.0
Homicide,Columbia Shuswap,RCMP Municipal,Salmon Arm Mun,2012,0.0
Homicide,Columbia Shuswap,RCMP Provincial,Salmon Arm Prov,2012,0.0
Homicide,Capital,RCMP Provincial,Saltspring Island Prov,2012,0.0
Homicide,Strathcona,RCMP Provincial,Sayward Prov,2012,0.0
Homicide,Sunshine Coast,RCMP Municipal,Sechelt Mun,2012,0.0
Homicide,Cowichan Valley,RCMP Provincial,Shawnigan Lake Prov,2012,0.0
Homicide,Columbia Shuswap,RCMP Provincial,Sicamous Prov,2012,0.0
Homicide,Capital,RCMP Municipal,Sidney Mun,2012,0.0
Homicide,Capital,RCMP Provincial,Sidney Prov,2012,0.0
Homicide,Central Kootenay,RCMP Provincial,Slocan Lake Prov,2012,0.0
Homicide,Bulkley Nechako,RCMP Municipal,Smithers Mun,2012,0.0
Homicide,Bulkley Nechako,RCMP Provincial,Smithers Prov,2012,0.0
Homicide,Capital,RCMP Municipal,Sooke Mun,2012,1.0
Homicide,Capital,RCMP Provincial,Sooke Prov,2012,0.0
Homicide,Okanagan Similkameen,RCMP Provincial,South Okanagan/Oliver,2012,0.0
Homicide,Okanagan Similkameen,RCMP Provincial,South Okanagan/Osoyoos,2012,0.0
Homicide,North Okanagan,RCMP Municipal,Spallumcheen Mun,2012,0.0
Homicide,Squamish Lillooet,RCMP Municipal,Squamish Mun,2012,0.0
Homicide,Squamish Lillooet,RCMP Provincial,Squamish Prov,2012,0.0
Homicide,Kitimat Stikine,RCMP Provincial,Stewart Prov,2012,0.0
Homicide,Squamish Lillooet,First Nations Aboriginal Police Service,Stl'atl'imx FNAPS,2012,0.0
Homicide,Okanagan Similkameen,RCMP Municipal,Summerland Mun,2012,0.0
Homicide,Sunshine Coast,RCMP Provincial,Sunshine Coast Prov,2012,0.0
Homicide,Metro Vancouver,RCMP Municipal,Surrey Mun,2012,9.0
Homicide,Bulkley Nechako,RCMP Provincial,Takla Landing Prov,2012,0.0
Homicide,Kitimat Stikine,RCMP Municipal,Terrace Mun,2012,0.0
Homicide,Kitimat Stikine,RCMP Provincial,Terrace Prov,2012,1.0
Homicide,Powell River,RCMP Provincial,Texada Island Prov,2012,0.0
Homicide,Thompson Nicola,RCMP Provincial,T'Kumlups Prov,2012,1.0
Homicide,Alberni Clayoquot,RCMP Provincial,Tofino Prov,2012,0.0
Homicide,Kootenay Boundary,RCMP Municipal,Trail Mun,2012,0.0
Homicide,Kootenay Boundary,RCMP Provincial,Trail and Greater District,2012,0.0
Homicide,Fraser Fort George,RCMP Provincial,Tsay Keh Dene Prov,2012,0.0
Homicide,Peace River,RCMP Provincial,Tumbler Ridge Prov,2012,0.0
Homicide,Alberni Clayoquot,RCMP Provincial,Ucluelet Prov,2012,0.0
Homicide,Metro Vancouver,RCMP Provincial,University Prov,2012,0.0
Homicide,Fraser Fort George,RCMP Provincial,Valemount Prov,2012,0.0
Homicide,Metro Vancouver,Independent Municipal,Vancouver Mun,2012,8.0
Homicide,Bulkley Nechako,RCMP Provincial,Vanderhoof Prov,2012,1.0
Homicide,North Okanagan,RCMP Municipal,Vernon Mun,2012,0.0
Homicide,North Okanagan,RCMP Provincial,Vernon Prov,2012,0.0
Homicide,Capital,Independent Municipal,Victoria Mun,2012,2.0
Homicide,Capital,RCMP Municipal,View Royal Mun,2012,0.0
Homicide,Cariboo,RCMP Provincial,Wells Prov,2012,0.0
Homicide,Central Okanagan,RCMP Municipal,West Kelowna Mun,2012,0.0
Homicide,Capital,RCMP Provincial,West Shore Prov,2012,0.0
Homicide,Metro Vancouver,Independent Municipal,West Vancouver Mun,2012,0.0
Homicide,Squamish Lillooet,RCMP Municipal,Whistler Mun,2012,0.0
Homicide,Squamish Lillooet,RCMP Provincial,Whistler Prov,2012,0.0
Homicide,Metro Vancouver,RCMP Municipal,White Rock Mun,2012,0.0
Homicide,Cariboo,RCMP Municipal,Williams Lake Mun,2012,0.0
Homicide,Cariboo,RCMP Provincial,Williams Lake Prov,2012,0.0
Motor Vehicle Theft,Fraser Valley,Independent Municipal,Abbotsford Mun,2012,336.0
Motor Vehicle Theft,Fraser Valley,RCMP Provincial,Agassiz Prov,2012,10.0
Motor Vehicle Theft,Mount Waddington,RCMP Provincial,Alert Bay Prov,2012,2.0
Motor Vehicle Theft,Cariboo,RCMP Provincial,Alexis Creek Prov,2012,22.0
Motor Vehicle Theft,Cariboo,RCMP Provincial,Anahim Lake Prov,2012,3.0
Motor Vehicle Theft,North Okanagan,RCMP Provincial,Armstrong Prov,2012,15.0
Motor Vehicle Theft,Thompson Nicola,RCMP Provincial,Ashcroft Prov,2012,10.0
Motor Vehicle Theft,Kitimat Stikine,RCMP Provincial,Atlin Prov,2012,1.0
Motor Vehicle Theft,Thompson Nicola,RCMP Provincial,Barriere Prov,2012,7.0
Motor Vehicle Theft,Central Coast,RCMP Provincial,Bella Bella Prov,2012,1.0
Motor Vehicle Theft,Central Coast,RCMP Provincial,Bella Coola Prov,2012,2.0
Motor Vehicle Theft,Fraser Valley,RCMP Provincial,Boston Bar Prov,2012,2.0
Motor Vehicle Theft,Kootenay Boundary,RCMP Provincial,Boundary/Grand Forks Prov,2012,17.0
Motor Vehicle Theft,Kootenay Boundary,RCMP Provincial,Boundary/Midway Prov,2012,4.0
Motor Vehicle Theft,Metro Vancouver,RCMP Provincial,Bowen Island Prov,2012,2.0
Motor Vehicle Theft,Metro Vancouver,RCMP Municipal,Burnaby Mun,2012,558.0
Motor Vehicle Theft,Bulkley Nechako,RCMP Provincial,Burns Lake Prov,2012,12.0
Motor Vehicle Theft,Strathcona,RCMP Municipal,Campbell River Mun,2012,56.0
Motor Vehicle Theft,Strathcona,RCMP Provincial,Campbell River Prov,2012,3.0
Motor Vehicle Theft,Central Kootenay,RCMP Municipal,Castlegar Mun,2012,12.0
Motor Vehicle Theft,Central Kootenay,RCMP Provincial,Castlegar Prov,2012,9.0
Motor Vehicle Theft,Capital,Independent Municipal,Central Saanich Mun,2012,9.0
Motor Vehicle Theft,Thompson Nicola,RCMP Provincial,Chase Prov,2012,25.0
Motor Vehicle Theft,Peace River,RCMP Provincial,Chetwynd Prov,2012,31.0
Motor Vehicle Theft,Fraser Valley,RCMP Municipal,Chilliwack Mun,2012,407.0
Motor Vehicle Theft,Fraser Valley,RCMP Provincial,Chilliwack Prov,2012,28.0
Motor Vehicle Theft,Thompson Nicola,RCMP Provincial,Clearwater Prov,2012,8.0
Motor Vehicle Theft,Thompson Nicola,RCMP Provincial,Clinton Prov,2012,9.0
Motor Vehicle Theft,North Okanagan,RCMP Municipal,Coldstream Mun,2012,11.0
Motor Vehicle Theft,East Kootenay,RCMP Provincial,Columbia Valley Prov,2012,34.0
Motor Vehicle Theft,Capital,RCMP Municipal,Colwood Mun,2012,13.0
Motor Vehicle Theft,Comox Valley,RCMP Municipal,Comox Mun,2012,12.0
Motor Vehicle Theft,Comox Valley,RCMP Provincial,Comox Valley Prov,2012,27.0
Motor Vehicle Theft,Metro Vancouver,RCMP Municipal,Coquitlam Mun,2012,259.0
Motor Vehicle Theft,Metro Vancouver,RCMP Provincial,Coquitlam Prov,2012,1.0
Motor Vehicle Theft,Comox Valley,RCMP Municipal,Courtenay Mun,2012,34.0
Motor Vehicle Theft,East Kootenay,RCMP Municipal,Cranbrook Mun,2012,45.0
Motor Vehicle Theft,East Kootenay,RCMP Provincial,Cranbrook Prov,2012,12.0
Motor Vehicle Theft,Central Kootenay,RCMP Municipal,Creston Mun,2012,8.0
Motor Vehicle Theft,Central Kootenay,RCMP Provincial,Creston Prov,2012,14.0
Motor Vehicle Theft,Peace River,RCMP Municipal,Dawson Creek Mun,2012,61.0
Motor Vehicle Theft,Peace River,RCMP Provincial,Dawson Creek Prov,2012,16.0
Motor Vehicle Theft,Kitimat Stikine,RCMP Provincial,Dease Lake Prov,2012,1.0
Motor Vehicle Theft,Metro Vancouver,Independent Municipal,Delta Mun,2012,204.0
Motor Vehicle Theft,Cowichan Valley,RCMP Provincial,Duncan Prov,2012,31.0
Motor Vehicle Theft,East Kootenay,RCMP Provincial,Elk Valley Prov,2012,42.0
Motor Vehicle Theft,North Okanagan,RCMP Provincial,Enderby Prov,2012,28.0
Motor Vehicle Theft,Columbia Shuswap,RCMP Provincial,Falkland Prov,2012,5.0
Motor Vehicle Theft,Bulkley Nechako,RCMP Provincial,Fort St James Prov,2012,14.0
Motor Vehicle Theft,Peace River,RCMP Municipal,Fort St John Mun,2012,130.0
Motor Vehicle Theft,Peace River,RCMP Provincial,Fort St John Prov,2012,47.0
Motor Vehicle Theft,Bulkley Nechako,RCMP Provincial,Fraser Lake Prov,2012,3.0
Motor Vehicle Theft,Nanaimo,RCMP Provincial,Gabriola Island Prov,2012,1.0
Motor Vehicle Theft,Columbia Shuswap,RCMP Provincial,Golden Prov,2012,15.0
Motor Vehicle Theft,Fraser Valley,RCMP Municipal,Hope Mun,2012,32.0
Motor Vehicle Theft,Fraser Valley,RCMP Provincial,Hope  Prov,2012,4.0
Motor Vehicle Theft,Bulkley Nechako,RCMP Provincial,Houston/Granisle Prov,2012,16.0
Motor Vehicle Theft,Peace River,RCMP Provincial,Hudson's Hope Prov,2012,6.0
Motor Vehicle Theft,Thompson Nicola,RCMP Municipal,Kamloops Mun,2012,175.0
Motor Vehicle Theft,Central Kootenay,RCMP Provincial,Kaslo Prov,2012,3.0
Motor Vehicle Theft,Central Okanagan,RCMP Municipal,Kelowna Mun,2012,578.0
Motor Vehicle Theft,Central Okanagan,RCMP Provincial,Kelowna Prov,2012,67.0
Motor Vehicle Theft,Fraser Valley,RCMP Municipal,Kent Mun,2012,10.0
Motor Vehicle Theft,Okanagan Similkameen,RCMP Provincial,Keremeos Prov,2012,13.0
Motor Vehicle Theft,East Kootenay,RCMP Municipal,Kimberley Mun,2012,8.0
Motor Vehicle Theft,East Kootenay,RCMP Provincial,Kimberley Prov,2012,1.0
Motor Vehicle Theft,Kitimat Stikine,RCMP Municipal,Kitimat Mun,2012,18.0
Motor Vehicle Theft,Kitimat Stikine,RCMP Provincial,Kitimat Prov,2012,0.0
Motor Vehicle Theft,Cowichan Valley,RCMP Municipal,Ladysmith Mun,2012,26.0
Motor Vehicle Theft,Cowichan Valley,RCMP Provincial,Ladysmith Prov,2012,9.0
Motor Vehicle Theft,Central Okanagan,RCMP Municipal,Lake Country Mun,2012,42.0
Motor Vehicle Theft,Cowichan Valley,RCMP Provincial,Lake Cowichan Prov,2012,6.0
Motor Vehicle Theft,Capital,RCMP Municipal,Langford Mun,2012,40.0
Motor Vehicle Theft,Metro Vancouver,RCMP Municipal,Langley City Mun,2012,262.0
Motor Vehicle Theft,Metro Vancouver,RCMP Municipal,Langley Township Mun,2012,538.0
Motor Vehicle Theft,Squamish Lillooet,RCMP Provincial,Lillooet Prov,2012,11.0
Motor Vehicle Theft,Kitimat Stikine,RCMP Provincial,Lisims/Nass Valley Prov,2012,1.0
Motor Vehicle Theft,Thompson Nicola,RCMP Provincial,Logan Lake Prov,2012,9.0
Motor Vehicle Theft,North Okanagan,RCMP Provincial,Lumby Prov,2012,12.0
Motor Vehicle Theft,Thompson Nicola,RCMP Provincial,Lytton Prov,2012,3.0
Motor Vehicle Theft,Fraser Fort George,RCMP Provincial,Mackenzie Prov,2012,7.0
Motor Vehicle Theft,Metro Vancouver,RCMP Municipal,Maple Ridge Mun,2012,201.0
Motor Vehicle Theft,North Coast Regional District (22),RCMP Provincial,Masset Prov,2012,6.0
Motor Vehicle Theft,Fraser Fort George,RCMP Provincial,McBride Prov,2012,2.0
Motor Vehicle Theft,Thompson Nicola,RCMP Municipal,Merritt Mun,2012,38.0
Motor Vehicle Theft,Thompson Nicola,RCMP Provincial,Merritt Prov,2012,19.0
Motor Vehicle Theft,Fraser Valley,RCMP Municipal,Mission Mun,2012,143.0
Motor Vehicle Theft,Fraser Valley,RCMP Provincial,Mission Prov,2012,13.0
Motor Vehicle Theft,Central Kootenay,RCMP Provincial,Nakusp Prov,2012,4.0
Motor Vehicle Theft,Nanaimo,RCMP Municipal,Nanaimo Mun,2012,237.0
Motor Vehicle Theft,Nanaimo,RCMP Provincial,Nanaimo Prov,2012,31.0
Motor Vehicle Theft,Central Kootenay,Independent Municipal,Nelson Mun,2012,15.0
Motor Vehicle Theft,Central Kootenay,RCMP Provincial,Nelson Prov,2012,8.0
Motor Vehicle Theft,Kitimat Stikine,RCMP Provincial,New Hazelton Prov,2012,7.0
Motor Vehicle Theft,Metro Vancouver,Independent Municipal,New Westminster Mun,2012,206.0
Motor Vehicle Theft,Strathcona,RCMP Provincial,Nootka Sound Prov,2012,3.0
Motor Vehicle Theft,Cowichan Valley,RCMP Municipal,North Cowichan Mun,2012,54.0
Motor Vehicle Theft,Capital,RCMP Municipal,North Saanich Mun,2012,7.0
Motor Vehicle Theft,Metro Vancouver,RCMP Municipal,North Vancouver City Mun,2012,48.0
Motor Vehicle Theft,Metro Vancouver,RCMP Municipal,North Vancouver District Mun,2012,83.0
Motor Vehicle Theft,Metro Vancouver,RCMP Provincial,North Vancouver Prov,2012,7.0
Motor Vehicle Theft,Northern Rockies,RCMP Municipal,Northern Rockies Mun,2012,NA
Motor Vehicle Theft,Northern Rockies,RCMP Provincial,Northern Rockies Prov,2012,46.0
Motor Vehicle Theft,Capital,Independent Municipal,Oak Bay Mun,2012,5.0
Motor Vehicle Theft,Nanaimo,RCMP Provincial,Oceanside Prov,2012,26.0
Motor Vehicle Theft,Cariboo,RCMP Provincial,One Hundred Mile House Prov,2012,14.0
Motor Vehicle Theft,Capital,RCMP Provincial,Outer Gulf  Islands Prov,2012,1.0
Motor Vehicle Theft,Nanaimo,RCMP Municipal,Parksville Mun,2012,17.0
Motor Vehicle Theft,Central Okanagan,RCMP Municipal,Peachland Mun,2012,16.0
Motor Vehicle Theft,Squamish Lillooet,RCMP Provincial,Pemberton Prov,2012,4.0
Motor Vehicle Theft,Okanagan Similkameen,RCMP Municipal,Penticton Mun,2012,143.0
Motor Vehicle Theft,Okanagan Similkameen,RCMP Provincial,Penticton Prov,2012,34.0
Motor Vehicle Theft,Metro Vancouver,RCMP Municipal,Pitt Meadows Mun,2012,31.0
Motor Vehicle Theft,Alberni Clayoquot,RCMP Municipal,Port Alberni Mun,2012,40.0
Motor Vehicle Theft,Alberni Clayoquot,RCMP Provincial,Port Alberni Prov,2012,17.0
Motor Vehicle Theft,Mount Waddington,RCMP Provincial,Port Alice Prov,2012,1.0
Motor Vehicle Theft,Metro Vancouver,RCMP Municipal,Port Coquitlam Mun,2012,153.0
Motor Vehicle Theft,Mount Waddington,RCMP Provincial,Port Hardy Prov,2012,6.0
Motor Vehicle Theft,Mount Waddington,RCMP Provincial,Port McNeill Prov,2012,4.0
Motor Vehicle Theft,Metro Vancouver,Independent Municipal,Port Moody Mun,2012,25.0
Motor Vehicle Theft,Powell River,RCMP Municipal,Powell River Mun,2012,18.0
Motor Vehicle Theft,Powell River,RCMP Provincial,Powell River Prov,2012,2.0
Motor Vehicle Theft,Fraser Fort George,RCMP Municipal,Prince George Mun,2012,217.0
Motor Vehicle Theft,Fraser Fort George,RCMP Provincial,Prince George Prov,2012,33.0
Motor Vehicle Theft,North Coast Regional District (22),RCMP Municipal,Prince Rupert Mun,2012,10.0
Motor Vehicle Theft,North Coast Regional District (22),RCMP Provincial,Prince Rupert Prov,2012,1.0
Motor Vehicle Theft,Okanagan Similkameen,RCMP Provincial,Princeton Prov,2012,11.0
Motor Vehicle Theft,Strathcona,RCMP Provincial,Quadra Island Prov,2012,4.0
Motor Vehicle Theft,Nanaimo,RCMP Municipal,Qualicum Beach Mun,2012,8.0
Motor Vehicle Theft,North Coast Regional District (22),RCMP Provincial,Queen Charlotte Prov,2012,4.0
Motor Vehicle Theft,Cariboo,RCMP Municipal,Quesnel Mun,2012,38.0
Motor Vehicle Theft,Cariboo,RCMP Provincial,Quesnel Prov,2012,27.0
Motor Vehicle Theft,Columbia Shuswap,RCMP Municipal,Revelstoke Mun,2012,48.0
Motor Vehicle Theft,Columbia Shuswap,RCMP Provincial,Revelstoke Prov,2012,4.0
Motor Vehicle Theft,Metro Vancouver,RCMP Municipal,Richmond Mun,2012,327.0
Motor Vehicle Theft,Metro Vancouver,RCMP Provincial,Ridge Meadows Prov,2012,49.0
Motor Vehicle Theft,Capital,Independent Municipal,Saanich Mun,2012,90.0
Motor Vehicle Theft,Central Kootenay,RCMP Provincial,Salmo Prov,2012,6.0
Motor Vehicle Theft,Columbia Shuswap,RCMP Municipal,Salmon Arm Mun,2012,31.0
Motor Vehicle Theft,Columbia Shuswap,RCMP Provincial,Salmon Arm Prov,2012,17.0
Motor Vehicle Theft,Capital,RCMP Provincial,Saltspring Island Prov,2012,6.0
Motor Vehicle Theft,Strathcona,RCMP Provincial,Sayward Prov,2012,0.0
Motor Vehicle Theft,Sunshine Coast,RCMP Municipal,Sechelt Mun,2012,10.0
Motor Vehicle Theft,Cowichan Valley,RCMP Provincial,Shawnigan Lake Prov,2012,13.0
Motor Vehicle Theft,Columbia Shuswap,RCMP Provincial,Sicamous Prov,2012,28.0
Motor Vehicle Theft,Capital,RCMP Municipal,Sidney Mun,2012,6.0
Motor Vehicle Theft,Capital,RCMP Provincial,Sidney Prov,2012,0.0
Motor Vehicle Theft,Central Kootenay,RCMP Provincial,Slocan Lake Prov,2012,5.0
Motor Vehicle Theft,Bulkley Nechako,RCMP Municipal,Smithers Mun,2012,11.0
Motor Vehicle Theft,Bulkley Nechako,RCMP Provincial,Smithers Prov,2012,11.0
Motor Vehicle Theft,Capital,RCMP Municipal,Sooke Mun,2012,15.0
Motor Vehicle Theft,Capital,RCMP Provincial,Sooke Prov,2012,8.0
Motor Vehicle Theft,Okanagan Similkameen,RCMP Provincial,South Okanagan/Oliver,2012,30.0
Motor Vehicle Theft,Okanagan Similkameen,RCMP Provincial,South Okanagan/Osoyoos,2012,21.0
Motor Vehicle Theft,North Okanagan,RCMP Municipal,Spallumcheen Mun,2012,5.0
Motor Vehicle Theft,Squamish Lillooet,RCMP Municipal,Squamish Mun,2012,31.0
Motor Vehicle Theft,Squamish Lillooet,RCMP Provincial,Squamish Prov,2012,2.0
Motor Vehicle Theft,Kitimat Stikine,RCMP Provincial,Stewart Prov,2012,1.0
Motor Vehicle Theft,Squamish Lillooet,First Nations Aboriginal Police Service,Stl'atl'imx FNAPS,2012,5.0
Motor Vehicle Theft,Okanagan Similkameen,RCMP Municipal,Summerland Mun,2012,25.0
Motor Vehicle Theft,Sunshine Coast,RCMP Provincial,Sunshine Coast Prov,2012,18.0
Motor Vehicle Theft,Metro Vancouver,RCMP Municipal,Surrey Mun,2012,3033.0
Motor Vehicle Theft,Bulkley Nechako,RCMP Provincial,Takla Landing Prov,2012,0.0
Motor Vehicle Theft,Kitimat Stikine,RCMP Municipal,Terrace Mun,2012,7.0
Motor Vehicle Theft,Kitimat Stikine,RCMP Provincial,Terrace Prov,2012,24.0
Motor Vehicle Theft,Powell River,RCMP Provincial,Texada Island Prov,2012,0.0
Motor Vehicle Theft,Thompson Nicola,RCMP Provincial,T'Kumlups Prov,2012,28.0
Motor Vehicle Theft,Alberni Clayoquot,RCMP Provincial,Tofino Prov,2012,2.0
Motor Vehicle Theft,Kootenay Boundary,RCMP Municipal,Trail Mun,2012,3.0
Motor Vehicle Theft,Kootenay Boundary,RCMP Provincial,Trail and Greater District,2012,8.0
Motor Vehicle Theft,Fraser Fort George,RCMP Provincial,Tsay Keh Dene Prov,2012,2.0
Motor Vehicle Theft,Peace River,RCMP Provincial,Tumbler Ridge Prov,2012,4.0
Motor Vehicle Theft,Alberni Clayoquot,RCMP Provincial,Ucluelet Prov,2012,5.0
Motor Vehicle Theft,Metro Vancouver,RCMP Provincial,University Prov,2012,20.0
Motor Vehicle Theft,Fraser Fort George,RCMP Provincial,Valemount Prov,2012,4.0
Motor Vehicle Theft,Metro Vancouver,Independent Municipal,Vancouver Mun,2012,1188.0
Motor Vehicle Theft,Bulkley Nechako,RCMP Provincial,Vanderhoof Prov,2012,19.0
Motor Vehicle Theft,North Okanagan,RCMP Municipal,Vernon Mun,2012,139.0
Motor Vehicle Theft,North Okanagan,RCMP Provincial,Vernon Prov,2012,37.0
Motor Vehicle Theft,Capital,Independent Municipal,Victoria Mun,2012,205.0
Motor Vehicle Theft,Capital,RCMP Municipal,View Royal Mun,2012,9.0
Motor Vehicle Theft,Cariboo,RCMP Provincial,Wells Prov,2012,0.0
Motor Vehicle Theft,Central Okanagan,RCMP Municipal,West Kelowna Mun,2012,92.0
Motor Vehicle Theft,Capital,RCMP Provincial,West Shore Prov,2012,10.0
Motor Vehicle Theft,Metro Vancouver,Independent Municipal,West Vancouver Mun,2012,27.0
Motor Vehicle Theft,Squamish Lillooet,RCMP Municipal,Whistler Mun,2012,22.0
Motor Vehicle Theft,Squamish Lillooet,RCMP Provincial,Whistler Prov,2012,0.0
Motor Vehicle Theft,Metro Vancouver,RCMP Municipal,White Rock Mun,2012,53.0
Motor Vehicle Theft,Cariboo,RCMP Municipal,Williams Lake Mun,2012,106.0
Motor Vehicle Theft,Cariboo,RCMP Provincial,Williams Lake Prov,2012,36.0
Administration of Justice Offenses,Fraser Valley,Independent Municipal,Abbotsford Mun,2012,371.0
Administration of Justice Offenses,Fraser Valley,RCMP Provincial,Agassiz Prov,2012,18.0
Administration of Justice Offenses,Mount Waddington,RCMP Provincial,Alert Bay Prov,2012,19.0
Administration of Justice Offenses,Cariboo,RCMP Provincial,Alexis Creek Prov,2012,42.0
Administration of Justice Offenses,Cariboo,RCMP Provincial,Anahim Lake Prov,2012,28.0
Administration of Justice Offenses,North Okanagan,RCMP Provincial,Armstrong Prov,2012,22.0
Administration of Justice Offenses,Thompson Nicola,RCMP Provincial,Ashcroft Prov,2012,17.0
Administration of Justice Offenses,Kitimat Stikine,RCMP Provincial,Atlin Prov,2012,11.0
Administration of Justice Offenses,Thompson Nicola,RCMP Provincial,Barriere Prov,2012,14.0
Administration of Justice Offenses,Central Coast,RCMP Provincial,Bella Bella Prov,2012,31.0
Administration of Justice Offenses,Central Coast,RCMP Provincial,Bella Coola Prov,2012,56.0
Administration of Justice Offenses,Fraser Valley,RCMP Provincial,Boston Bar Prov,2012,12.0
Administration of Justice Offenses,Kootenay Boundary,RCMP Provincial,Boundary/Grand Forks Prov,2012,26.0
Administration of Justice Offenses,Kootenay Boundary,RCMP Provincial,Boundary/Midway Prov,2012,19.0
Administration of Justice Offenses,Metro Vancouver,RCMP Provincial,Bowen Island Prov,2012,1.0
Administration of Justice Offenses,Metro Vancouver,RCMP Municipal,Burnaby Mun,2012,342.0
Administration of Justice Offenses,Bulkley Nechako,RCMP Provincial,Burns Lake Prov,2012,115.0
Administration of Justice Offenses,Strathcona,RCMP Municipal,Campbell River Mun,2012,347.0
Administration of Justice Offenses,Strathcona,RCMP Provincial,Campbell River Prov,2012,39.0
Administration of Justice Offenses,Central Kootenay,RCMP Municipal,Castlegar Mun,2012,63.0
Administration of Justice Offenses,Central Kootenay,RCMP Provincial,Castlegar Prov,2012,11.0
Administration of Justice Offenses,Capital,Independent Municipal,Central Saanich Mun,2012,19.0
Administration of Justice Offenses,Thompson Nicola,RCMP Provincial,Chase Prov,2012,29.0
Administration of Justice Offenses,Peace River,RCMP Provincial,Chetwynd Prov,2012,77.0
Administration of Justice Offenses,Fraser Valley,RCMP Municipal,Chilliwack Mun,2012,217.0
Administration of Justice Offenses,Fraser Valley,RCMP Provincial,Chilliwack Prov,2012,19.0
Administration of Justice Offenses,Thompson Nicola,RCMP Provincial,Clearwater Prov,2012,4.0
Administration of Justice Offenses,Thompson Nicola,RCMP Provincial,Clinton Prov,2012,1.0
Administration of Justice Offenses,North Okanagan,RCMP Municipal,Coldstream Mun,2012,3.0
Administration of Justice Offenses,East Kootenay,RCMP Provincial,Columbia Valley Prov,2012,40.0
Administration of Justice Offenses,Capital,RCMP Municipal,Colwood Mun,2012,28.0
Administration of Justice Offenses,Comox Valley,RCMP Municipal,Comox Mun,2012,14.0
Administration of Justice Offenses,Comox Valley,RCMP Provincial,Comox Valley Prov,2012,50.0
Administration of Justice Offenses,Metro Vancouver,RCMP Municipal,Coquitlam Mun,2012,239.0
Administration of Justice Offenses,Metro Vancouver,RCMP Provincial,Coquitlam Prov,2012,2.0
Administration of Justice Offenses,Comox Valley,RCMP Municipal,Courtenay Mun,2012,235.0
Administration of Justice Offenses,East Kootenay,RCMP Municipal,Cranbrook Mun,2012,140.0
Administration of Justice Offenses,East Kootenay,RCMP Provincial,Cranbrook Prov,2012,11.0
Administration of Justice Offenses,Central Kootenay,RCMP Municipal,Creston Mun,2012,30.0
Administration of Justice Offenses,Central Kootenay,RCMP Provincial,Creston Prov,2012,22.0
Administration of Justice Offenses,Peace River,RCMP Municipal,Dawson Creek Mun,2012,142.0
Administration of Justice Offenses,Peace River,RCMP Provincial,Dawson Creek Prov,2012,14.0
Administration of Justice Offenses,Kitimat Stikine,RCMP Provincial,Dease Lake Prov,2012,9.0
Administration of Justice Offenses,Metro Vancouver,Independent Municipal,Delta Mun,2012,172.0
Administration of Justice Offenses,Cowichan Valley,RCMP Provincial,Duncan Prov,2012,154.0
Administration of Justice Offenses,East Kootenay,RCMP Provincial,Elk Valley Prov,2012,36.0
Administration of Justice Offenses,North Okanagan,RCMP Provincial,Enderby Prov,2012,27.0
Administration of Justice Offenses,Columbia Shuswap,RCMP Provincial,Falkland Prov,2012,4.0
Administration of Justice Offenses,Bulkley Nechako,RCMP Provincial,Fort St James Prov,2012,174.0
Administration of Justice Offenses,Peace River,RCMP Municipal,Fort St John Mun,2012,203.0
Administration of Justice Offenses,Peace River,RCMP Provincial,Fort St John Prov,2012,38.0
Administration of Justice Offenses,Bulkley Nechako,RCMP Provincial,Fraser Lake Prov,2012,14.0
Administration of Justice Offenses,Nanaimo,RCMP Provincial,Gabriola Island Prov,2012,5.0
Administration of Justice Offenses,Columbia Shuswap,RCMP Provincial,Golden Prov,2012,24.0
Administration of Justice Offenses,Fraser Valley,RCMP Municipal,Hope Mun,2012,34.0
Administration of Justice Offenses,Fraser Valley,RCMP Provincial,Hope  Prov,2012,4.0
Administration of Justice Offenses,Bulkley Nechako,RCMP Provincial,Houston/Granisle Prov,2012,103.0
Administration of Justice Offenses,Peace River,RCMP Provincial,Hudson's Hope Prov,2012,4.0
Administration of Justice Offenses,Thompson Nicola,RCMP Municipal,Kamloops Mun,2012,394.0
Administration of Justice Offenses,Central Kootenay,RCMP Provincial,Kaslo Prov,2012,6.0
Administration of Justice Offenses,Central Okanagan,RCMP Municipal,Kelowna Mun,2012,490.0
Administration of Justice Offenses,Central Okanagan,RCMP Provincial,Kelowna Prov,2012,26.0
Administration of Justice Offenses,Fraser Valley,RCMP Municipal,Kent Mun,2012,8.0
Administration of Justice Offenses,Okanagan Similkameen,RCMP Provincial,Keremeos Prov,2012,7.0
Administration of Justice Offenses,East Kootenay,RCMP Municipal,Kimberley Mun,2012,22.0
Administration of Justice Offenses,East Kootenay,RCMP Provincial,Kimberley Prov,2012,0.0
Administration of Justice Offenses,Kitimat Stikine,RCMP Municipal,Kitimat Mun,2012,129.0
Administration of Justice Offenses,Kitimat Stikine,RCMP Provincial,Kitimat Prov,2012,1.0
Administration of Justice Offenses,Cowichan Valley,RCMP Municipal,Ladysmith Mun,2012,17.0
Administration of Justice Offenses,Cowichan Valley,RCMP Provincial,Ladysmith Prov,2012,16.0
Administration of Justice Offenses,Central Okanagan,RCMP Municipal,Lake Country Mun,2012,15.0
Administration of Justice Offenses,Cowichan Valley,RCMP Provincial,Lake Cowichan Prov,2012,16.0
Administration of Justice Offenses,Capital,RCMP Municipal,Langford Mun,2012,85.0
Administration of Justice Offenses,Metro Vancouver,RCMP Municipal,Langley City Mun,2012,118.0
Administration of Justice Offenses,Metro Vancouver,RCMP Municipal,Langley Township Mun,2012,162.0
Administration of Justice Offenses,Squamish Lillooet,RCMP Provincial,Lillooet Prov,2012,55.0
Administration of Justice Offenses,Kitimat Stikine,RCMP Provincial,Lisims/Nass Valley Prov,2012,11.0
Administration of Justice Offenses,Thompson Nicola,RCMP Provincial,Logan Lake Prov,2012,4.0
Administration of Justice Offenses,North Okanagan,RCMP Provincial,Lumby Prov,2012,14.0
Administration of Justice Offenses,Thompson Nicola,RCMP Provincial,Lytton Prov,2012,10.0
Administration of Justice Offenses,Fraser Fort George,RCMP Provincial,Mackenzie Prov,2012,91.0
Administration of Justice Offenses,Metro Vancouver,RCMP Municipal,Maple Ridge Mun,2012,162.0
Administration of Justice Offenses,North Coast Regional District (22),RCMP Provincial,Masset Prov,2012,29.0
Administration of Justice Offenses,Fraser Fort George,RCMP Provincial,McBride Prov,2012,10.0
Administration of Justice Offenses,Thompson Nicola,RCMP Municipal,Merritt Mun,2012,96.0
Administration of Justice Offenses,Thompson Nicola,RCMP Provincial,Merritt Prov,2012,26.0
Administration of Justice Offenses,Fraser Valley,RCMP Municipal,Mission Mun,2012,119.0
Administration of Justice Offenses,Fraser Valley,RCMP Provincial,Mission Prov,2012,9.0
Administration of Justice Offenses,Central Kootenay,RCMP Provincial,Nakusp Prov,2012,8.0
Administration of Justice Offenses,Nanaimo,RCMP Municipal,Nanaimo Mun,2012,467.0
Administration of Justice Offenses,Nanaimo,RCMP Provincial,Nanaimo Prov,2012,9.0
Administration of Justice Offenses,Central Kootenay,Independent Municipal,Nelson Mun,2012,91.0
Administration of Justice Offenses,Central Kootenay,RCMP Provincial,Nelson Prov,2012,31.0
Administration of Justice Offenses,Kitimat Stikine,RCMP Provincial,New Hazelton Prov,2012,167.0
Administration of Justice Offenses,Metro Vancouver,Independent Municipal,New Westminster Mun,2012,295.0
Administration of Justice Offenses,Strathcona,RCMP Provincial,Nootka Sound Prov,2012,21.0
Administration of Justice Offenses,Cowichan Valley,RCMP Municipal,North Cowichan Mun,2012,147.0
Administration of Justice Offenses,Capital,RCMP Municipal,North Saanich Mun,2012,9.0
Administration of Justice Offenses,Metro Vancouver,RCMP Municipal,North Vancouver City Mun,2012,203.0
Administration of Justice Offenses,Metro Vancouver,RCMP Municipal,North Vancouver District Mun,2012,95.0
Administration of Justice Offenses,Metro Vancouver,RCMP Provincial,North Vancouver Prov,2012,28.0
Administration of Justice Offenses,Northern Rockies,RCMP Municipal,Northern Rockies Mun,2012,NA
Administration of Justice Offenses,Northern Rockies,RCMP Provincial,Northern Rockies Prov,2012,109.0
Administration of Justice Offenses,Capital,Independent Municipal,Oak Bay Mun,2012,22.0
Administration of Justice Offenses,Nanaimo,RCMP Provincial,Oceanside Prov,2012,23.0
Administration of Justice Offenses,Cariboo,RCMP Provincial,One Hundred Mile House Prov,2012,26.0
Administration of Justice Offenses,Capital,RCMP Provincial,Outer Gulf  Islands Prov,2012,1.0
Administration of Justice Offenses,Nanaimo,RCMP Municipal,Parksville Mun,2012,57.0
Administration of Justice Offenses,Central Okanagan,RCMP Municipal,Peachland Mun,2012,0.0
Administration of Justice Offenses,Squamish Lillooet,RCMP Provincial,Pemberton Prov,2012,10.0
Administration of Justice Offenses,Okanagan Similkameen,RCMP Municipal,Penticton Mun,2012,250.0
Administration of Justice Offenses,Okanagan Similkameen,RCMP Provincial,Penticton Prov,2012,17.0
Administration of Justice Offenses,Metro Vancouver,RCMP Municipal,Pitt Meadows Mun,2012,23.0
Administration of Justice Offenses,Alberni Clayoquot,RCMP Municipal,Port Alberni Mun,2012,316.0
Administration of Justice Offenses,Alberni Clayoquot,RCMP Provincial,Port Alberni Prov,2012,21.0
Administration of Justice Offenses,Mount Waddington,RCMP Provincial,Port Alice Prov,2012,0.0
Administration of Justice Offenses,Metro Vancouver,RCMP Municipal,Port Coquitlam Mun,2012,156.0
Administration of Justice Offenses,Mount Waddington,RCMP Provincial,Port Hardy Prov,2012,198.0
Administration of Justice Offenses,Mount Waddington,RCMP Provincial,Port McNeill Prov,2012,26.0
Administration of Justice Offenses,Metro Vancouver,Independent Municipal,Port Moody Mun,2012,34.0
Administration of Justice Offenses,Powell River,RCMP Municipal,Powell River Mun,2012,37.0
Administration of Justice Offenses,Powell River,RCMP Provincial,Powell River Prov,2012,14.0
Administration of Justice Offenses,Fraser Fort George,RCMP Municipal,Prince George Mun,2012,984.0
Administration of Justice Offenses,Fraser Fort George,RCMP Provincial,Prince George Prov,2012,17.0
Administration of Justice Offenses,North Coast Regional District (22),RCMP Municipal,Prince Rupert Mun,2012,272.0
Administration of Justice Offenses,North Coast Regional District (22),RCMP Provincial,Prince Rupert Prov,2012,31.0
Administration of Justice Offenses,Okanagan Similkameen,RCMP Provincial,Princeton Prov,2012,10.0
Administration of Justice Offenses,Strathcona,RCMP Provincial,Quadra Island Prov,2012,4.0
Administration of Justice Offenses,Nanaimo,RCMP Municipal,Qualicum Beach Mun,2012,6.0
Administration of Justice Offenses,North Coast Regional District (22),RCMP Provincial,Queen Charlotte Prov,2012,21.0
Administration of Justice Offenses,Cariboo,RCMP Municipal,Quesnel Mun,2012,135.0
Administration of Justice Offenses,Cariboo,RCMP Provincial,Quesnel Prov,2012,33.0
Administration of Justice Offenses,Columbia Shuswap,RCMP Municipal,Revelstoke Mun,2012,26.0
Administration of Justice Offenses,Columbia Shuswap,RCMP Provincial,Revelstoke Prov,2012,2.0
Administration of Justice Offenses,Metro Vancouver,RCMP Municipal,Richmond Mun,2012,189.0
Administration of Justice Offenses,Metro Vancouver,RCMP Provincial,Ridge Meadows Prov,2012,29.0
Administration of Justice Offenses,Capital,Independent Municipal,Saanich Mun,2012,175.0
Administration of Justice Offenses,Central Kootenay,RCMP Provincial,Salmo Prov,2012,20.0
Administration of Justice Offenses,Columbia Shuswap,RCMP Municipal,Salmon Arm Mun,2012,91.0
Administration of Justice Offenses,Columbia Shuswap,RCMP Provincial,Salmon Arm Prov,2012,16.0
Administration of Justice Offenses,Capital,RCMP Provincial,Saltspring Island Prov,2012,15.0
Administration of Justice Offenses,Strathcona,RCMP Provincial,Sayward Prov,2012,5.0
Administration of Justice Offenses,Sunshine Coast,RCMP Municipal,Sechelt Mun,2012,44.0
Administration of Justice Offenses,Cowichan Valley,RCMP Provincial,Shawnigan Lake Prov,2012,29.0
Administration of Justice Offenses,Columbia Shuswap,RCMP Provincial,Sicamous Prov,2012,10.0
Administration of Justice Offenses,Capital,RCMP Municipal,Sidney Mun,2012,25.0
Administration of Justice Offenses,Capital,RCMP Provincial,Sidney Prov,2012,25.0
Administration of Justice Offenses,Central Kootenay,RCMP Provincial,Slocan Lake Prov,2012,13.0
Administration of Justice Offenses,Bulkley Nechako,RCMP Municipal,Smithers Mun,2012,54.0
Administration of Justice Offenses,Bulkley Nechako,RCMP Provincial,Smithers Prov,2012,27.0
Administration of Justice Offenses,Capital,RCMP Municipal,Sooke Mun,2012,33.0
Administration of Justice Offenses,Capital,RCMP Provincial,Sooke Prov,2012,12.0
Administration of Justice Offenses,Okanagan Similkameen,RCMP Provincial,South Okanagan/Oliver,2012,40.0
Administration of Justice Offenses,Okanagan Similkameen,RCMP Provincial,South Okanagan/Osoyoos,2012,33.0
Administration of Justice Offenses,North Okanagan,RCMP Municipal,Spallumcheen Mun,2012,5.0
Administration of Justice Offenses,Squamish Lillooet,RCMP Municipal,Squamish Mun,2012,72.0
Administration of Justice Offenses,Squamish Lillooet,RCMP Provincial,Squamish Prov,2012,4.0
Administration of Justice Offenses,Kitimat Stikine,RCMP Provincial,Stewart Prov,2012,3.0
Administration of Justice Offenses,Squamish Lillooet,First Nations Aboriginal Police Service,Stl'atl'imx FNAPS,2012,13.0
Administration of Justice Offenses,Okanagan Similkameen,RCMP Municipal,Summerland Mun,2012,6.0
Administration of Justice Offenses,Sunshine Coast,RCMP Provincial,Sunshine Coast Prov,2012,60.0
Administration of Justice Offenses,Metro Vancouver,RCMP Municipal,Surrey Mun,2012,1167.0
Administration of Justice Offenses,Bulkley Nechako,RCMP Provincial,Takla Landing Prov,2012,7.0
Administration of Justice Offenses,Kitimat Stikine,RCMP Municipal,Terrace Mun,2012,293.0
Administration of Justice Offenses,Kitimat Stikine,RCMP Provincial,Terrace Prov,2012,33.0
Administration of Justice Offenses,Powell River,RCMP Provincial,Texada Island Prov,2012,0.0
Administration of Justice Offenses,Thompson Nicola,RCMP Provincial,T'Kumlups Prov,2012,22.0
Administration of Justice Offenses,Alberni Clayoquot,RCMP Provincial,Tofino Prov,2012,82.0
Administration of Justice Offenses,Kootenay Boundary,RCMP Municipal,Trail Mun,2012,88.0
Administration of Justice Offenses,Kootenay Boundary,RCMP Provincial,Trail and Greater District,2012,77.0
Administration of Justice Offenses,Fraser Fort George,RCMP Provincial,Tsay Keh Dene Prov,2012,86.0
Administration of Justice Offenses,Peace River,RCMP Provincial,Tumbler Ridge Prov,2012,5.0
Administration of Justice Offenses,Alberni Clayoquot,RCMP Provincial,Ucluelet Prov,2012,18.0
Administration of Justice Offenses,Metro Vancouver,RCMP Provincial,University Prov,2012,23.0
Administration of Justice Offenses,Fraser Fort George,RCMP Provincial,Valemount Prov,2012,11.0
Administration of Justice Offenses,Metro Vancouver,Independent Municipal,Vancouver Mun,2012,1839.0
Administration of Justice Offenses,Bulkley Nechako,RCMP Provincial,Vanderhoof Prov,2012,52.0
Administration of Justice Offenses,North Okanagan,RCMP Municipal,Vernon Mun,2012,239.0
Administration of Justice Offenses,North Okanagan,RCMP Provincial,Vernon Prov,2012,25.0
Administration of Justice Offenses,Capital,Independent Municipal,Victoria Mun,2012,609.0
Administration of Justice Offenses,Capital,RCMP Municipal,View Royal Mun,2012,13.0
Administration of Justice Offenses,Cariboo,RCMP Provincial,Wells Prov,2012,0.0
Administration of Justice Offenses,Central Okanagan,RCMP Municipal,West Kelowna Mun,2012,43.0
Administration of Justice Offenses,Capital,RCMP Provincial,West Shore Prov,2012,26.0
Administration of Justice Offenses,Metro Vancouver,Independent Municipal,West Vancouver Mun,2012,128.0
Administration of Justice Offenses,Squamish Lillooet,RCMP Municipal,Whistler Mun,2012,37.0
Administration of Justice Offenses,Squamish Lillooet,RCMP Provincial,Whistler Prov,2012,0.0
Administration of Justice Offenses,Metro Vancouver,RCMP Municipal,White Rock Mun,2012,24.0
Administration of Justice Offenses,Cariboo,RCMP Municipal,Williams Lake Mun,2012,291.0
Administration of Justice Offenses,Cariboo,RCMP Provincial,Williams Lake Prov,2012,30.0
Drug Offenses,Fraser Valley,Independent Municipal,Abbotsford Mun,2012,463.0
Drug Offenses,Fraser Valley,RCMP Provincial,Agassiz Prov,2012,95.0
Drug Offenses,Mount Waddington,RCMP Provincial,Alert Bay Prov,2012,14.0
Drug Offenses,Cariboo,RCMP Provincial,Alexis Creek Prov,2012,25.0
Drug Offenses,Cariboo,RCMP Provincial,Anahim Lake Prov,2012,0.0
Drug Offenses,North Okanagan,RCMP Provincial,Armstrong Prov,2012,33.0
Drug Offenses,Thompson Nicola,RCMP Provincial,Ashcroft Prov,2012,25.0
Drug Offenses,Kitimat Stikine,RCMP Provincial,Atlin Prov,2012,10.0
Drug Offenses,Thompson Nicola,RCMP Provincial,Barriere Prov,2012,63.0
Drug Offenses,Central Coast,RCMP Provincial,Bella Bella Prov,2012,13.0
Drug Offenses,Central Coast,RCMP Provincial,Bella Coola Prov,2012,10.0
Drug Offenses,Fraser Valley,RCMP Provincial,Boston Bar Prov,2012,19.0
Drug Offenses,Kootenay Boundary,RCMP Provincial,Boundary/Grand Forks Prov,2012,69.0
Drug Offenses,Kootenay Boundary,RCMP Provincial,Boundary/Midway Prov,2012,20.0
Drug Offenses,Metro Vancouver,RCMP Provincial,Bowen Island Prov,2012,12.0
Drug Offenses,Metro Vancouver,RCMP Municipal,Burnaby Mun,2012,915.0
Drug Offenses,Bulkley Nechako,RCMP Provincial,Burns Lake Prov,2012,59.0
Drug Offenses,Strathcona,RCMP Municipal,Campbell River Mun,2012,283.0
Drug Offenses,Strathcona,RCMP Provincial,Campbell River Prov,2012,22.0
Drug Offenses,Central Kootenay,RCMP Municipal,Castlegar Mun,2012,101.0
Drug Offenses,Central Kootenay,RCMP Provincial,Castlegar Prov,2012,89.0
Drug Offenses,Capital,Independent Municipal,Central Saanich Mun,2012,37.0
Drug Offenses,Thompson Nicola,RCMP Provincial,Chase Prov,2012,73.0
Drug Offenses,Peace River,RCMP Provincial,Chetwynd Prov,2012,15.0
Drug Offenses,Fraser Valley,RCMP Municipal,Chilliwack Mun,2012,432.0
Drug Offenses,Fraser Valley,RCMP Provincial,Chilliwack Prov,2012,67.0
Drug Offenses,Thompson Nicola,RCMP Provincial,Clearwater Prov,2012,67.0
Drug Offenses,Thompson Nicola,RCMP Provincial,Clinton Prov,2012,40.0
Drug Offenses,North Okanagan,RCMP Municipal,Coldstream Mun,2012,20.0
Drug Offenses,East Kootenay,RCMP Provincial,Columbia Valley Prov,2012,63.0
Drug Offenses,Capital,RCMP Municipal,Colwood Mun,2012,53.0
Drug Offenses,Comox Valley,RCMP Municipal,Comox Mun,2012,29.0
Drug Offenses,Comox Valley,RCMP Provincial,Comox Valley Prov,2012,136.0
Drug Offenses,Metro Vancouver,RCMP Municipal,Coquitlam Mun,2012,514.0
Drug Offenses,Metro Vancouver,RCMP Provincial,Coquitlam Prov,2012,21.0
Drug Offenses,Comox Valley,RCMP Municipal,Courtenay Mun,2012,206.0
Drug Offenses,East Kootenay,RCMP Municipal,Cranbrook Mun,2012,154.0
Drug Offenses,East Kootenay,RCMP Provincial,Cranbrook Prov,2012,43.0
Drug Offenses,Central Kootenay,RCMP Municipal,Creston Mun,2012,35.0
Drug Offenses,Central Kootenay,RCMP Provincial,Creston Prov,2012,78.0
Drug Offenses,Peace River,RCMP Municipal,Dawson Creek Mun,2012,93.0
Drug Offenses,Peace River,RCMP Provincial,Dawson Creek Prov,2012,37.0
Drug Offenses,Kitimat Stikine,RCMP Provincial,Dease Lake Prov,2012,12.0
Drug Offenses,Metro Vancouver,Independent Municipal,Delta Mun,2012,538.0
Drug Offenses,Cowichan Valley,RCMP Provincial,Duncan Prov,2012,149.0
Drug Offenses,East Kootenay,RCMP Provincial,Elk Valley Prov,2012,73.0
Drug Offenses,North Okanagan,RCMP Provincial,Enderby Prov,2012,37.0
Drug Offenses,Columbia Shuswap,RCMP Provincial,Falkland Prov,2012,17.0
Drug Offenses,Bulkley Nechako,RCMP Provincial,Fort St James Prov,2012,40.0
Drug Offenses,Peace River,RCMP Municipal,Fort St John Mun,2012,137.0
Drug Offenses,Peace River,RCMP Provincial,Fort St John Prov,2012,31.0
Drug Offenses,Bulkley Nechako,RCMP Provincial,Fraser Lake Prov,2012,16.0
Drug Offenses,Nanaimo,RCMP Provincial,Gabriola Island Prov,2012,13.0
Drug Offenses,Columbia Shuswap,RCMP Provincial,Golden Prov,2012,92.0
Drug Offenses,Fraser Valley,RCMP Municipal,Hope Mun,2012,120.0
Drug Offenses,Fraser Valley,RCMP Provincial,Hope  Prov,2012,22.0
Drug Offenses,Bulkley Nechako,RCMP Provincial,Houston/Granisle Prov,2012,28.0
Drug Offenses,Peace River,RCMP Provincial,Hudson's Hope Prov,2012,33.0
Drug Offenses,Thompson Nicola,RCMP Municipal,Kamloops Mun,2012,851.0
Drug Offenses,Central Kootenay,RCMP Provincial,Kaslo Prov,2012,11.0
Drug Offenses,Central Okanagan,RCMP Municipal,Kelowna Mun,2012,863.0
Drug Offenses,Central Okanagan,RCMP Provincial,Kelowna Prov,2012,99.0
Drug Offenses,Fraser Valley,RCMP Municipal,Kent Mun,2012,40.0
Drug Offenses,Okanagan Similkameen,RCMP Provincial,Keremeos Prov,2012,36.0
Drug Offenses,East Kootenay,RCMP Municipal,Kimberley Mun,2012,43.0
Drug Offenses,East Kootenay,RCMP Provincial,Kimberley Prov,2012,8.0
Drug Offenses,Kitimat Stikine,RCMP Municipal,Kitimat Mun,2012,60.0
Drug Offenses,Kitimat Stikine,RCMP Provincial,Kitimat Prov,2012,4.0
Drug Offenses,Cowichan Valley,RCMP Municipal,Ladysmith Mun,2012,32.0
Drug Offenses,Cowichan Valley,RCMP Provincial,Ladysmith Prov,2012,31.0
Drug Offenses,Central Okanagan,RCMP Municipal,Lake Country Mun,2012,66.0
Drug Offenses,Cowichan Valley,RCMP Provincial,Lake Cowichan Prov,2012,49.0
Drug Offenses,Capital,RCMP Municipal,Langford Mun,2012,168.0
Drug Offenses,Metro Vancouver,RCMP Municipal,Langley City Mun,2012,247.0
Drug Offenses,Metro Vancouver,RCMP Municipal,Langley Township Mun,2012,462.0
Drug Offenses,Squamish Lillooet,RCMP Provincial,Lillooet Prov,2012,37.0
Drug Offenses,Kitimat Stikine,RCMP Provincial,Lisims/Nass Valley Prov,2012,27.0
Drug Offenses,Thompson Nicola,RCMP Provincial,Logan Lake Prov,2012,18.0
Drug Offenses,North Okanagan,RCMP Provincial,Lumby Prov,2012,18.0
Drug Offenses,Thompson Nicola,RCMP Provincial,Lytton Prov,2012,33.0
Drug Offenses,Fraser Fort George,RCMP Provincial,Mackenzie Prov,2012,62.0
Drug Offenses,Metro Vancouver,RCMP Municipal,Maple Ridge Mun,2012,291.0
Drug Offenses,North Coast Regional District (22),RCMP Provincial,Masset Prov,2012,19.0
Drug Offenses,Fraser Fort George,RCMP Provincial,McBride Prov,2012,18.0
Drug Offenses,Thompson Nicola,RCMP Municipal,Merritt Mun,2012,143.0
Drug Offenses,Thompson Nicola,RCMP Provincial,Merritt Prov,2012,92.0
Drug Offenses,Fraser Valley,RCMP Municipal,Mission Mun,2012,365.0
Drug Offenses,Fraser Valley,RCMP Provincial,Mission Prov,2012,23.0
Drug Offenses,Central Kootenay,RCMP Provincial,Nakusp Prov,2012,38.0
Drug Offenses,Nanaimo,RCMP Municipal,Nanaimo Mun,2012,682.0
Drug Offenses,Nanaimo,RCMP Provincial,Nanaimo Prov,2012,49.0
Drug Offenses,Central Kootenay,Independent Municipal,Nelson Mun,2012,132.0
Drug Offenses,Central Kootenay,RCMP Provincial,Nelson Prov,2012,99.0
Drug Offenses,Kitimat Stikine,RCMP Provincial,New Hazelton Prov,2012,57.0
Drug Offenses,Metro Vancouver,Independent Municipal,New Westminster Mun,2012,400.0
Drug Offenses,Strathcona,RCMP Provincial,Nootka Sound Prov,2012,41.0
Drug Offenses,Cowichan Valley,RCMP Municipal,North Cowichan Mun,2012,213.0
Drug Offenses,Capital,RCMP Municipal,North Saanich Mun,2012,44.0
Drug Offenses,Metro Vancouver,RCMP Municipal,North Vancouver City Mun,2012,373.0
Drug Offenses,Metro Vancouver,RCMP Municipal,North Vancouver District Mun,2012,241.0
Drug Offenses,Metro Vancouver,RCMP Provincial,North Vancouver Prov,2012,33.0
Drug Offenses,Northern Rockies,RCMP Municipal,Northern Rockies Mun,2012,NA
Drug Offenses,Northern Rockies,RCMP Provincial,Northern Rockies Prov,2012,107.0
Drug Offenses,Capital,Independent Municipal,Oak Bay Mun,2012,36.0
Drug Offenses,Nanaimo,RCMP Provincial,Oceanside Prov,2012,115.0
Drug Offenses,Cariboo,RCMP Provincial,One Hundred Mile House Prov,2012,81.0
Drug Offenses,Capital,RCMP Provincial,Outer Gulf  Islands Prov,2012,2.0
Drug Offenses,Nanaimo,RCMP Municipal,Parksville Mun,2012,76.0
Drug Offenses,Central Okanagan,RCMP Municipal,Peachland Mun,2012,11.0
Drug Offenses,Squamish Lillooet,RCMP Provincial,Pemberton Prov,2012,41.0
Drug Offenses,Okanagan Similkameen,RCMP Municipal,Penticton Mun,2012,252.0
Drug Offenses,Okanagan Similkameen,RCMP Provincial,Penticton Prov,2012,32.0
Drug Offenses,Metro Vancouver,RCMP Municipal,Pitt Meadows Mun,2012,39.0
Drug Offenses,Alberni Clayoquot,RCMP Municipal,Port Alberni Mun,2012,124.0
Drug Offenses,Alberni Clayoquot,RCMP Provincial,Port Alberni Prov,2012,24.0
Drug Offenses,Mount Waddington,RCMP Provincial,Port Alice Prov,2012,4.0
Drug Offenses,Metro Vancouver,RCMP Municipal,Port Coquitlam Mun,2012,296.0
Drug Offenses,Mount Waddington,RCMP Provincial,Port Hardy Prov,2012,36.0
Drug Offenses,Mount Waddington,RCMP Provincial,Port McNeill Prov,2012,33.0
Drug Offenses,Metro Vancouver,Independent Municipal,Port Moody Mun,2012,249.0
Drug Offenses,Powell River,RCMP Municipal,Powell River Mun,2012,79.0
Drug Offenses,Powell River,RCMP Provincial,Powell River Prov,2012,24.0
Drug Offenses,Fraser Fort George,RCMP Municipal,Prince George Mun,2012,471.0
Drug Offenses,Fraser Fort George,RCMP Provincial,Prince George Prov,2012,81.0
Drug Offenses,North Coast Regional District (22),RCMP Municipal,Prince Rupert Mun,2012,117.0
Drug Offenses,North Coast Regional District (22),RCMP Provincial,Prince Rupert Prov,2012,13.0
Drug Offenses,Okanagan Similkameen,RCMP Provincial,Princeton Prov,2012,59.0
Drug Offenses,Strathcona,RCMP Provincial,Quadra Island Prov,2012,12.0
Drug Offenses,Nanaimo,RCMP Municipal,Qualicum Beach Mun,2012,25.0
Drug Offenses,North Coast Regional District (22),RCMP Provincial,Queen Charlotte Prov,2012,15.0
Drug Offenses,Cariboo,RCMP Municipal,Quesnel Mun,2012,159.0
Drug Offenses,Cariboo,RCMP Provincial,Quesnel Prov,2012,60.0
Drug Offenses,Columbia Shuswap,RCMP Municipal,Revelstoke Mun,2012,126.0
Drug Offenses,Columbia Shuswap,RCMP Provincial,Revelstoke Prov,2012,92.0
Drug Offenses,Metro Vancouver,RCMP Municipal,Richmond Mun,2012,887.0
Drug Offenses,Metro Vancouver,RCMP Provincial,Ridge Meadows Prov,2012,73.0
Drug Offenses,Capital,Independent Municipal,Saanich Mun,2012,249.0
Drug Offenses,Central Kootenay,RCMP Provincial,Salmo Prov,2012,121.0
Drug Offenses,Columbia Shuswap,RCMP Municipal,Salmon Arm Mun,2012,150.0
Drug Offenses,Columbia Shuswap,RCMP Provincial,Salmon Arm Prov,2012,43.0
Drug Offenses,Capital,RCMP Provincial,Saltspring Island Prov,2012,21.0
Drug Offenses,Strathcona,RCMP Provincial,Sayward Prov,2012,6.0
Drug Offenses,Sunshine Coast,RCMP Municipal,Sechelt Mun,2012,44.0
Drug Offenses,Cowichan Valley,RCMP Provincial,Shawnigan Lake Prov,2012,123.0
Drug Offenses,Columbia Shuswap,RCMP Provincial,Sicamous Prov,2012,43.0
Drug Offenses,Capital,RCMP Municipal,Sidney Mun,2012,52.0
Drug Offenses,Capital,RCMP Provincial,Sidney Prov,2012,15.0
Drug Offenses,Central Kootenay,RCMP Provincial,Slocan Lake Prov,2012,33.0
Drug Offenses,Bulkley Nechako,RCMP Municipal,Smithers Mun,2012,61.0
Drug Offenses,Bulkley Nechako,RCMP Provincial,Smithers Prov,2012,16.0
Drug Offenses,Capital,RCMP Municipal,Sooke Mun,2012,66.0
Drug Offenses,Capital,RCMP Provincial,Sooke Prov,2012,28.0
Drug Offenses,Okanagan Similkameen,RCMP Provincial,South Okanagan/Oliver,2012,73.0
Drug Offenses,Okanagan Similkameen,RCMP Provincial,South Okanagan/Osoyoos,2012,70.0
Drug Offenses,North Okanagan,RCMP Municipal,Spallumcheen Mun,2012,24.0
Drug Offenses,Squamish Lillooet,RCMP Municipal,Squamish Mun,2012,136.0
Drug Offenses,Squamish Lillooet,RCMP Provincial,Squamish Prov,2012,20.0
Drug Offenses,Kitimat Stikine,RCMP Provincial,Stewart Prov,2012,35.0
Drug Offenses,Squamish Lillooet,First Nations Aboriginal Police Service,Stl'atl'imx FNAPS,2012,36.0
Drug Offenses,Okanagan Similkameen,RCMP Municipal,Summerland Mun,2012,54.0
Drug Offenses,Sunshine Coast,RCMP Provincial,Sunshine Coast Prov,2012,82.0
Drug Offenses,Metro Vancouver,RCMP Municipal,Surrey Mun,2012,1997.0
Drug Offenses,Bulkley Nechako,RCMP Provincial,Takla Landing Prov,2012,5.0
Drug Offenses,Kitimat Stikine,RCMP Municipal,Terrace Mun,2012,81.0
Drug Offenses,Kitimat Stikine,RCMP Provincial,Terrace Prov,2012,52.0
Drug Offenses,Powell River,RCMP Provincial,Texada Island Prov,2012,11.0
Drug Offenses,Thompson Nicola,RCMP Provincial,T'Kumlups Prov,2012,84.0
Drug Offenses,Alberni Clayoquot,RCMP Provincial,Tofino Prov,2012,25.0
Drug Offenses,Kootenay Boundary,RCMP Municipal,Trail Mun,2012,63.0
Drug Offenses,Kootenay Boundary,RCMP Provincial,Trail and Greater District,2012,43.0
Drug Offenses,Fraser Fort George,RCMP Provincial,Tsay Keh Dene Prov,2012,5.0
Drug Offenses,Peace River,RCMP Provincial,Tumbler Ridge Prov,2012,11.0
Drug Offenses,Alberni Clayoquot,RCMP Provincial,Ucluelet Prov,2012,23.0
Drug Offenses,Metro Vancouver,RCMP Provincial,University Prov,2012,155.0
Drug Offenses,Fraser Fort George,RCMP Provincial,Valemount Prov,2012,44.0
Drug Offenses,Metro Vancouver,Independent Municipal,Vancouver Mun,2012,2630.0
Drug Offenses,Bulkley Nechako,RCMP Provincial,Vanderhoof Prov,2012,78.0
Drug Offenses,North Okanagan,RCMP Municipal,Vernon Mun,2012,317.0
Drug Offenses,North Okanagan,RCMP Provincial,Vernon Prov,2012,51.0
Drug Offenses,Capital,Independent Municipal,Victoria Mun,2012,802.0
Drug Offenses,Capital,RCMP Municipal,View Royal Mun,2012,41.0
Drug Offenses,Cariboo,RCMP Provincial,Wells Prov,2012,3.0
Drug Offenses,Central Okanagan,RCMP Municipal,West Kelowna Mun,2012,112.0
Drug Offenses,Capital,RCMP Provincial,West Shore Prov,2012,27.0
Drug Offenses,Metro Vancouver,Independent Municipal,West Vancouver Mun,2012,178.0
Drug Offenses,Squamish Lillooet,RCMP Municipal,Whistler Mun,2012,198.0
Drug Offenses,Squamish Lillooet,RCMP Provincial,Whistler Prov,2012,5.0
Drug Offenses,Metro Vancouver,RCMP Municipal,White Rock Mun,2012,133.0
Drug Offenses,Cariboo,RCMP Municipal,Williams Lake Mun,2012,176.0
Drug Offenses,Cariboo,RCMP Provincial,Williams Lake Prov,2012,118.0
Population,Fraser Valley,Independent Municipal,Abbotsford Mun,2012,138392.0
Population,Fraser Valley,RCMP Provincial,Agassiz Prov,2012,3810.0
Population,Mount Waddington,RCMP Provincial,Alert Bay Prov,2012,1356.0
Population,Cariboo,RCMP Provincial,Alexis Creek Prov,2012,1709.0
Population,Cariboo,RCMP Provincial,Anahim Lake Prov,2012,707.0
Population,North Okanagan,RCMP Provincial,Armstrong Prov,2012,5474.0
Population,Thompson Nicola,RCMP Provincial,Ashcroft Prov,2012,3711.0
Population,Kitimat Stikine,RCMP Provincial,Atlin Prov,2012,422.0
Population,Thompson Nicola,RCMP Provincial,Barriere Prov,2012,3916.0
Population,Central Coast,RCMP Provincial,Bella Bella Prov,2012,1648.0
Population,Central Coast,RCMP Provincial,Bella Coola Prov,2012,1951.0
Population,Fraser Valley,RCMP Provincial,Boston Bar Prov,2012,630.0
Population,Kootenay Boundary,RCMP Provincial,Boundary/Grand Forks Prov,2012,8532.0
Population,Kootenay Boundary,RCMP Provincial,Boundary/Midway Prov,2012,2836.0
Population,Metro Vancouver,RCMP Provincial,Bowen Island Prov,2012,3457.0
Population,Metro Vancouver,RCMP Municipal,Burnaby Mun,2012,233127.0
Population,Bulkley Nechako,RCMP Provincial,Burns Lake Prov,2012,6224.0
Population,Strathcona,RCMP Municipal,Campbell River Mun,2012,31672.0
Population,Strathcona,RCMP Provincial,Campbell River Prov,2012,5257.0
Population,Central Kootenay,RCMP Municipal,Castlegar Mun,2012,7910.0
Population,Central Kootenay,RCMP Provincial,Castlegar Prov,2012,5949.0
Population,Capital,Independent Municipal,Central Saanich Mun,2012,16021.0
Population,Thompson Nicola,RCMP Provincial,Chase Prov,2012,8278.0
Population,Peace River,RCMP Provincial,Chetwynd Prov,2012,5436.0
Population,Fraser Valley,RCMP Municipal,Chilliwack Mun,2012,83326.0
Population,Fraser Valley,RCMP Provincial,Chilliwack Prov,2012,4808.0
Population,Thompson Nicola,RCMP Provincial,Clearwater Prov,2012,4322.0
Population,Thompson Nicola,RCMP Provincial,Clinton Prov,2012,1837.0
Population,North Okanagan,RCMP Municipal,Coldstream Mun,2012,10286.0
Population,East Kootenay,RCMP Provincial,Columbia Valley Prov,2012,8943.0
Population,Capital,RCMP Municipal,Colwood Mun,2012,16650.0
Population,Comox Valley,RCMP Municipal,Comox Mun,2012,13558.0
Population,Comox Valley,RCMP Provincial,Comox Valley Prov,2012,25927.0
Population,Metro Vancouver,RCMP Municipal,Coquitlam Mun,2012,133977.0
Population,Metro Vancouver,RCMP Provincial,Coquitlam Prov,2012,2869.0
Population,Comox Valley,RCMP Municipal,Courtenay Mun,2012,24563.0
Population,East Kootenay,RCMP Municipal,Cranbrook Mun,2012,19613.0
Population,East Kootenay,RCMP Provincial,Cranbrook Prov,2012,6521.0
Population,Central Kootenay,RCMP Municipal,Creston Mun,2012,5295.0
Population,Central Kootenay,RCMP Provincial,Creston Prov,2012,8048.0
Population,Peace River,RCMP Municipal,Dawson Creek Mun,2012,11938.0
Population,Peace River,RCMP Provincial,Dawson Creek Prov,2012,6942.0
Population,Kitimat Stikine,RCMP Provincial,Dease Lake Prov,2012,1307.0
Population,Metro Vancouver,Independent Municipal,Delta Mun,2012,102755.0
Population,Cowichan Valley,RCMP Provincial,Duncan Prov,2012,14564.0
Population,East Kootenay,RCMP Provincial,Elk Valley Prov,2012,13665.0
Population,North Okanagan,RCMP Provincial,Enderby Prov,2012,6851.0
Population,Columbia Shuswap,RCMP Provincial,Falkland Prov,2012,2843.0
Population,Bulkley Nechako,RCMP Provincial,Fort St James Prov,2012,4403.0
Population,Peace River,RCMP Municipal,Fort St John Mun,2012,19870.0
Population,Peace River,RCMP Provincial,Fort St John Prov,2012,14104.0
Population,Bulkley Nechako,RCMP Provincial,Fraser Lake Prov,2012,3357.0
Population,Nanaimo,RCMP Provincial,Gabriola Island Prov,2012,4111.0
Population,Columbia Shuswap,RCMP Provincial,Golden Prov,2012,6846.0
Population,Fraser Valley,RCMP Municipal,Hope Mun,2012,5874.0
Population,Fraser Valley,RCMP Provincial,Hope  Prov,2012,1142.0
Population,Bulkley Nechako,RCMP Provincial,Houston/Granisle Prov,2012,4506.0
Population,Peace River,RCMP Provincial,Hudson's Hope Prov,2012,1211.0
Population,Thompson Nicola,RCMP Municipal,Kamloops Mun,2012,87703.0
Population,Central Kootenay,RCMP Provincial,Kaslo Prov,2012,2349.0
Population,Central Okanagan,RCMP Municipal,Kelowna Mun,2012,120283.0
Population,Central Okanagan,RCMP Provincial,Kelowna Prov,2012,14683.0
Population,Fraser Valley,RCMP Municipal,Kent Mun,2012,5807.0
Population,Okanagan Similkameen,RCMP Provincial,Keremeos Prov,2012,4650.0
Population,East Kootenay,RCMP Municipal,Kimberley Mun,2012,6576.0
Population,East Kootenay,RCMP Provincial,Kimberley Prov,2012,1898.0
Population,Kitimat Stikine,RCMP Municipal,Kitimat Mun,2012,8333.0
Population,Kitimat Stikine,RCMP Provincial,Kitimat Prov,2012,549.0
Population,Cowichan Valley,RCMP Municipal,Ladysmith Mun,2012,8071.0
Population,Cowichan Valley,RCMP Provincial,Ladysmith Prov,2012,5767.0
Population,Central Okanagan,RCMP Municipal,Lake Country Mun,2012,12193.0
Population,Cowichan Valley,RCMP Provincial,Lake Cowichan Prov,2012,6011.0
Population,Capital,RCMP Municipal,Langford Mun,2012,31698.0
Population,Metro Vancouver,RCMP Municipal,Langley City Mun,2012,26625.0
Population,Metro Vancouver,RCMP Municipal,Langley Township Mun,2012,109599.0
Population,Squamish Lillooet,RCMP Provincial,Lillooet Prov,2012,3311.0
Population,Kitimat Stikine,RCMP Provincial,Lisims/Nass Valley Prov,2012,2033.0
Population,Thompson Nicola,RCMP Provincial,Logan Lake Prov,2012,2552.0
Population,North Okanagan,RCMP Provincial,Lumby Prov,2012,5898.0
Population,Thompson Nicola,RCMP Provincial,Lytton Prov,2012,1924.0
Population,Fraser Fort George,RCMP Provincial,Mackenzie Prov,2012,3641.0
Population,Metro Vancouver,RCMP Municipal,Maple Ridge Mun,2012,79125.0
Population,North Coast Regional District (22),RCMP Provincial,Masset Prov,2012,2024.0
Population,Fraser Fort George,RCMP Provincial,McBride Prov,2012,1670.0
Population,Thompson Nicola,RCMP Municipal,Merritt Mun,2012,7236.0
Population,Thompson Nicola,RCMP Provincial,Merritt Prov,2012,3875.0
Population,Fraser Valley,RCMP Municipal,Mission Mun,2012,37590.0
Population,Fraser Valley,RCMP Provincial,Mission Prov,2012,4195.0
Population,Central Kootenay,RCMP Provincial,Nakusp Prov,2012,3390.0
Population,Nanaimo,RCMP Municipal,Nanaimo Mun,2012,86132.0
Population,Nanaimo,RCMP Provincial,Nanaimo Prov,2012,14060.0
Population,Central Kootenay,Independent Municipal,Nelson Mun,2012,10261.0
Population,Central Kootenay,RCMP Provincial,Nelson Prov,2012,11899.0
Population,Kitimat Stikine,RCMP Provincial,New Hazelton Prov,2012,5718.0
Population,Metro Vancouver,Independent Municipal,New Westminster Mun,2012,68595.0
Population,Strathcona,RCMP Provincial,Nootka Sound Prov,2012,1901.0
Population,Cowichan Valley,RCMP Municipal,North Cowichan Mun,2012,29232.0
Population,Capital,RCMP Municipal,North Saanich Mun,2012,11077.0
Population,Metro Vancouver,RCMP Municipal,North Vancouver City Mun,2012,50325.0
Population,Metro Vancouver,RCMP Municipal,North Vancouver District Mun,2012,86779.0
Population,Metro Vancouver,RCMP Provincial,North Vancouver Prov,2012,2485.0
Population,Northern Rockies,RCMP Municipal,Northern Rockies Mun,2012,NA
Population,Northern Rockies,RCMP Provincial,Northern Rockies Prov,2012,6005.0
Population,Capital,Independent Municipal,Oak Bay Mun,2012,17824.0
Population,Nanaimo,RCMP Provincial,Oceanside Prov,2012,24563.0
Population,Cariboo,RCMP Provincial,One Hundred Mile House Prov,2012,12849.0
Population,Capital,RCMP Provincial,Outer Gulf  Islands Prov,2012,4781.0
Population,Nanaimo,RCMP Municipal,Parksville Mun,2012,12019.0
Population,Central Okanagan,RCMP Municipal,Peachland Mun,2012,5107.0
Population,Squamish Lillooet,RCMP Provincial,Pemberton Prov,2012,4435.0
Population,Okanagan Similkameen,RCMP Municipal,Penticton Mun,2012,33174.0
Population,Okanagan Similkameen,RCMP Provincial,Penticton Prov,2012,11267.0
Population,Metro Vancouver,RCMP Municipal,Pitt Meadows Mun,2012,18526.0
Population,Alberni Clayoquot,RCMP Municipal,Port Alberni Mun,2012,17284.0
Population,Alberni Clayoquot,RCMP Provincial,Port Alberni Prov,2012,8183.0
Population,Mount Waddington,RCMP Provincial,Port Alice Prov,2012,836.0
Population,Metro Vancouver,RCMP Municipal,Port Coquitlam Mun,2012,58685.0
Population,Mount Waddington,RCMP Provincial,Port Hardy Prov,2012,5368.0
Population,Mount Waddington,RCMP Provincial,Port McNeill Prov,2012,4412.0
Population,Metro Vancouver,Independent Municipal,Port Moody Mun,2012,34034.0
Population,Powell River,RCMP Municipal,Powell River Mun,2012,13015.0
Population,Powell River,RCMP Provincial,Powell River Prov,2012,5530.0
Population,Fraser Fort George,RCMP Municipal,Prince George Mun,2012,73509.0
Population,Fraser Fort George,RCMP Provincial,Prince George Prov,2012,13074.0
Population,North Coast Regional District (22),RCMP Municipal,Prince Rupert Mun,2012,12509.0
Population,North Coast Regional District (22),RCMP Provincial,Prince Rupert Prov,2012,1956.0
Population,Okanagan Similkameen,RCMP Provincial,Princeton Prov,2012,4925.0
Population,Strathcona,RCMP Provincial,Quadra Island Prov,2012,3489.0
Population,Nanaimo,RCMP Municipal,Qualicum Beach Mun,2012,8584.0
Population,North Coast Regional District (22),RCMP Provincial,Queen Charlotte Prov,2012,2324.0
Population,Cariboo,RCMP Municipal,Quesnel Mun,2012,10042.0
Population,Cariboo,RCMP Provincial,Quesnel Prov,2012,13286.0
Population,Columbia Shuswap,RCMP Municipal,Revelstoke Mun,2012,7077.0
Population,Columbia Shuswap,RCMP Provincial,Revelstoke Prov,2012,564.0
Population,Metro Vancouver,RCMP Municipal,Richmond Mun,2012,198550.0
Population,Metro Vancouver,RCMP Provincial,Ridge Meadows Prov,2012,93.0
Population,Capital,Independent Municipal,Saanich Mun,2012,111774.0
Population,Central Kootenay,RCMP Provincial,Salmo Prov,2012,2640.0
Population,Columbia Shuswap,RCMP Municipal,Salmon Arm Mun,2012,17416.0
Population,Columbia Shuswap,RCMP Provincial,Salmon Arm Prov,2012,9154.0
Population,Capital,RCMP Provincial,Saltspring Island Prov,2012,10369.0
Population,Strathcona,RCMP Provincial,Sayward Prov,2012,777.0
Population,Sunshine Coast,RCMP Municipal,Sechelt Mun,2012,9483.0
Population,Cowichan Valley,RCMP Provincial,Shawnigan Lake Prov,2012,17568.0
Population,Columbia Shuswap,RCMP Provincial,Sicamous Prov,2012,3763.0
Population,Capital,RCMP Municipal,Sidney Mun,2012,11204.0
Population,Capital,RCMP Provincial,Sidney Prov,2012,3516.0
Population,Central Kootenay,RCMP Provincial,Slocan Lake Prov,2012,1950.0
Population,Bulkley Nechako,RCMP Municipal,Smithers Mun,2012,5366.0
Population,Bulkley Nechako,RCMP Provincial,Smithers Prov,2012,7608.0
Population,Capital,RCMP Municipal,Sooke Mun,2012,11854.0
Population,Capital,RCMP Provincial,Sooke Prov,2012,4590.0
Population,Okanagan Similkameen,RCMP Provincial,South Okanagan/Oliver,2012,8626.0
Population,Okanagan Similkameen,RCMP Provincial,South Okanagan/Osoyoos,2012,7229.0
Population,North Okanagan,RCMP Municipal,Spallumcheen Mun,2012,5080.0
Population,Squamish Lillooet,RCMP Municipal,Squamish Mun,2012,18341.0
Population,Squamish Lillooet,RCMP Provincial,Squamish Prov,2012,1977.0
Population,Kitimat Stikine,RCMP Provincial,Stewart Prov,2012,431.0
Population,Squamish Lillooet,First Nations Aboriginal Police Service,Stl'atl'imx FNAPS,2012,3133.0
Population,Okanagan Similkameen,RCMP Municipal,Summerland Mun,2012,11105.0
Population,Sunshine Coast,RCMP Provincial,Sunshine Coast Prov,2012,18628.0
Population,Metro Vancouver,RCMP Municipal,Surrey Mun,2012,495150.0
Population,Bulkley Nechako,RCMP Provincial,Takla Landing Prov,2012,187.0
Population,Kitimat Stikine,RCMP Municipal,Terrace Mun,2012,11366.0
Population,Kitimat Stikine,RCMP Provincial,Terrace Prov,2012,7812.0
Population,Powell River,RCMP Provincial,Texada Island Prov,2012,1054.0
Population,Thompson Nicola,RCMP Provincial,T'Kumlups Prov,2012,8375.0
Population,Alberni Clayoquot,RCMP Provincial,Tofino Prov,2012,3326.0
Population,Kootenay Boundary,RCMP Municipal,Trail Mun,2012,7643.0
Population,Kootenay Boundary,RCMP Provincial,Trail and Greater District,2012,10936.0
Population,Fraser Fort George,RCMP Provincial,Tsay Keh Dene Prov,2012,376.0
Population,Peace River,RCMP Provincial,Tumbler Ridge Prov,2012,2813.0
Population,Alberni Clayoquot,RCMP Provincial,Ucluelet Prov,2012,2204.0
Population,Metro Vancouver,RCMP Provincial,University Prov,2012,14169.0
Population,Fraser Fort George,RCMP Provincial,Valemount Prov,2012,1584.0
Population,Metro Vancouver,Independent Municipal,Vancouver Mun,2012,631093.0
Population,Bulkley Nechako,RCMP Provincial,Vanderhoof Prov,2012,8686.0
Population,North Okanagan,RCMP Municipal,Vernon Mun,2012,38573.0
Population,North Okanagan,RCMP Provincial,Vernon Prov,2012,11287.0
Population,Capital,Independent Municipal,Victoria Mun,2012,99346.0
Population,Capital,RCMP Municipal,View Royal Mun,2012,10049.0
Population,Cariboo,RCMP Provincial,Wells Prov,2012,354.0
Population,Central Okanagan,RCMP Municipal,West Kelowna Mun,2012,31527.0
Population,Capital,RCMP Provincial,West Shore Prov,2012,9019.0
Population,Metro Vancouver,Independent Municipal,West Vancouver Mun,2012,45664.0
Population,Squamish Lillooet,RCMP Municipal,Whistler Mun,2012,10372.0
Population,Squamish Lillooet,RCMP Provincial,Whistler Prov,2012,315.0
Population,Metro Vancouver,RCMP Municipal,White Rock Mun,2012,19013.0
Population,Cariboo,RCMP Municipal,Williams Lake Mun,2012,10974.0
Population,Cariboo,RCMP Provincial,Williams Lake Prov,2012,12870.0
Criminal Code Offences,Fraser Valley,Independent Municipal,Abbotsford Mun,2013,7357.0
Criminal Code Offences,Fraser Valley,RCMP Provincial,Agassiz Prov,2013,459.0
Criminal Code Offences,Mount Waddington,RCMP Provincial,Alert Bay Prov,2013,232.0
Criminal Code Offences,Cariboo,RCMP Provincial,Alexis Creek Prov,2013,339.0
Criminal Code Offences,Cariboo,RCMP Provincial,Anahim Lake Prov,2013,165.0
Criminal Code Offences,North Okanagan,RCMP Provincial,Armstrong Prov,2013,245.0
Criminal Code Offences,Thompson Nicola,RCMP Provincial,Ashcroft Prov,2013,200.0
Criminal Code Offences,Kitimat Stikine,RCMP Provincial,Atlin Prov,2013,68.0
Criminal Code Offences,Thompson Nicola,RCMP Provincial,Barriere Prov,2013,214.0
Criminal Code Offences,Central Coast,RCMP Provincial,Bella Bella Prov,2013,313.0
Criminal Code Offences,Central Coast,RCMP Provincial,Bella Coola Prov,2013,180.0
Criminal Code Offences,Fraser Valley,RCMP Provincial,Boston Bar Prov,2013,97.0
Criminal Code Offences,Kootenay Boundary,RCMP Provincial,Boundary/Grand Forks Prov,2013,436.0
Criminal Code Offences,Kootenay Boundary,RCMP Provincial,Boundary/Midway Prov,2013,127.0
Criminal Code Offences,Metro Vancouver,RCMP Provincial,Bowen Island Prov,2013,93.0
Criminal Code Offences,Metro Vancouver,RCMP Municipal,Burnaby Mun,2013,13512.0
Criminal Code Offences,Bulkley Nechako,RCMP Provincial,Burns Lake Prov,2013,905.0
Criminal Code Offences,Strathcona,RCMP Municipal,Campbell River Mun,2013,3106.0
Criminal Code Offences,Strathcona,RCMP Provincial,Campbell River Prov,2013,367.0
Criminal Code Offences,Central Kootenay,RCMP Municipal,Castlegar Mun,2013,688.0
Criminal Code Offences,Central Kootenay,RCMP Provincial,Castlegar Prov,2013,211.0
Criminal Code Offences,Capital,Independent Municipal,Central Saanich Mun,2013,456.0
Criminal Code Offences,Thompson Nicola,RCMP Provincial,Chase Prov,2013,533.0
Criminal Code Offences,Peace River,RCMP Provincial,Chetwynd Prov,2013,567.0
Criminal Code Offences,Fraser Valley,RCMP Municipal,Chilliwack Mun,2013,8364.0
Criminal Code Offences,Fraser Valley,RCMP Provincial,Chilliwack Prov,2013,715.0
Criminal Code Offences,Thompson Nicola,RCMP Provincial,Clearwater Prov,2013,296.0
Criminal Code Offences,Thompson Nicola,RCMP Provincial,Clinton Prov,2013,105.0
Criminal Code Offences,North Okanagan,RCMP Municipal,Coldstream Mun,2013,328.0
Criminal Code Offences,East Kootenay,RCMP Provincial,Columbia Valley Prov,2013,713.0
Criminal Code Offences,Capital,RCMP Municipal,Colwood Mun,2013,497.0
Criminal Code Offences,Comox Valley,RCMP Municipal,Comox Mun,2013,438.0
Criminal Code Offences,Comox Valley,RCMP Provincial,Comox Valley Prov,2013,785.0
Criminal Code Offences,Metro Vancouver,RCMP Municipal,Coquitlam Mun,2013,7880.0
Criminal Code Offences,Metro Vancouver,RCMP Provincial,Coquitlam Prov,2013,79.0
Criminal Code Offences,Comox Valley,RCMP Municipal,Courtenay Mun,2013,2444.0
Criminal Code Offences,East Kootenay,RCMP Municipal,Cranbrook Mun,2013,1740.0
Criminal Code Offences,East Kootenay,RCMP Provincial,Cranbrook Prov,2013,300.0
Criminal Code Offences,Central Kootenay,RCMP Municipal,Creston Mun,2013,498.0
Criminal Code Offences,Central Kootenay,RCMP Provincial,Creston Prov,2013,330.0
Criminal Code Offences,Peace River,RCMP Municipal,Dawson Creek Mun,2013,1497.0
Criminal Code Offences,Peace River,RCMP Provincial,Dawson Creek Prov,2013,263.0
Criminal Code Offences,Kitimat Stikine,RCMP Provincial,Dease Lake Prov,2013,148.0
Criminal Code Offences,Metro Vancouver,Independent Municipal,Delta Mun,2013,4865.0
Criminal Code Offences,Cowichan Valley,RCMP Provincial,Duncan Prov,2013,2102.0
Criminal Code Offences,East Kootenay,RCMP Provincial,Elk Valley Prov,2013,741.0
Criminal Code Offences,North Okanagan,RCMP Provincial,Enderby Prov,2013,450.0
Criminal Code Offences,Columbia Shuswap,RCMP Provincial,Falkland Prov,2013,107.0
Criminal Code Offences,Bulkley Nechako,RCMP Provincial,Fort St James Prov,2013,1241.0
Criminal Code Offences,Peace River,RCMP Municipal,Fort St John Mun,2013,2934.0
Criminal Code Offences,Peace River,RCMP Provincial,Fort St John Prov,2013,662.0
Criminal Code Offences,Bulkley Nechako,RCMP Provincial,Fraser Lake Prov,2013,214.0
Criminal Code Offences,Nanaimo,RCMP Provincial,Gabriola Island Prov,2013,165.0
Criminal Code Offences,Columbia Shuswap,RCMP Provincial,Golden Prov,2013,507.0
Criminal Code Offences,Fraser Valley,RCMP Municipal,Hope Mun,2013,692.0
Criminal Code Offences,Fraser Valley,RCMP Provincial,Hope  Prov,2013,144.0
Criminal Code Offences,Bulkley Nechako,RCMP Provincial,Houston/Granisle Prov,2013,440.0
Criminal Code Offences,Peace River,RCMP Provincial,Hudson's Hope Prov,2013,77.0
Criminal Code Offences,Thompson Nicola,RCMP Municipal,Kamloops Mun,2013,9368.0
Criminal Code Offences,Central Kootenay,RCMP Provincial,Kaslo Prov,2013,218.0
Criminal Code Offences,Central Okanagan,RCMP Municipal,Kelowna Mun,2013,10737.0
Criminal Code Offences,Central Okanagan,RCMP Provincial,Kelowna Prov,2013,1064.0
Criminal Code Offences,Fraser Valley,RCMP Municipal,Kent Mun,2013,340.0
Criminal Code Offences,Okanagan Similkameen,RCMP Provincial,Keremeos Prov,2013,302.0
Criminal Code Offences,East Kootenay,RCMP Municipal,Kimberley Mun,2013,307.0
Criminal Code Offences,East Kootenay,RCMP Provincial,Kimberley Prov,2013,58.0
Criminal Code Offences,Kitimat Stikine,RCMP Municipal,Kitimat Mun,2013,931.0
Criminal Code Offences,Kitimat Stikine,RCMP Provincial,Kitimat Prov,2013,41.0
Criminal Code Offences,Cowichan Valley,RCMP Municipal,Ladysmith Mun,2013,393.0
Criminal Code Offences,Cowichan Valley,RCMP Provincial,Ladysmith Prov,2013,241.0
Criminal Code Offences,Central Okanagan,RCMP Municipal,Lake Country Mun,2013,538.0
Criminal Code Offences,Cowichan Valley,RCMP Provincial,Lake Cowichan Prov,2013,463.0
Criminal Code Offences,Capital,RCMP Municipal,Langford Mun,2013,1726.0
Criminal Code Offences,Metro Vancouver,RCMP Municipal,Langley City Mun,2013,3846.0
Criminal Code Offences,Metro Vancouver,RCMP Municipal,Langley Township Mun,2013,7481.0
Criminal Code Offences,Squamish Lillooet,RCMP Provincial,Lillooet Prov,2013,400.0
Criminal Code Offences,Kitimat Stikine,RCMP Provincial,Lisims/Nass Valley Prov,2013,453.0
Criminal Code Offences,Thompson Nicola,RCMP Provincial,Logan Lake Prov,2013,118.0
Criminal Code Offences,North Okanagan,RCMP Provincial,Lumby Prov,2013,252.0
Criminal Code Offences,Thompson Nicola,RCMP Provincial,Lytton Prov,2013,158.0
Criminal Code Offences,Fraser Fort George,RCMP Provincial,Mackenzie Prov,2013,447.0
Criminal Code Offences,Metro Vancouver,RCMP Municipal,Maple Ridge Mun,2013,5587.0
Criminal Code Offences,North Coast Regional District (22),RCMP Provincial,Masset Prov,2013,249.0
Criminal Code Offences,Fraser Fort George,RCMP Provincial,McBride Prov,2013,120.0
Criminal Code Offences,Thompson Nicola,RCMP Municipal,Merritt Mun,2013,1129.0
Criminal Code Offences,Thompson Nicola,RCMP Provincial,Merritt Prov,2013,259.0
Criminal Code Offences,Fraser Valley,RCMP Municipal,Mission Mun,2013,3437.0
Criminal Code Offences,Fraser Valley,RCMP Provincial,Mission Prov,2013,219.0
Criminal Code Offences,Central Kootenay,RCMP Provincial,Nakusp Prov,2013,232.0
Criminal Code Offences,Nanaimo,RCMP Municipal,Nanaimo Mun,2013,8697.0
Criminal Code Offences,Nanaimo,RCMP Provincial,Nanaimo Prov,2013,412.0
Criminal Code Offences,Central Kootenay,Independent Municipal,Nelson Mun,2013,964.0
Criminal Code Offences,Central Kootenay,RCMP Provincial,Nelson Prov,2013,294.0
Criminal Code Offences,Kitimat Stikine,RCMP Provincial,New Hazelton Prov,2013,1253.0
Criminal Code Offences,Metro Vancouver,Independent Municipal,New Westminster Mun,2013,5737.0
Criminal Code Offences,Strathcona,RCMP Provincial,Nootka Sound Prov,2013,171.0
Criminal Code Offences,Cowichan Valley,RCMP Municipal,North Cowichan Mun,2013,2128.0
Criminal Code Offences,Capital,RCMP Municipal,North Saanich Mun,2013,280.0
Criminal Code Offences,Metro Vancouver,RCMP Municipal,North Vancouver City Mun,2013,3409.0
Criminal Code Offences,Metro Vancouver,RCMP Municipal,North Vancouver District Mun,2013,3199.0
Criminal Code Offences,Metro Vancouver,RCMP Provincial,North Vancouver Prov,2013,310.0
Criminal Code Offences,Northern Rockies,RCMP Municipal,Northern Rockies Mun,2013,618.0
Criminal Code Offences,Northern Rockies,RCMP Provincial,Northern Rockies Prov,2013,517.0
Criminal Code Offences,Capital,Independent Municipal,Oak Bay Mun,2013,507.0
Criminal Code Offences,Nanaimo,RCMP Provincial,Oceanside Prov,2013,802.0
Criminal Code Offences,Cariboo,RCMP Provincial,One Hundred Mile House Prov,2013,569.0
Criminal Code Offences,Capital,RCMP Provincial,Outer Gulf  Islands Prov,2013,150.0
Criminal Code Offences,Nanaimo,RCMP Municipal,Parksville Mun,2013,883.0
Criminal Code Offences,Central Okanagan,RCMP Municipal,Peachland Mun,2013,164.0
Criminal Code Offences,Squamish Lillooet,RCMP Provincial,Pemberton Prov,2013,262.0
Criminal Code Offences,Okanagan Similkameen,RCMP Municipal,Penticton Mun,2013,3408.0
Criminal Code Offences,Okanagan Similkameen,RCMP Provincial,Penticton Prov,2013,364.0
Criminal Code Offences,Metro Vancouver,RCMP Municipal,Pitt Meadows Mun,2013,982.0
Criminal Code Offences,Alberni Clayoquot,RCMP Municipal,Port Alberni Mun,2013,2279.0
Criminal Code Offences,Alberni Clayoquot,RCMP Provincial,Port Alberni Prov,2013,335.0
Criminal Code Offences,Mount Waddington,RCMP Provincial,Port Alice Prov,2013,58.0
Criminal Code Offences,Metro Vancouver,RCMP Municipal,Port Coquitlam Mun,2013,3710.0
Criminal Code Offences,Mount Waddington,RCMP Provincial,Port Hardy Prov,2013,793.0
Criminal Code Offences,Mount Waddington,RCMP Provincial,Port McNeill Prov,2013,225.0
Criminal Code Offences,Metro Vancouver,Independent Municipal,Port Moody Mun,2013,1013.0
Criminal Code Offences,Powell River,RCMP Municipal,Powell River Mun,2013,925.0
Criminal Code Offences,Powell River,RCMP Provincial,Powell River Prov,2013,291.0
Criminal Code Offences,Fraser Fort George,RCMP Municipal,Prince George Mun,2013,10353.0
Criminal Code Offences,Fraser Fort George,RCMP Provincial,Prince George Prov,2013,459.0
Criminal Code Offences,North Coast Regional District (22),RCMP Municipal,Prince Rupert Mun,2013,2757.0
Criminal Code Offences,North Coast Regional District (22),RCMP Provincial,Prince Rupert Prov,2013,218.0
Criminal Code Offences,Okanagan Similkameen,RCMP Provincial,Princeton Prov,2013,335.0
Criminal Code Offences,Strathcona,RCMP Provincial,Quadra Island Prov,2013,81.0
Criminal Code Offences,Nanaimo,RCMP Municipal,Qualicum Beach Mun,2013,256.0
Criminal Code Offences,North Coast Regional District (22),RCMP Provincial,Queen Charlotte Prov,2013,157.0
Criminal Code Offences,Cariboo,RCMP Municipal,Quesnel Mun,2013,1782.0
Criminal Code Offences,Cariboo,RCMP Provincial,Quesnel Prov,2013,633.0
Criminal Code Offences,Columbia Shuswap,RCMP Municipal,Revelstoke Mun,2013,494.0
Criminal Code Offences,Columbia Shuswap,RCMP Provincial,Revelstoke Prov,2013,44.0
Criminal Code Offences,Metro Vancouver,RCMP Municipal,Richmond Mun,2013,10571.0
Criminal Code Offences,Metro Vancouver,RCMP Provincial,Ridge Meadows Prov,2013,1442.0
Criminal Code Offences,Capital,Independent Municipal,Saanich Mun,2013,4188.0
Criminal Code Offences,Central Kootenay,RCMP Provincial,Salmo Prov,2013,265.0
Criminal Code Offences,Columbia Shuswap,RCMP Municipal,Salmon Arm Mun,2013,1203.0
Criminal Code Offences,Columbia Shuswap,RCMP Provincial,Salmon Arm Prov,2013,291.0
Criminal Code Offences,Capital,RCMP Provincial,Saltspring Island Prov,2013,419.0
Criminal Code Offences,Strathcona,RCMP Provincial,Sayward Prov,2013,42.0
Criminal Code Offences,Sunshine Coast,RCMP Municipal,Sechelt Mun,2013,588.0
Criminal Code Offences,Cowichan Valley,RCMP Provincial,Shawnigan Lake Prov,2013,652.0
Criminal Code Offences,Columbia Shuswap,RCMP Provincial,Sicamous Prov,2013,243.0
Criminal Code Offences,Capital,RCMP Municipal,Sidney Mun,2013,583.0
Criminal Code Offences,Capital,RCMP Provincial,Sidney Prov,2013,233.0
Criminal Code Offences,Central Kootenay,RCMP Provincial,Slocan Lake Prov,2013,141.0
Criminal Code Offences,Bulkley Nechako,RCMP Municipal,Smithers Mun,2013,979.0
Criminal Code Offences,Bulkley Nechako,RCMP Provincial,Smithers Prov,2013,352.0
Criminal Code Offences,Capital,RCMP Municipal,Sooke Mun,2013,622.0
Criminal Code Offences,Capital,RCMP Provincial,Sooke Prov,2013,128.0
Criminal Code Offences,Okanagan Similkameen,RCMP Provincial,South Okanagan/Oliver,2013,547.0
Criminal Code Offences,Okanagan Similkameen,RCMP Provincial,South Okanagan/Osoyoos,2013,544.0
Criminal Code Offences,North Okanagan,RCMP Municipal,Spallumcheen Mun,2013,164.0
Criminal Code Offences,Squamish Lillooet,RCMP Municipal,Squamish Mun,2013,1742.0
Criminal Code Offences,Squamish Lillooet,RCMP Provincial,Squamish Prov,2013,142.0
Criminal Code Offences,Kitimat Stikine,RCMP Provincial,Stewart Prov,2013,71.0
Criminal Code Offences,Squamish Lillooet,First Nations Aboriginal Police Service,Stl'atl'imx FNAPS,2013,401.0
Criminal Code Offences,Okanagan Similkameen,RCMP Municipal,Summerland Mun,2013,356.0
Criminal Code Offences,Sunshine Coast,RCMP Provincial,Sunshine Coast Prov,2013,842.0
Criminal Code Offences,Metro Vancouver,RCMP Municipal,Surrey Mun,2013,42243.0
Criminal Code Offences,Bulkley Nechako,RCMP Provincial,Takla Landing Prov,2013,117.0
Criminal Code Offences,Kitimat Stikine,RCMP Municipal,Terrace Mun,2013,2122.0
Criminal Code Offences,Kitimat Stikine,RCMP Provincial,Terrace Prov,2013,538.0
Criminal Code Offences,Powell River,RCMP Provincial,Texada Island Prov,2013,41.0
Criminal Code Offences,Thompson Nicola,RCMP Provincial,T'Kumlups Prov,2013,563.0
Criminal Code Offences,Alberni Clayoquot,RCMP Provincial,Tofino Prov,2013,559.0
Criminal Code Offences,Kootenay Boundary,RCMP Municipal,Trail Mun,2013,736.0
Criminal Code Offences,Kootenay Boundary,RCMP Provincial,Trail and Greater District,2013,405.0
Criminal Code Offences,Fraser Fort George,RCMP Provincial,Tsay Keh Dene Prov,2013,190.0
Criminal Code Offences,Peace River,RCMP Provincial,Tumbler Ridge Prov,2013,153.0
Criminal Code Offences,Alberni Clayoquot,RCMP Provincial,Ucluelet Prov,2013,175.0
Criminal Code Offences,Metro Vancouver,RCMP Provincial,University Prov,2013,1302.0
Criminal Code Offences,Fraser Fort George,RCMP Provincial,Valemount Prov,2013,148.0
Criminal Code Offences,Metro Vancouver,Independent Municipal,Vancouver Mun,2013,49402.0
Criminal Code Offences,Bulkley Nechako,RCMP Provincial,Vanderhoof Prov,2013,1158.0
Criminal Code Offences,North Okanagan,RCMP Municipal,Vernon Mun,2013,4399.0
Criminal Code Offences,North Okanagan,RCMP Provincial,Vernon Prov,2013,420.0
Criminal Code Offences,Capital,Independent Municipal,Victoria Mun,2013,9333.0
Criminal Code Offences,Capital,RCMP Municipal,View Royal Mun,2013,461.0
Criminal Code Offences,Cariboo,RCMP Provincial,Wells Prov,2013,23.0
Criminal Code Offences,Central Okanagan,RCMP Municipal,West Kelowna Mun,2013,1282.0
Criminal Code Offences,Capital,RCMP Provincial,West Shore Prov,2013,246.0
Criminal Code Offences,Metro Vancouver,Independent Municipal,West Vancouver Mun,2013,1764.0
Criminal Code Offences,Squamish Lillooet,RCMP Municipal,Whistler Mun,2013,1454.0
Criminal Code Offences,Squamish Lillooet,RCMP Provincial,Whistler Prov,2013,56.0
Criminal Code Offences,Metro Vancouver,RCMP Municipal,White Rock Mun,2013,1003.0
Criminal Code Offences,Cariboo,RCMP Municipal,Williams Lake Mun,2013,3203.0
Criminal Code Offences,Cariboo,RCMP Provincial,Williams Lake Prov,2013,623.0
Crime Rates,Fraser Valley,Independent Municipal,Abbotsford Mun,2013,52.86
Crime Rates,Fraser Valley,RCMP Provincial,Agassiz Prov,2013,118.85
Crime Rates,Mount Waddington,RCMP Provincial,Alert Bay Prov,2013,171.09
Crime Rates,Cariboo,RCMP Provincial,Alexis Creek Prov,2013,197.44
Crime Rates,Cariboo,RCMP Provincial,Anahim Lake Prov,2013,232.39000000000001
Crime Rates,North Okanagan,RCMP Provincial,Armstrong Prov,2013,44.839999999999996
Crime Rates,Thompson Nicola,RCMP Provincial,Ashcroft Prov,2013,54.13
Crime Rates,Kitimat Stikine,RCMP Provincial,Atlin Prov,2013,155.60999999999999
Crime Rates,Thompson Nicola,RCMP Provincial,Barriere Prov,2013,54.720000000000006
Crime Rates,Central Coast,RCMP Provincial,Bella Bella Prov,2013,191.67
Crime Rates,Central Coast,RCMP Provincial,Bella Coola Prov,2013,93.64999999999999
Crime Rates,Fraser Valley,RCMP Provincial,Boston Bar Prov,2013,152.76
Crime Rates,Kootenay Boundary,RCMP Provincial,Boundary/Grand Forks Prov,2013,52.54
Crime Rates,Kootenay Boundary,RCMP Provincial,Boundary/Midway Prov,2013,45.98
Crime Rates,Metro Vancouver,RCMP Provincial,Bowen Island Prov,2013,26.8
Crime Rates,Metro Vancouver,RCMP Municipal,Burnaby Mun,2013,57.620000000000005
Crime Rates,Bulkley Nechako,RCMP Provincial,Burns Lake Prov,2013,144.85000000000002
Crime Rates,Strathcona,RCMP Municipal,Campbell River Mun,2013,97.22
Crime Rates,Strathcona,RCMP Provincial,Campbell River Prov,2013,70.28
Crime Rates,Central Kootenay,RCMP Municipal,Castlegar Mun,2013,87.92
Crime Rates,Central Kootenay,RCMP Provincial,Castlegar Prov,2013,35.42
Crime Rates,Capital,Independent Municipal,Central Saanich Mun,2013,28.479999999999997
Crime Rates,Thompson Nicola,RCMP Provincial,Chase Prov,2013,64.47
Crime Rates,Peace River,RCMP Provincial,Chetwynd Prov,2013,103.86999999999999
Crime Rates,Fraser Valley,RCMP Municipal,Chilliwack Mun,2013,98.96000000000001
Crime Rates,Fraser Valley,RCMP Provincial,Chilliwack Prov,2013,147.54
Crime Rates,Thompson Nicola,RCMP Provincial,Clearwater Prov,2013,68.42
Crime Rates,Thompson Nicola,RCMP Provincial,Clinton Prov,2013,56.97
Crime Rates,North Okanagan,RCMP Municipal,Coldstream Mun,2013,31.919999999999998
Crime Rates,East Kootenay,RCMP Provincial,Columbia Valley Prov,2013,79.76
Crime Rates,Capital,RCMP Municipal,Colwood Mun,2013,29.87
Crime Rates,Comox Valley,RCMP Municipal,Comox Mun,2013,32.2
Crime Rates,Comox Valley,RCMP Provincial,Comox Valley Prov,2013,30.32
Crime Rates,Metro Vancouver,RCMP Municipal,Coquitlam Mun,2013,57.02
Crime Rates,Metro Vancouver,RCMP Provincial,Coquitlam Prov,2013,27.57
Crime Rates,Comox Valley,RCMP Municipal,Courtenay Mun,2013,99.96000000000001
Crime Rates,East Kootenay,RCMP Municipal,Cranbrook Mun,2013,89.45
Crime Rates,East Kootenay,RCMP Provincial,Cranbrook Prov,2013,45.730000000000004
Crime Rates,Central Kootenay,RCMP Municipal,Creston Mun,2013,98.32
Crime Rates,Central Kootenay,RCMP Provincial,Creston Prov,2013,40.67
Crime Rates,Peace River,RCMP Municipal,Dawson Creek Mun,2013,123.51
Crime Rates,Peace River,RCMP Provincial,Dawson Creek Prov,2013,37.449999999999996
Crime Rates,Kitimat Stikine,RCMP Provincial,Dease Lake Prov,2013,111.36
Crime Rates,Metro Vancouver,Independent Municipal,Delta Mun,2013,47.46
Crime Rates,Cowichan Valley,RCMP Provincial,Duncan Prov,2013,145.36
Crime Rates,East Kootenay,RCMP Provincial,Elk Valley Prov,2013,54.07
Crime Rates,North Okanagan,RCMP Provincial,Enderby Prov,2013,65.36
Crime Rates,Columbia Shuswap,RCMP Provincial,Falkland Prov,2013,37.54
Crime Rates,Bulkley Nechako,RCMP Provincial,Fort St James Prov,2013,277.44
Crime Rates,Peace River,RCMP Municipal,Fort St John Mun,2013,142.48000000000002
Crime Rates,Peace River,RCMP Provincial,Fort St John Prov,2013,46.260000000000005
Crime Rates,Bulkley Nechako,RCMP Provincial,Fraser Lake Prov,2013,63.56
Crime Rates,Nanaimo,RCMP Provincial,Gabriola Island Prov,2013,40.1
Crime Rates,Columbia Shuswap,RCMP Provincial,Golden Prov,2013,74.33
Crime Rates,Fraser Valley,RCMP Municipal,Hope Mun,2013,119.72
Crime Rates,Fraser Valley,RCMP Provincial,Hope  Prov,2013,125.0
Crime Rates,Bulkley Nechako,RCMP Provincial,Houston/Granisle Prov,2013,97.76
Crime Rates,Peace River,RCMP Provincial,Hudson's Hope Prov,2013,60.82
Crime Rates,Thompson Nicola,RCMP Municipal,Kamloops Mun,2013,106.1
Crime Rates,Central Kootenay,RCMP Provincial,Kaslo Prov,2013,93.11999999999999
Crime Rates,Central Okanagan,RCMP Municipal,Kelowna Mun,2013,89.38
Crime Rates,Central Okanagan,RCMP Provincial,Kelowna Prov,2013,70.21000000000001
Crime Rates,Fraser Valley,RCMP Municipal,Kent Mun,2013,58.24
Crime Rates,Okanagan Similkameen,RCMP Provincial,Keremeos Prov,2013,65.1
Crime Rates,East Kootenay,RCMP Municipal,Kimberley Mun,2013,47.32
Crime Rates,East Kootenay,RCMP Provincial,Kimberley Prov,2013,30.38
Crime Rates,Kitimat Stikine,RCMP Municipal,Kitimat Mun,2013,111.27
Crime Rates,Kitimat Stikine,RCMP Provincial,Kitimat Prov,2013,73.74000000000001
Crime Rates,Cowichan Valley,RCMP Municipal,Ladysmith Mun,2013,48.2
Crime Rates,Cowichan Valley,RCMP Provincial,Ladysmith Prov,2013,41.59
Crime Rates,Central Okanagan,RCMP Municipal,Lake Country Mun,2013,43.59
Crime Rates,Cowichan Valley,RCMP Provincial,Lake Cowichan Prov,2013,76.73
Crime Rates,Capital,RCMP Municipal,Langford Mun,2013,51.64
Crime Rates,Metro Vancouver,RCMP Municipal,Langley City Mun,2013,144.08
Crime Rates,Metro Vancouver,RCMP Municipal,Langley Township Mun,2013,66.44000000000001
Crime Rates,Squamish Lillooet,RCMP Provincial,Lillooet Prov,2013,120.96000000000001
Crime Rates,Kitimat Stikine,RCMP Provincial,Lisims/Nass Valley Prov,2013,220.01
Crime Rates,Thompson Nicola,RCMP Provincial,Logan Lake Prov,2013,45.879999999999995
Crime Rates,North Okanagan,RCMP Provincial,Lumby Prov,2013,42.74
Crime Rates,Thompson Nicola,RCMP Provincial,Lytton Prov,2013,81.78
Crime Rates,Fraser Fort George,RCMP Provincial,Mackenzie Prov,2013,123.75
Crime Rates,Metro Vancouver,RCMP Municipal,Maple Ridge Mun,2013,70.25
Crime Rates,North Coast Regional District (22),RCMP Provincial,Masset Prov,2013,123.76
Crime Rates,Fraser Fort George,RCMP Provincial,McBride Prov,2013,72.2
Crime Rates,Thompson Nicola,RCMP Municipal,Merritt Mun,2013,154.09
Crime Rates,Thompson Nicola,RCMP Provincial,Merritt Prov,2013,66.61999999999999
Crime Rates,Fraser Valley,RCMP Municipal,Mission Mun,2013,91.44000000000001
Crime Rates,Fraser Valley,RCMP Provincial,Mission Prov,2013,51.790000000000006
Crime Rates,Central Kootenay,RCMP Provincial,Nakusp Prov,2013,68.46000000000001
Crime Rates,Nanaimo,RCMP Municipal,Nanaimo Mun,2013,99.61
Crime Rates,Nanaimo,RCMP Provincial,Nanaimo Prov,2013,29.610000000000003
Crime Rates,Central Kootenay,Independent Municipal,Nelson Mun,2013,93.58
Crime Rates,Central Kootenay,RCMP Provincial,Nelson Prov,2013,24.5
Crime Rates,Kitimat Stikine,RCMP Provincial,New Hazelton Prov,2013,217.38000000000002
Crime Rates,Metro Vancouver,Independent Municipal,New Westminster Mun,2013,82.93
Crime Rates,Strathcona,RCMP Provincial,Nootka Sound Prov,2013,90.24000000000001
Crime Rates,Cowichan Valley,RCMP Municipal,North Cowichan Mun,2013,72.64999999999999
Crime Rates,Capital,RCMP Municipal,North Saanich Mun,2013,25.19
Crime Rates,Metro Vancouver,RCMP Municipal,North Vancouver City Mun,2013,66.82
Crime Rates,Metro Vancouver,RCMP Municipal,North Vancouver District Mun,2013,36.879999999999995
Crime Rates,Metro Vancouver,RCMP Provincial,North Vancouver Prov,2013,119.05
Crime Rates,Northern Rockies,RCMP Municipal,Northern Rockies Mun,2013,115.32
Crime Rates,Northern Rockies,RCMP Provincial,Northern Rockies Prov,2013,858.8
Crime Rates,Capital,Independent Municipal,Oak Bay Mun,2013,28.73
Crime Rates,Nanaimo,RCMP Provincial,Oceanside Prov,2013,32.620000000000005
Crime Rates,Cariboo,RCMP Provincial,One Hundred Mile House Prov,2013,44.13
Crime Rates,Capital,RCMP Provincial,Outer Gulf  Islands Prov,2013,31.37
Crime Rates,Nanaimo,RCMP Municipal,Parksville Mun,2013,72.75
Crime Rates,Central Okanagan,RCMP Municipal,Peachland Mun,2013,32.230000000000004
Crime Rates,Squamish Lillooet,RCMP Provincial,Pemberton Prov,2013,58.290000000000006
Crime Rates,Okanagan Similkameen,RCMP Municipal,Penticton Mun,2013,102.55
Crime Rates,Okanagan Similkameen,RCMP Provincial,Penticton Prov,2013,32.379999999999995
Crime Rates,Metro Vancouver,RCMP Municipal,Pitt Meadows Mun,2013,52.51
Crime Rates,Alberni Clayoquot,RCMP Municipal,Port Alberni Mun,2013,136.10999999999999
Crime Rates,Alberni Clayoquot,RCMP Provincial,Port Alberni Prov,2013,40.54
Crime Rates,Mount Waddington,RCMP Provincial,Port Alice Prov,2013,69.63
Crime Rates,Metro Vancouver,RCMP Municipal,Port Coquitlam Mun,2013,62.77
Crime Rates,Mount Waddington,RCMP Provincial,Port Hardy Prov,2013,148.84
Crime Rates,Mount Waddington,RCMP Provincial,Port McNeill Prov,2013,50.730000000000004
Crime Rates,Metro Vancouver,Independent Municipal,Port Moody Mun,2013,29.38
Crime Rates,Powell River,RCMP Municipal,Powell River Mun,2013,71.2
Crime Rates,Powell River,RCMP Provincial,Powell River Prov,2013,52.67
Crime Rates,Fraser Fort George,RCMP Municipal,Prince George Mun,2013,140.19
Crime Rates,Fraser Fort George,RCMP Provincial,Prince George Prov,2013,35.17
Crime Rates,North Coast Regional District (22),RCMP Municipal,Prince Rupert Mun,2013,226.56
Crime Rates,North Coast Regional District (22),RCMP Provincial,Prince Rupert Prov,2013,111.28
Crime Rates,Okanagan Similkameen,RCMP Provincial,Princeton Prov,2013,68.23
Crime Rates,Strathcona,RCMP Provincial,Quadra Island Prov,2013,23.37
Crime Rates,Nanaimo,RCMP Municipal,Qualicum Beach Mun,2013,30.01
Crime Rates,North Coast Regional District (22),RCMP Provincial,Queen Charlotte Prov,2013,68.05
Crime Rates,Cariboo,RCMP Municipal,Quesnel Mun,2013,182.94
Crime Rates,Cariboo,RCMP Provincial,Quesnel Prov,2013,47.42
Crime Rates,Columbia Shuswap,RCMP Municipal,Revelstoke Mun,2013,69.16999999999999
Crime Rates,Columbia Shuswap,RCMP Provincial,Revelstoke Prov,2013,77.74000000000001
Crime Rates,Metro Vancouver,RCMP Municipal,Richmond Mun,2013,52.52
Crime Rates,Metro Vancouver,RCMP Provincial,Ridge Meadows Prov,2013,15340.43
Crime Rates,Capital,Independent Municipal,Saanich Mun,2013,37.620000000000005
Crime Rates,Central Kootenay,RCMP Provincial,Salmo Prov,2013,100.88
Crime Rates,Columbia Shuswap,RCMP Municipal,Salmon Arm Mun,2013,69.73
Crime Rates,Columbia Shuswap,RCMP Provincial,Salmon Arm Prov,2013,31.72
Crime Rates,Capital,RCMP Provincial,Saltspring Island Prov,2013,40.41
Crime Rates,Strathcona,RCMP Provincial,Sayward Prov,2013,54.55
Crime Rates,Sunshine Coast,RCMP Municipal,Sechelt Mun,2013,62.15
Crime Rates,Cowichan Valley,RCMP Provincial,Shawnigan Lake Prov,2013,36.93
Crime Rates,Columbia Shuswap,RCMP Provincial,Sicamous Prov,2013,64.9
Crime Rates,Capital,RCMP Municipal,Sidney Mun,2013,52.14
Crime Rates,Capital,RCMP Provincial,Sidney Prov,2013,66.27
Crime Rates,Central Kootenay,RCMP Provincial,Slocan Lake Prov,2013,72.16
Crime Rates,Bulkley Nechako,RCMP Municipal,Smithers Mun,2013,187.91
Crime Rates,Bulkley Nechako,RCMP Provincial,Smithers Prov,2013,45.849999999999994
Crime Rates,Capital,RCMP Municipal,Sooke Mun,2013,51.809999999999995
Crime Rates,Capital,RCMP Provincial,Sooke Prov,2013,27.88
Crime Rates,Okanagan Similkameen,RCMP Provincial,South Okanagan/Oliver,2013,63.720000000000006
Crime Rates,Okanagan Similkameen,RCMP Provincial,South Okanagan/Osoyoos,2013,75.47
Crime Rates,North Okanagan,RCMP Municipal,Spallumcheen Mun,2013,32.43
Crime Rates,Squamish Lillooet,RCMP Municipal,Squamish Mun,2013,94.14999999999999
Crime Rates,Squamish Lillooet,RCMP Provincial,Squamish Prov,2013,71.79
Crime Rates,Kitimat Stikine,RCMP Provincial,Stewart Prov,2013,163.97
Crime Rates,Squamish Lillooet,First Nations Aboriginal Police Service,Stl'atl'imx FNAPS,2013,128.16
Crime Rates,Okanagan Similkameen,RCMP Municipal,Summerland Mun,2013,32.290000000000006
Crime Rates,Sunshine Coast,RCMP Provincial,Sunshine Coast Prov,2013,45.120000000000005
Crime Rates,Metro Vancouver,RCMP Municipal,Surrey Mun,2013,83.47
Crime Rates,Bulkley Nechako,RCMP Provincial,Takla Landing Prov,2013,615.7900000000001
Crime Rates,Kitimat Stikine,RCMP Municipal,Terrace Mun,2013,186.58
Crime Rates,Kitimat Stikine,RCMP Provincial,Terrace Prov,2013,67.99000000000001
Crime Rates,Powell River,RCMP Provincial,Texada Island Prov,2013,38.94
Crime Rates,Thompson Nicola,RCMP Provincial,T'Kumlups Prov,2013,66.73
Crime Rates,Alberni Clayoquot,RCMP Provincial,Tofino Prov,2013,165.48000000000002
Crime Rates,Kootenay Boundary,RCMP Municipal,Trail Mun,2013,99.23
Crime Rates,Kootenay Boundary,RCMP Provincial,Trail and Greater District,2013,37.51
Crime Rates,Fraser Fort George,RCMP Provincial,Tsay Keh Dene Prov,2013,500.0
Crime Rates,Peace River,RCMP Provincial,Tumbler Ridge Prov,2013,53.849999999999994
Crime Rates,Alberni Clayoquot,RCMP Provincial,Ucluelet Prov,2013,79.51
Crime Rates,Metro Vancouver,RCMP Provincial,University Prov,2013,87.69
Crime Rates,Fraser Fort George,RCMP Provincial,Valemount Prov,2013,94.69
Crime Rates,Metro Vancouver,Independent Municipal,Vancouver Mun,2013,77.34
Crime Rates,Bulkley Nechako,RCMP Provincial,Vanderhoof Prov,2013,132.48000000000002
Crime Rates,North Okanagan,RCMP Municipal,Vernon Mun,2013,113.75
Crime Rates,North Okanagan,RCMP Provincial,Vernon Prov,2013,37.09
Crime Rates,Capital,Independent Municipal,Victoria Mun,2013,93.69
Crime Rates,Capital,RCMP Municipal,View Royal Mun,2013,43.730000000000004
Crime Rates,Cariboo,RCMP Provincial,Wells Prov,2013,64.97
Crime Rates,Central Okanagan,RCMP Municipal,West Kelowna Mun,2013,40.160000000000004
Crime Rates,Capital,RCMP Provincial,West Shore Prov,2013,27.27
Crime Rates,Metro Vancouver,Independent Municipal,West Vancouver Mun,2013,38.9
Crime Rates,Squamish Lillooet,RCMP Municipal,Whistler Mun,2013,140.84
Crime Rates,Squamish Lillooet,RCMP Provincial,Whistler Prov,2013,178.34
Crime Rates,Metro Vancouver,RCMP Municipal,White Rock Mun,2013,52.2
Crime Rates,Cariboo,RCMP Municipal,Williams Lake Mun,2013,294.58
Crime Rates,Cariboo,RCMP Provincial,Williams Lake Prov,2013,48.18
Violent Offenses,Fraser Valley,Independent Municipal,Abbotsford Mun,2013,1328.0
Violent Offenses,Fraser Valley,RCMP Provincial,Agassiz Prov,2013,85.0
Violent Offenses,Mount Waddington,RCMP Provincial,Alert Bay Prov,2013,60.0
Violent Offenses,Cariboo,RCMP Provincial,Alexis Creek Prov,2013,85.0
Violent Offenses,Cariboo,RCMP Provincial,Anahim Lake Prov,2013,58.0
Violent Offenses,North Okanagan,RCMP Provincial,Armstrong Prov,2013,49.0
Violent Offenses,Thompson Nicola,RCMP Provincial,Ashcroft Prov,2013,63.0
Violent Offenses,Kitimat Stikine,RCMP Provincial,Atlin Prov,2013,20.0
Violent Offenses,Thompson Nicola,RCMP Provincial,Barriere Prov,2013,64.0
Violent Offenses,Central Coast,RCMP Provincial,Bella Bella Prov,2013,119.0
Violent Offenses,Central Coast,RCMP Provincial,Bella Coola Prov,2013,48.0
Violent Offenses,Fraser Valley,RCMP Provincial,Boston Bar Prov,2013,21.0
Violent Offenses,Kootenay Boundary,RCMP Provincial,Boundary/Grand Forks Prov,2013,91.0
Violent Offenses,Kootenay Boundary,RCMP Provincial,Boundary/Midway Prov,2013,20.0
Violent Offenses,Metro Vancouver,RCMP Provincial,Bowen Island Prov,2013,25.0
Violent Offenses,Metro Vancouver,RCMP Municipal,Burnaby Mun,2013,1654.0
Violent Offenses,Bulkley Nechako,RCMP Provincial,Burns Lake Prov,2013,158.0
Violent Offenses,Strathcona,RCMP Municipal,Campbell River Mun,2013,508.0
Violent Offenses,Strathcona,RCMP Provincial,Campbell River Prov,2013,60.0
Violent Offenses,Central Kootenay,RCMP Municipal,Castlegar Mun,2013,170.0
Violent Offenses,Central Kootenay,RCMP Provincial,Castlegar Prov,2013,56.0
Violent Offenses,Capital,Independent Municipal,Central Saanich Mun,2013,92.0
Violent Offenses,Thompson Nicola,RCMP Provincial,Chase Prov,2013,80.0
Violent Offenses,Peace River,RCMP Provincial,Chetwynd Prov,2013,114.0
Violent Offenses,Fraser Valley,RCMP Municipal,Chilliwack Mun,2013,1078.0
Violent Offenses,Fraser Valley,RCMP Provincial,Chilliwack Prov,2013,92.0
Violent Offenses,Thompson Nicola,RCMP Provincial,Clearwater Prov,2013,55.0
Violent Offenses,Thompson Nicola,RCMP Provincial,Clinton Prov,2013,34.0
Violent Offenses,North Okanagan,RCMP Municipal,Coldstream Mun,2013,66.0
Violent Offenses,East Kootenay,RCMP Provincial,Columbia Valley Prov,2013,155.0
Violent Offenses,Capital,RCMP Municipal,Colwood Mun,2013,80.0
Violent Offenses,Comox Valley,RCMP Municipal,Comox Mun,2013,71.0
Violent Offenses,Comox Valley,RCMP Provincial,Comox Valley Prov,2013,174.0
Violent Offenses,Metro Vancouver,RCMP Municipal,Coquitlam Mun,2013,952.0
Violent Offenses,Metro Vancouver,RCMP Provincial,Coquitlam Prov,2013,10.0
Violent Offenses,Comox Valley,RCMP Municipal,Courtenay Mun,2013,425.0
Violent Offenses,East Kootenay,RCMP Municipal,Cranbrook Mun,2013,443.0
Violent Offenses,East Kootenay,RCMP Provincial,Cranbrook Prov,2013,87.0
Violent Offenses,Central Kootenay,RCMP Municipal,Creston Mun,2013,70.0
Violent Offenses,Central Kootenay,RCMP Provincial,Creston Prov,2013,52.0
Violent Offenses,Peace River,RCMP Municipal,Dawson Creek Mun,2013,338.0
Violent Offenses,Peace River,RCMP Provincial,Dawson Creek Prov,2013,53.0
Violent Offenses,Kitimat Stikine,RCMP Provincial,Dease Lake Prov,2013,60.0
Violent Offenses,Metro Vancouver,Independent Municipal,Delta Mun,2013,593.0
Violent Offenses,Cowichan Valley,RCMP Provincial,Duncan Prov,2013,353.0
Violent Offenses,East Kootenay,RCMP Provincial,Elk Valley Prov,2013,193.0
Violent Offenses,North Okanagan,RCMP Provincial,Enderby Prov,2013,111.0
Violent Offenses,Columbia Shuswap,RCMP Provincial,Falkland Prov,2013,28.0
Violent Offenses,Bulkley Nechako,RCMP Provincial,Fort St James Prov,2013,327.0
Violent Offenses,Peace River,RCMP Municipal,Fort St John Mun,2013,557.0
Violent Offenses,Peace River,RCMP Provincial,Fort St John Prov,2013,192.0
Violent Offenses,Bulkley Nechako,RCMP Provincial,Fraser Lake Prov,2013,58.0
Violent Offenses,Nanaimo,RCMP Provincial,Gabriola Island Prov,2013,25.0
Violent Offenses,Columbia Shuswap,RCMP Provincial,Golden Prov,2013,114.0
Violent Offenses,Fraser Valley,RCMP Municipal,Hope Mun,2013,120.0
Violent Offenses,Fraser Valley,RCMP Provincial,Hope  Prov,2013,29.0
Violent Offenses,Bulkley Nechako,RCMP Provincial,Houston/Granisle Prov,2013,117.0
Violent Offenses,Peace River,RCMP Provincial,Hudson's Hope Prov,2013,9.0
Violent Offenses,Thompson Nicola,RCMP Municipal,Kamloops Mun,2013,1835.0
Violent Offenses,Central Kootenay,RCMP Provincial,Kaslo Prov,2013,51.0
Violent Offenses,Central Okanagan,RCMP Municipal,Kelowna Mun,2013,1525.0
Violent Offenses,Central Okanagan,RCMP Provincial,Kelowna Prov,2013,185.0
Violent Offenses,Fraser Valley,RCMP Municipal,Kent Mun,2013,101.0
Violent Offenses,Okanagan Similkameen,RCMP Provincial,Keremeos Prov,2013,58.0
Violent Offenses,East Kootenay,RCMP Municipal,Kimberley Mun,2013,80.0
Violent Offenses,East Kootenay,RCMP Provincial,Kimberley Prov,2013,5.0
Violent Offenses,Kitimat Stikine,RCMP Municipal,Kitimat Mun,2013,242.0
Violent Offenses,Kitimat Stikine,RCMP Provincial,Kitimat Prov,2013,10.0
Violent Offenses,Cowichan Valley,RCMP Municipal,Ladysmith Mun,2013,78.0
Violent Offenses,Cowichan Valley,RCMP Provincial,Ladysmith Prov,2013,52.0
Violent Offenses,Central Okanagan,RCMP Municipal,Lake Country Mun,2013,124.0
Violent Offenses,Cowichan Valley,RCMP Provincial,Lake Cowichan Prov,2013,89.0
Violent Offenses,Capital,RCMP Municipal,Langford Mun,2013,295.0
Violent Offenses,Metro Vancouver,RCMP Municipal,Langley City Mun,2013,420.0
Violent Offenses,Metro Vancouver,RCMP Municipal,Langley Township Mun,2013,867.0
Violent Offenses,Squamish Lillooet,RCMP Provincial,Lillooet Prov,2013,105.0
Violent Offenses,Kitimat Stikine,RCMP Provincial,Lisims/Nass Valley Prov,2013,119.0
Violent Offenses,Thompson Nicola,RCMP Provincial,Logan Lake Prov,2013,29.0
Violent Offenses,North Okanagan,RCMP Provincial,Lumby Prov,2013,74.0
Violent Offenses,Thompson Nicola,RCMP Provincial,Lytton Prov,2013,45.0
Violent Offenses,Fraser Fort George,RCMP Provincial,Mackenzie Prov,2013,113.0
Violent Offenses,Metro Vancouver,RCMP Municipal,Maple Ridge Mun,2013,906.0
Violent Offenses,North Coast Regional District (22),RCMP Provincial,Masset Prov,2013,64.0
Violent Offenses,Fraser Fort George,RCMP Provincial,McBride Prov,2013,30.0
Violent Offenses,Thompson Nicola,RCMP Municipal,Merritt Mun,2013,261.0
Violent Offenses,Thompson Nicola,RCMP Provincial,Merritt Prov,2013,67.0
Violent Offenses,Fraser Valley,RCMP Municipal,Mission Mun,2013,575.0
Violent Offenses,Fraser Valley,RCMP Provincial,Mission Prov,2013,51.0
Violent Offenses,Central Kootenay,RCMP Provincial,Nakusp Prov,2013,65.0
Violent Offenses,Nanaimo,RCMP Municipal,Nanaimo Mun,2013,1422.0
Violent Offenses,Nanaimo,RCMP Provincial,Nanaimo Prov,2013,77.0
Violent Offenses,Central Kootenay,Independent Municipal,Nelson Mun,2013,189.0
Violent Offenses,Central Kootenay,RCMP Provincial,Nelson Prov,2013,75.0
Violent Offenses,Kitimat Stikine,RCMP Provincial,New Hazelton Prov,2013,297.0
Violent Offenses,Metro Vancouver,Independent Municipal,New Westminster Mun,2013,953.0
Violent Offenses,Strathcona,RCMP Provincial,Nootka Sound Prov,2013,67.0
Violent Offenses,Cowichan Valley,RCMP Municipal,North Cowichan Mun,2013,413.0
Violent Offenses,Capital,RCMP Municipal,North Saanich Mun,2013,30.0
Violent Offenses,Metro Vancouver,RCMP Municipal,North Vancouver City Mun,2013,486.0
Violent Offenses,Metro Vancouver,RCMP Municipal,North Vancouver District Mun,2013,421.0
Violent Offenses,Metro Vancouver,RCMP Provincial,North Vancouver Prov,2013,54.0
Violent Offenses,Northern Rockies,RCMP Municipal,Northern Rockies Mun,2013,159.0
Violent Offenses,Northern Rockies,RCMP Provincial,Northern Rockies Prov,2013,131.0
Violent Offenses,Capital,Independent Municipal,Oak Bay Mun,2013,47.0
Violent Offenses,Nanaimo,RCMP Provincial,Oceanside Prov,2013,141.0
Violent Offenses,Cariboo,RCMP Provincial,One Hundred Mile House Prov,2013,128.0
Violent Offenses,Capital,RCMP Provincial,Outer Gulf  Islands Prov,2013,17.0
Violent Offenses,Nanaimo,RCMP Municipal,Parksville Mun,2013,131.0
Violent Offenses,Central Okanagan,RCMP Municipal,Peachland Mun,2013,27.0
Violent Offenses,Squamish Lillooet,RCMP Provincial,Pemberton Prov,2013,56.0
Violent Offenses,Okanagan Similkameen,RCMP Municipal,Penticton Mun,2013,409.0
Violent Offenses,Okanagan Similkameen,RCMP Provincial,Penticton Prov,2013,52.0
Violent Offenses,Metro Vancouver,RCMP Municipal,Pitt Meadows Mun,2013,162.0
Violent Offenses,Alberni Clayoquot,RCMP Municipal,Port Alberni Mun,2013,446.0
Violent Offenses,Alberni Clayoquot,RCMP Provincial,Port Alberni Prov,2013,68.0
Violent Offenses,Mount Waddington,RCMP Provincial,Port Alice Prov,2013,8.0
Violent Offenses,Metro Vancouver,RCMP Municipal,Port Coquitlam Mun,2013,566.0
Violent Offenses,Mount Waddington,RCMP Provincial,Port Hardy Prov,2013,170.0
Violent Offenses,Mount Waddington,RCMP Provincial,Port McNeill Prov,2013,43.0
Violent Offenses,Metro Vancouver,Independent Municipal,Port Moody Mun,2013,177.0
Violent Offenses,Powell River,RCMP Municipal,Powell River Mun,2013,194.0
Violent Offenses,Powell River,RCMP Provincial,Powell River Prov,2013,83.0
Violent Offenses,Fraser Fort George,RCMP Municipal,Prince George Mun,2013,1819.0
Violent Offenses,Fraser Fort George,RCMP Provincial,Prince George Prov,2013,89.0
Violent Offenses,North Coast Regional District (22),RCMP Municipal,Prince Rupert Mun,2013,480.0
Violent Offenses,North Coast Regional District (22),RCMP Provincial,Prince Rupert Prov,2013,55.0
Violent Offenses,Okanagan Similkameen,RCMP Provincial,Princeton Prov,2013,100.0
Violent Offenses,Strathcona,RCMP Provincial,Quadra Island Prov,2013,16.0
Violent Offenses,Nanaimo,RCMP Municipal,Qualicum Beach Mun,2013,31.0
Violent Offenses,North Coast Regional District (22),RCMP Provincial,Queen Charlotte Prov,2013,37.0
Violent Offenses,Cariboo,RCMP Municipal,Quesnel Mun,2013,377.0
Violent Offenses,Cariboo,RCMP Provincial,Quesnel Prov,2013,202.0
Violent Offenses,Columbia Shuswap,RCMP Municipal,Revelstoke Mun,2013,95.0
Violent Offenses,Columbia Shuswap,RCMP Provincial,Revelstoke Prov,2013,8.0
Violent Offenses,Metro Vancouver,RCMP Municipal,Richmond Mun,2013,1395.0
Violent Offenses,Metro Vancouver,RCMP Provincial,Ridge Meadows Prov,2013,217.0
Violent Offenses,Capital,Independent Municipal,Saanich Mun,2013,722.0
Violent Offenses,Central Kootenay,RCMP Provincial,Salmo Prov,2013,57.0
Violent Offenses,Columbia Shuswap,RCMP Municipal,Salmon Arm Mun,2013,241.0
Violent Offenses,Columbia Shuswap,RCMP Provincial,Salmon Arm Prov,2013,49.0
Violent Offenses,Capital,RCMP Provincial,Saltspring Island Prov,2013,87.0
Violent Offenses,Strathcona,RCMP Provincial,Sayward Prov,2013,9.0
Violent Offenses,Sunshine Coast,RCMP Municipal,Sechelt Mun,2013,96.0
Violent Offenses,Cowichan Valley,RCMP Provincial,Shawnigan Lake Prov,2013,153.0
Violent Offenses,Columbia Shuswap,RCMP Provincial,Sicamous Prov,2013,53.0
Violent Offenses,Capital,RCMP Municipal,Sidney Mun,2013,99.0
Violent Offenses,Capital,RCMP Provincial,Sidney Prov,2013,67.0
Violent Offenses,Central Kootenay,RCMP Provincial,Slocan Lake Prov,2013,44.0
Violent Offenses,Bulkley Nechako,RCMP Municipal,Smithers Mun,2013,200.0
Violent Offenses,Bulkley Nechako,RCMP Provincial,Smithers Prov,2013,96.0
Violent Offenses,Capital,RCMP Municipal,Sooke Mun,2013,94.0
Violent Offenses,Capital,RCMP Provincial,Sooke Prov,2013,23.0
Violent Offenses,Okanagan Similkameen,RCMP Provincial,South Okanagan/Oliver,2013,89.0
Violent Offenses,Okanagan Similkameen,RCMP Provincial,South Okanagan/Osoyoos,2013,89.0
Violent Offenses,North Okanagan,RCMP Municipal,Spallumcheen Mun,2013,43.0
Violent Offenses,Squamish Lillooet,RCMP Municipal,Squamish Mun,2013,350.0
Violent Offenses,Squamish Lillooet,RCMP Provincial,Squamish Prov,2013,18.0
Violent Offenses,Kitimat Stikine,RCMP Provincial,Stewart Prov,2013,16.0
Violent Offenses,Squamish Lillooet,First Nations Aboriginal Police Service,Stl'atl'imx FNAPS,2013,180.0
Violent Offenses,Okanagan Similkameen,RCMP Municipal,Summerland Mun,2013,72.0
Violent Offenses,Sunshine Coast,RCMP Provincial,Sunshine Coast Prov,2013,165.0
Violent Offenses,Metro Vancouver,RCMP Municipal,Surrey Mun,2013,5750.0
Violent Offenses,Bulkley Nechako,RCMP Provincial,Takla Landing Prov,2013,35.0
Violent Offenses,Kitimat Stikine,RCMP Municipal,Terrace Mun,2013,343.0
Violent Offenses,Kitimat Stikine,RCMP Provincial,Terrace Prov,2013,115.0
Violent Offenses,Powell River,RCMP Provincial,Texada Island Prov,2013,4.0
Violent Offenses,Thompson Nicola,RCMP Provincial,T'Kumlups Prov,2013,106.0
Violent Offenses,Alberni Clayoquot,RCMP Provincial,Tofino Prov,2013,126.0
Violent Offenses,Kootenay Boundary,RCMP Municipal,Trail Mun,2013,173.0
Violent Offenses,Kootenay Boundary,RCMP Provincial,Trail and Greater District,2013,94.0
Violent Offenses,Fraser Fort George,RCMP Provincial,Tsay Keh Dene Prov,2013,68.0
Violent Offenses,Peace River,RCMP Provincial,Tumbler Ridge Prov,2013,34.0
Violent Offenses,Alberni Clayoquot,RCMP Provincial,Ucluelet Prov,2013,51.0
Violent Offenses,Metro Vancouver,RCMP Provincial,University Prov,2013,102.0
Violent Offenses,Fraser Fort George,RCMP Provincial,Valemount Prov,2013,48.0
Violent Offenses,Metro Vancouver,Independent Municipal,Vancouver Mun,2013,8832.0
Violent Offenses,Bulkley Nechako,RCMP Provincial,Vanderhoof Prov,2013,225.0
Violent Offenses,North Okanagan,RCMP Municipal,Vernon Mun,2013,804.0
Violent Offenses,North Okanagan,RCMP Provincial,Vernon Prov,2013,95.0
Violent Offenses,Capital,Independent Municipal,Victoria Mun,2013,2074.0
Violent Offenses,Capital,RCMP Municipal,View Royal Mun,2013,61.0
Violent Offenses,Cariboo,RCMP Provincial,Wells Prov,2013,2.0
Violent Offenses,Central Okanagan,RCMP Municipal,West Kelowna Mun,2013,242.0
Violent Offenses,Capital,RCMP Provincial,West Shore Prov,2013,64.0
Violent Offenses,Metro Vancouver,Independent Municipal,West Vancouver Mun,2013,312.0
Violent Offenses,Squamish Lillooet,RCMP Municipal,Whistler Mun,2013,235.0
Violent Offenses,Squamish Lillooet,RCMP Provincial,Whistler Prov,2013,2.0
Violent Offenses,Metro Vancouver,RCMP Municipal,White Rock Mun,2013,104.0
Violent Offenses,Cariboo,RCMP Municipal,Williams Lake Mun,2013,537.0
Violent Offenses,Cariboo,RCMP Provincial,Williams Lake Prov,2013,178.0
Property Offenses,Fraser Valley,Independent Municipal,Abbotsford Mun,2013,5111.0
Property Offenses,Fraser Valley,RCMP Provincial,Agassiz Prov,2013,255.0
Property Offenses,Mount Waddington,RCMP Provincial,Alert Bay Prov,2013,97.0
Property Offenses,Cariboo,RCMP Provincial,Alexis Creek Prov,2013,188.0
Property Offenses,Cariboo,RCMP Provincial,Anahim Lake Prov,2013,63.0
Property Offenses,North Okanagan,RCMP Provincial,Armstrong Prov,2013,142.0
Property Offenses,Thompson Nicola,RCMP Provincial,Ashcroft Prov,2013,90.0
Property Offenses,Kitimat Stikine,RCMP Provincial,Atlin Prov,2013,26.0
Property Offenses,Thompson Nicola,RCMP Provincial,Barriere Prov,2013,122.0
Property Offenses,Central Coast,RCMP Provincial,Bella Bella Prov,2013,123.0
Property Offenses,Central Coast,RCMP Provincial,Bella Coola Prov,2013,99.0
Property Offenses,Fraser Valley,RCMP Provincial,Boston Bar Prov,2013,58.0
Property Offenses,Kootenay Boundary,RCMP Provincial,Boundary/Grand Forks Prov,2013,277.0
Property Offenses,Kootenay Boundary,RCMP Provincial,Boundary/Midway Prov,2013,76.0
Property Offenses,Metro Vancouver,RCMP Provincial,Bowen Island Prov,2013,55.0
Property Offenses,Metro Vancouver,RCMP Municipal,Burnaby Mun,2013,10680.0
Property Offenses,Bulkley Nechako,RCMP Provincial,Burns Lake Prov,2013,420.0
Property Offenses,Strathcona,RCMP Municipal,Campbell River Mun,2013,1432.0
Property Offenses,Strathcona,RCMP Provincial,Campbell River Prov,2013,183.0
Property Offenses,Central Kootenay,RCMP Municipal,Castlegar Mun,2013,336.0
Property Offenses,Central Kootenay,RCMP Provincial,Castlegar Prov,2013,106.0
Property Offenses,Capital,Independent Municipal,Central Saanich Mun,2013,322.0
Property Offenses,Thompson Nicola,RCMP Provincial,Chase Prov,2013,343.0
Property Offenses,Peace River,RCMP Provincial,Chetwynd Prov,2013,286.0
Property Offenses,Fraser Valley,RCMP Municipal,Chilliwack Mun,2013,5252.0
Property Offenses,Fraser Valley,RCMP Provincial,Chilliwack Prov,2013,436.0
Property Offenses,Thompson Nicola,RCMP Provincial,Clearwater Prov,2013,145.0
Property Offenses,Thompson Nicola,RCMP Provincial,Clinton Prov,2013,52.0
Property Offenses,North Okanagan,RCMP Municipal,Coldstream Mun,2013,206.0
Property Offenses,East Kootenay,RCMP Provincial,Columbia Valley Prov,2013,410.0
Property Offenses,Capital,RCMP Municipal,Colwood Mun,2013,360.0
Property Offenses,Comox Valley,RCMP Municipal,Comox Mun,2013,266.0
Property Offenses,Comox Valley,RCMP Provincial,Comox Valley Prov,2013,432.0
Property Offenses,Metro Vancouver,RCMP Municipal,Coquitlam Mun,2013,5172.0
Property Offenses,Metro Vancouver,RCMP Provincial,Coquitlam Prov,2013,53.0
Property Offenses,Comox Valley,RCMP Municipal,Courtenay Mun,2013,1382.0
Property Offenses,East Kootenay,RCMP Municipal,Cranbrook Mun,2013,912.0
Property Offenses,East Kootenay,RCMP Provincial,Cranbrook Prov,2013,162.0
Property Offenses,Central Kootenay,RCMP Municipal,Creston Mun,2013,314.0
Property Offenses,Central Kootenay,RCMP Provincial,Creston Prov,2013,210.0
Property Offenses,Peace River,RCMP Municipal,Dawson Creek Mun,2013,621.0
Property Offenses,Peace River,RCMP Provincial,Dawson Creek Prov,2013,156.0
Property Offenses,Kitimat Stikine,RCMP Provincial,Dease Lake Prov,2013,37.0
Property Offenses,Metro Vancouver,Independent Municipal,Delta Mun,2013,3245.0
Property Offenses,Cowichan Valley,RCMP Provincial,Duncan Prov,2013,979.0
Property Offenses,East Kootenay,RCMP Provincial,Elk Valley Prov,2013,395.0
Property Offenses,North Okanagan,RCMP Provincial,Enderby Prov,2013,230.0
Property Offenses,Columbia Shuswap,RCMP Provincial,Falkland Prov,2013,62.0
Property Offenses,Bulkley Nechako,RCMP Provincial,Fort St James Prov,2013,442.0
Property Offenses,Peace River,RCMP Municipal,Fort St John Mun,2013,1425.0
Property Offenses,Peace River,RCMP Provincial,Fort St John Prov,2013,351.0
Property Offenses,Bulkley Nechako,RCMP Provincial,Fraser Lake Prov,2013,86.0
Property Offenses,Nanaimo,RCMP Provincial,Gabriola Island Prov,2013,112.0
Property Offenses,Columbia Shuswap,RCMP Provincial,Golden Prov,2013,247.0
Property Offenses,Fraser Valley,RCMP Municipal,Hope Mun,2013,364.0
Property Offenses,Fraser Valley,RCMP Provincial,Hope  Prov,2013,78.0
Property Offenses,Bulkley Nechako,RCMP Provincial,Houston/Granisle Prov,2013,142.0
Property Offenses,Peace River,RCMP Provincial,Hudson's Hope Prov,2013,46.0
Property Offenses,Thompson Nicola,RCMP Municipal,Kamloops Mun,2013,5475.0
Property Offenses,Central Kootenay,RCMP Provincial,Kaslo Prov,2013,145.0
Property Offenses,Central Okanagan,RCMP Municipal,Kelowna Mun,2013,6793.0
Property Offenses,Central Okanagan,RCMP Provincial,Kelowna Prov,2013,754.0
Property Offenses,Fraser Valley,RCMP Municipal,Kent Mun,2013,161.0
Property Offenses,Okanagan Similkameen,RCMP Provincial,Keremeos Prov,2013,191.0
Property Offenses,East Kootenay,RCMP Municipal,Kimberley Mun,2013,196.0
Property Offenses,East Kootenay,RCMP Provincial,Kimberley Prov,2013,46.0
Property Offenses,Kitimat Stikine,RCMP Municipal,Kitimat Mun,2013,405.0
Property Offenses,Kitimat Stikine,RCMP Provincial,Kitimat Prov,2013,18.0
Property Offenses,Cowichan Valley,RCMP Municipal,Ladysmith Mun,2013,248.0
Property Offenses,Cowichan Valley,RCMP Provincial,Ladysmith Prov,2013,137.0
Property Offenses,Central Okanagan,RCMP Municipal,Lake Country Mun,2013,358.0
Property Offenses,Cowichan Valley,RCMP Provincial,Lake Cowichan Prov,2013,278.0
Property Offenses,Capital,RCMP Municipal,Langford Mun,2013,1186.0
Property Offenses,Metro Vancouver,RCMP Municipal,Langley City Mun,2013,2441.0
Property Offenses,Metro Vancouver,RCMP Municipal,Langley Township Mun,2013,5382.0
Property Offenses,Squamish Lillooet,RCMP Provincial,Lillooet Prov,2013,170.0
Property Offenses,Kitimat Stikine,RCMP Provincial,Lisims/Nass Valley Prov,2013,192.0
Property Offenses,Thompson Nicola,RCMP Provincial,Logan Lake Prov,2013,60.0
Property Offenses,North Okanagan,RCMP Provincial,Lumby Prov,2013,125.0
Property Offenses,Thompson Nicola,RCMP Provincial,Lytton Prov,2013,68.0
Property Offenses,Fraser Fort George,RCMP Provincial,Mackenzie Prov,2013,170.0
Property Offenses,Metro Vancouver,RCMP Municipal,Maple Ridge Mun,2013,3105.0
Property Offenses,North Coast Regional District (22),RCMP Provincial,Masset Prov,2013,110.0
Property Offenses,Fraser Fort George,RCMP Provincial,McBride Prov,2013,72.0
Property Offenses,Thompson Nicola,RCMP Municipal,Merritt Mun,2013,574.0
Property Offenses,Thompson Nicola,RCMP Provincial,Merritt Prov,2013,150.0
Property Offenses,Fraser Valley,RCMP Municipal,Mission Mun,2013,2135.0
Property Offenses,Fraser Valley,RCMP Provincial,Mission Prov,2013,111.0
Property Offenses,Central Kootenay,RCMP Provincial,Nakusp Prov,2013,128.0
Property Offenses,Nanaimo,RCMP Municipal,Nanaimo Mun,2013,5167.0
Property Offenses,Nanaimo,RCMP Provincial,Nanaimo Prov,2013,259.0
Property Offenses,Central Kootenay,Independent Municipal,Nelson Mun,2013,603.0
Property Offenses,Central Kootenay,RCMP Provincial,Nelson Prov,2013,150.0
Property Offenses,Kitimat Stikine,RCMP Provincial,New Hazelton Prov,2013,488.0
Property Offenses,Metro Vancouver,Independent Municipal,New Westminster Mun,2013,3509.0
Property Offenses,Strathcona,RCMP Provincial,Nootka Sound Prov,2013,56.0
Property Offenses,Cowichan Valley,RCMP Municipal,North Cowichan Mun,2013,1108.0
Property Offenses,Capital,RCMP Municipal,North Saanich Mun,2013,175.0
Property Offenses,Metro Vancouver,RCMP Municipal,North Vancouver City Mun,2013,1865.0
Property Offenses,Metro Vancouver,RCMP Municipal,North Vancouver District Mun,2013,2085.0
Property Offenses,Metro Vancouver,RCMP Provincial,North Vancouver Prov,2013,153.0
Property Offenses,Northern Rockies,RCMP Municipal,Northern Rockies Mun,2013,284.0
Property Offenses,Northern Rockies,RCMP Provincial,Northern Rockies Prov,2013,209.0
Property Offenses,Capital,Independent Municipal,Oak Bay Mun,2013,427.0
Property Offenses,Nanaimo,RCMP Provincial,Oceanside Prov,2013,531.0
Property Offenses,Cariboo,RCMP Provincial,One Hundred Mile House Prov,2013,327.0
Property Offenses,Capital,RCMP Provincial,Outer Gulf  Islands Prov,2013,112.0
Property Offenses,Nanaimo,RCMP Municipal,Parksville Mun,2013,565.0
Property Offenses,Central Okanagan,RCMP Municipal,Peachland Mun,2013,123.0
Property Offenses,Squamish Lillooet,RCMP Provincial,Pemberton Prov,2013,109.0
Property Offenses,Okanagan Similkameen,RCMP Municipal,Penticton Mun,2013,2102.0
Property Offenses,Okanagan Similkameen,RCMP Provincial,Penticton Prov,2013,262.0
Property Offenses,Metro Vancouver,RCMP Municipal,Pitt Meadows Mun,2013,585.0
Property Offenses,Alberni Clayoquot,RCMP Municipal,Port Alberni Mun,2013,1039.0
Property Offenses,Alberni Clayoquot,RCMP Provincial,Port Alberni Prov,2013,215.0
Property Offenses,Mount Waddington,RCMP Provincial,Port Alice Prov,2013,37.0
Property Offenses,Metro Vancouver,RCMP Municipal,Port Coquitlam Mun,2013,2198.0
Property Offenses,Mount Waddington,RCMP Provincial,Port Hardy Prov,2013,331.0
Property Offenses,Mount Waddington,RCMP Provincial,Port McNeill Prov,2013,133.0
Property Offenses,Metro Vancouver,Independent Municipal,Port Moody Mun,2013,708.0
Property Offenses,Powell River,RCMP Municipal,Powell River Mun,2013,520.0
Property Offenses,Powell River,RCMP Provincial,Powell River Prov,2013,154.0
Property Offenses,Fraser Fort George,RCMP Municipal,Prince George Mun,2013,4482.0
Property Offenses,Fraser Fort George,RCMP Provincial,Prince George Prov,2013,246.0
Property Offenses,North Coast Regional District (22),RCMP Municipal,Prince Rupert Mun,2013,919.0
Property Offenses,North Coast Regional District (22),RCMP Provincial,Prince Rupert Prov,2013,85.0
Property Offenses,Okanagan Similkameen,RCMP Provincial,Princeton Prov,2013,183.0
Property Offenses,Strathcona,RCMP Provincial,Quadra Island Prov,2013,45.0
Property Offenses,Nanaimo,RCMP Municipal,Qualicum Beach Mun,2013,196.0
Property Offenses,North Coast Regional District (22),RCMP Provincial,Queen Charlotte Prov,2013,90.0
Property Offenses,Cariboo,RCMP Municipal,Quesnel Mun,2013,777.0
Property Offenses,Cariboo,RCMP Provincial,Quesnel Prov,2013,313.0
Property Offenses,Columbia Shuswap,RCMP Municipal,Revelstoke Mun,2013,268.0
Property Offenses,Columbia Shuswap,RCMP Provincial,Revelstoke Prov,2013,30.0
Property Offenses,Metro Vancouver,RCMP Municipal,Richmond Mun,2013,7151.0
Property Offenses,Metro Vancouver,RCMP Provincial,Ridge Meadows Prov,2013,914.0
Property Offenses,Capital,Independent Municipal,Saanich Mun,2013,3142.0
Property Offenses,Central Kootenay,RCMP Provincial,Salmo Prov,2013,120.0
Property Offenses,Columbia Shuswap,RCMP Municipal,Salmon Arm Mun,2013,632.0
Property Offenses,Columbia Shuswap,RCMP Provincial,Salmon Arm Prov,2013,190.0
Property Offenses,Capital,RCMP Provincial,Saltspring Island Prov,2013,224.0
Property Offenses,Strathcona,RCMP Provincial,Sayward Prov,2013,29.0
Property Offenses,Sunshine Coast,RCMP Municipal,Sechelt Mun,2013,326.0
Property Offenses,Cowichan Valley,RCMP Provincial,Shawnigan Lake Prov,2013,343.0
Property Offenses,Columbia Shuswap,RCMP Provincial,Sicamous Prov,2013,153.0
Property Offenses,Capital,RCMP Municipal,Sidney Mun,2013,340.0
Property Offenses,Capital,RCMP Provincial,Sidney Prov,2013,68.0
Property Offenses,Central Kootenay,RCMP Provincial,Slocan Lake Prov,2013,69.0
Property Offenses,Bulkley Nechako,RCMP Municipal,Smithers Mun,2013,450.0
Property Offenses,Bulkley Nechako,RCMP Provincial,Smithers Prov,2013,180.0
Property Offenses,Capital,RCMP Municipal,Sooke Mun,2013,453.0
Property Offenses,Capital,RCMP Provincial,Sooke Prov,2013,90.0
Property Offenses,Okanagan Similkameen,RCMP Provincial,South Okanagan/Oliver,2013,335.0
Property Offenses,Okanagan Similkameen,RCMP Provincial,South Okanagan/Osoyoos,2013,348.0
Property Offenses,North Okanagan,RCMP Municipal,Spallumcheen Mun,2013,96.0
Property Offenses,Squamish Lillooet,RCMP Municipal,Squamish Mun,2013,992.0
Property Offenses,Squamish Lillooet,RCMP Provincial,Squamish Prov,2013,99.0
Property Offenses,Kitimat Stikine,RCMP Provincial,Stewart Prov,2013,34.0
Property Offenses,Squamish Lillooet,First Nations Aboriginal Police Service,Stl'atl'imx FNAPS,2013,90.0
Property Offenses,Okanagan Similkameen,RCMP Municipal,Summerland Mun,2013,221.0
Property Offenses,Sunshine Coast,RCMP Provincial,Sunshine Coast Prov,2013,466.0
Property Offenses,Metro Vancouver,RCMP Municipal,Surrey Mun,2013,28830.0
Property Offenses,Bulkley Nechako,RCMP Provincial,Takla Landing Prov,2013,40.0
Property Offenses,Kitimat Stikine,RCMP Municipal,Terrace Mun,2013,957.0
Property Offenses,Kitimat Stikine,RCMP Provincial,Terrace Prov,2013,262.0
Property Offenses,Powell River,RCMP Provincial,Texada Island Prov,2013,30.0
Property Offenses,Thompson Nicola,RCMP Provincial,T'Kumlups Prov,2013,360.0
Property Offenses,Alberni Clayoquot,RCMP Provincial,Tofino Prov,2013,225.0
Property Offenses,Kootenay Boundary,RCMP Municipal,Trail Mun,2013,319.0
Property Offenses,Kootenay Boundary,RCMP Provincial,Trail and Greater District,2013,189.0
Property Offenses,Fraser Fort George,RCMP Provincial,Tsay Keh Dene Prov,2013,43.0
Property Offenses,Peace River,RCMP Provincial,Tumbler Ridge Prov,2013,83.0
Property Offenses,Alberni Clayoquot,RCMP Provincial,Ucluelet Prov,2013,69.0
Property Offenses,Metro Vancouver,RCMP Provincial,University Prov,2013,1041.0
Property Offenses,Fraser Fort George,RCMP Provincial,Valemount Prov,2013,77.0
Property Offenses,Metro Vancouver,Independent Municipal,Vancouver Mun,2013,33022.0
Property Offenses,Bulkley Nechako,RCMP Provincial,Vanderhoof Prov,2013,324.0
Property Offenses,North Okanagan,RCMP Municipal,Vernon Mun,2013,2574.0
Property Offenses,North Okanagan,RCMP Provincial,Vernon Prov,2013,265.0
Property Offenses,Capital,Independent Municipal,Victoria Mun,2013,5673.0
Property Offenses,Capital,RCMP Municipal,View Royal Mun,2013,330.0
Property Offenses,Cariboo,RCMP Provincial,Wells Prov,2013,10.0
Property Offenses,Central Okanagan,RCMP Municipal,West Kelowna Mun,2013,849.0
Property Offenses,Capital,RCMP Provincial,West Shore Prov,2013,142.0
Property Offenses,Metro Vancouver,Independent Municipal,West Vancouver Mun,2013,1237.0
Property Offenses,Squamish Lillooet,RCMP Municipal,Whistler Mun,2013,856.0
Property Offenses,Squamish Lillooet,RCMP Provincial,Whistler Prov,2013,51.0
Property Offenses,Metro Vancouver,RCMP Municipal,White Rock Mun,2013,732.0
Property Offenses,Cariboo,RCMP Municipal,Williams Lake Mun,2013,1103.0
Property Offenses,Cariboo,RCMP Provincial,Williams Lake Prov,2013,283.0
Other CCC Offenses,Fraser Valley,Independent Municipal,Abbotsford Mun,2013,918.0
Other CCC Offenses,Fraser Valley,RCMP Provincial,Agassiz Prov,2013,119.0
Other CCC Offenses,Mount Waddington,RCMP Provincial,Alert Bay Prov,2013,75.0
Other CCC Offenses,Cariboo,RCMP Provincial,Alexis Creek Prov,2013,66.0
Other CCC Offenses,Cariboo,RCMP Provincial,Anahim Lake Prov,2013,44.0
Other CCC Offenses,North Okanagan,RCMP Provincial,Armstrong Prov,2013,54.0
Other CCC Offenses,Thompson Nicola,RCMP Provincial,Ashcroft Prov,2013,47.0
Other CCC Offenses,Kitimat Stikine,RCMP Provincial,Atlin Prov,2013,22.0
Other CCC Offenses,Thompson Nicola,RCMP Provincial,Barriere Prov,2013,28.0
Other CCC Offenses,Central Coast,RCMP Provincial,Bella Bella Prov,2013,71.0
Other CCC Offenses,Central Coast,RCMP Provincial,Bella Coola Prov,2013,33.0
Other CCC Offenses,Fraser Valley,RCMP Provincial,Boston Bar Prov,2013,18.0
Other CCC Offenses,Kootenay Boundary,RCMP Provincial,Boundary/Grand Forks Prov,2013,68.0
Other CCC Offenses,Kootenay Boundary,RCMP Provincial,Boundary/Midway Prov,2013,31.0
Other CCC Offenses,Metro Vancouver,RCMP Provincial,Bowen Island Prov,2013,13.0
Other CCC Offenses,Metro Vancouver,RCMP Municipal,Burnaby Mun,2013,1178.0
Other CCC Offenses,Bulkley Nechako,RCMP Provincial,Burns Lake Prov,2013,327.0
Other CCC Offenses,Strathcona,RCMP Municipal,Campbell River Mun,2013,1166.0
Other CCC Offenses,Strathcona,RCMP Provincial,Campbell River Prov,2013,124.0
Other CCC Offenses,Central Kootenay,RCMP Municipal,Castlegar Mun,2013,182.0
Other CCC Offenses,Central Kootenay,RCMP Provincial,Castlegar Prov,2013,49.0
Other CCC Offenses,Capital,Independent Municipal,Central Saanich Mun,2013,42.0
Other CCC Offenses,Thompson Nicola,RCMP Provincial,Chase Prov,2013,110.0
Other CCC Offenses,Peace River,RCMP Provincial,Chetwynd Prov,2013,167.0
Other CCC Offenses,Fraser Valley,RCMP Municipal,Chilliwack Mun,2013,2034.0
Other CCC Offenses,Fraser Valley,RCMP Provincial,Chilliwack Prov,2013,187.0
Other CCC Offenses,Thompson Nicola,RCMP Provincial,Clearwater Prov,2013,96.0
Other CCC Offenses,Thompson Nicola,RCMP Provincial,Clinton Prov,2013,19.0
Other CCC Offenses,North Okanagan,RCMP Municipal,Coldstream Mun,2013,56.0
Other CCC Offenses,East Kootenay,RCMP Provincial,Columbia Valley Prov,2013,148.0
Other CCC Offenses,Capital,RCMP Municipal,Colwood Mun,2013,57.0
Other CCC Offenses,Comox Valley,RCMP Municipal,Comox Mun,2013,101.0
Other CCC Offenses,Comox Valley,RCMP Provincial,Comox Valley Prov,2013,179.0
Other CCC Offenses,Metro Vancouver,RCMP Municipal,Coquitlam Mun,2013,1756.0
Other CCC Offenses,Metro Vancouver,RCMP Provincial,Coquitlam Prov,2013,16.0
Other CCC Offenses,Comox Valley,RCMP Municipal,Courtenay Mun,2013,637.0
Other CCC Offenses,East Kootenay,RCMP Municipal,Cranbrook Mun,2013,385.0
Other CCC Offenses,East Kootenay,RCMP Provincial,Cranbrook Prov,2013,51.0
Other CCC Offenses,Central Kootenay,RCMP Municipal,Creston Mun,2013,114.0
Other CCC Offenses,Central Kootenay,RCMP Provincial,Creston Prov,2013,68.0
Other CCC Offenses,Peace River,RCMP Municipal,Dawson Creek Mun,2013,538.0
Other CCC Offenses,Peace River,RCMP Provincial,Dawson Creek Prov,2013,54.0
Other CCC Offenses,Kitimat Stikine,RCMP Provincial,Dease Lake Prov,2013,51.0
Other CCC Offenses,Metro Vancouver,Independent Municipal,Delta Mun,2013,1027.0
Other CCC Offenses,Cowichan Valley,RCMP Provincial,Duncan Prov,2013,770.0
Other CCC Offenses,East Kootenay,RCMP Provincial,Elk Valley Prov,2013,153.0
Other CCC Offenses,North Okanagan,RCMP Provincial,Enderby Prov,2013,109.0
Other CCC Offenses,Columbia Shuswap,RCMP Provincial,Falkland Prov,2013,17.0
Other CCC Offenses,Bulkley Nechako,RCMP Provincial,Fort St James Prov,2013,472.0
Other CCC Offenses,Peace River,RCMP Municipal,Fort St John Mun,2013,952.0
Other CCC Offenses,Peace River,RCMP Provincial,Fort St John Prov,2013,119.0
Other CCC Offenses,Bulkley Nechako,RCMP Provincial,Fraser Lake Prov,2013,70.0
Other CCC Offenses,Nanaimo,RCMP Provincial,Gabriola Island Prov,2013,28.0
Other CCC Offenses,Columbia Shuswap,RCMP Provincial,Golden Prov,2013,146.0
Other CCC Offenses,Fraser Valley,RCMP Municipal,Hope Mun,2013,208.0
Other CCC Offenses,Fraser Valley,RCMP Provincial,Hope  Prov,2013,37.0
Other CCC Offenses,Bulkley Nechako,RCMP Provincial,Houston/Granisle Prov,2013,181.0
Other CCC Offenses,Peace River,RCMP Provincial,Hudson's Hope Prov,2013,22.0
Other CCC Offenses,Thompson Nicola,RCMP Municipal,Kamloops Mun,2013,2058.0
Other CCC Offenses,Central Kootenay,RCMP Provincial,Kaslo Prov,2013,22.0
Other CCC Offenses,Central Okanagan,RCMP Municipal,Kelowna Mun,2013,2419.0
Other CCC Offenses,Central Okanagan,RCMP Provincial,Kelowna Prov,2013,125.0
Other CCC Offenses,Fraser Valley,RCMP Municipal,Kent Mun,2013,78.0
Other CCC Offenses,Okanagan Similkameen,RCMP Provincial,Keremeos Prov,2013,53.0
Other CCC Offenses,East Kootenay,RCMP Municipal,Kimberley Mun,2013,31.0
Other CCC Offenses,East Kootenay,RCMP Provincial,Kimberley Prov,2013,7.0
Other CCC Offenses,Kitimat Stikine,RCMP Municipal,Kitimat Mun,2013,284.0
Other CCC Offenses,Kitimat Stikine,RCMP Provincial,Kitimat Prov,2013,13.0
Other CCC Offenses,Cowichan Valley,RCMP Municipal,Ladysmith Mun,2013,67.0
Other CCC Offenses,Cowichan Valley,RCMP Provincial,Ladysmith Prov,2013,52.0
Other CCC Offenses,Central Okanagan,RCMP Municipal,Lake Country Mun,2013,56.0
Other CCC Offenses,Cowichan Valley,RCMP Provincial,Lake Cowichan Prov,2013,96.0
Other CCC Offenses,Capital,RCMP Municipal,Langford Mun,2013,245.0
Other CCC Offenses,Metro Vancouver,RCMP Municipal,Langley City Mun,2013,985.0
Other CCC Offenses,Metro Vancouver,RCMP Municipal,Langley Township Mun,2013,1232.0
Other CCC Offenses,Squamish Lillooet,RCMP Provincial,Lillooet Prov,2013,125.0
Other CCC Offenses,Kitimat Stikine,RCMP Provincial,Lisims/Nass Valley Prov,2013,142.0
Other CCC Offenses,Thompson Nicola,RCMP Provincial,Logan Lake Prov,2013,29.0
Other CCC Offenses,North Okanagan,RCMP Provincial,Lumby Prov,2013,53.0
Other CCC Offenses,Thompson Nicola,RCMP Provincial,Lytton Prov,2013,45.0
Other CCC Offenses,Fraser Fort George,RCMP Provincial,Mackenzie Prov,2013,164.0
Other CCC Offenses,Metro Vancouver,RCMP Municipal,Maple Ridge Mun,2013,1576.0
Other CCC Offenses,North Coast Regional District (22),RCMP Provincial,Masset Prov,2013,75.0
Other CCC Offenses,Fraser Fort George,RCMP Provincial,McBride Prov,2013,18.0
Other CCC Offenses,Thompson Nicola,RCMP Municipal,Merritt Mun,2013,294.0
Other CCC Offenses,Thompson Nicola,RCMP Provincial,Merritt Prov,2013,42.0
Other CCC Offenses,Fraser Valley,RCMP Municipal,Mission Mun,2013,727.0
Other CCC Offenses,Fraser Valley,RCMP Provincial,Mission Prov,2013,57.0
Other CCC Offenses,Central Kootenay,RCMP Provincial,Nakusp Prov,2013,39.0
Other CCC Offenses,Nanaimo,RCMP Municipal,Nanaimo Mun,2013,2108.0
Other CCC Offenses,Nanaimo,RCMP Provincial,Nanaimo Prov,2013,76.0
Other CCC Offenses,Central Kootenay,Independent Municipal,Nelson Mun,2013,172.0
Other CCC Offenses,Central Kootenay,RCMP Provincial,Nelson Prov,2013,69.0
Other CCC Offenses,Kitimat Stikine,RCMP Provincial,New Hazelton Prov,2013,468.0
Other CCC Offenses,Metro Vancouver,Independent Municipal,New Westminster Mun,2013,1275.0
Other CCC Offenses,Strathcona,RCMP Provincial,Nootka Sound Prov,2013,48.0
Other CCC Offenses,Cowichan Valley,RCMP Municipal,North Cowichan Mun,2013,607.0
Other CCC Offenses,Capital,RCMP Municipal,North Saanich Mun,2013,75.0
Other CCC Offenses,Metro Vancouver,RCMP Municipal,North Vancouver City Mun,2013,1058.0
Other CCC Offenses,Metro Vancouver,RCMP Municipal,North Vancouver District Mun,2013,693.0
Other CCC Offenses,Metro Vancouver,RCMP Provincial,North Vancouver Prov,2013,103.0
Other CCC Offenses,Northern Rockies,RCMP Municipal,Northern Rockies Mun,2013,175.0
Other CCC Offenses,Northern Rockies,RCMP Provincial,Northern Rockies Prov,2013,177.0
Other CCC Offenses,Capital,Independent Municipal,Oak Bay Mun,2013,33.0
Other CCC Offenses,Nanaimo,RCMP Provincial,Oceanside Prov,2013,130.0
Other CCC Offenses,Cariboo,RCMP Provincial,One Hundred Mile House Prov,2013,114.0
Other CCC Offenses,Capital,RCMP Provincial,Outer Gulf  Islands Prov,2013,21.0
Other CCC Offenses,Nanaimo,RCMP Municipal,Parksville Mun,2013,187.0
Other CCC Offenses,Central Okanagan,RCMP Municipal,Peachland Mun,2013,14.0
Other CCC Offenses,Squamish Lillooet,RCMP Provincial,Pemberton Prov,2013,97.0
Other CCC Offenses,Okanagan Similkameen,RCMP Municipal,Penticton Mun,2013,897.0
Other CCC Offenses,Okanagan Similkameen,RCMP Provincial,Penticton Prov,2013,50.0
Other CCC Offenses,Metro Vancouver,RCMP Municipal,Pitt Meadows Mun,2013,235.0
Other CCC Offenses,Alberni Clayoquot,RCMP Municipal,Port Alberni Mun,2013,794.0
Other CCC Offenses,Alberni Clayoquot,RCMP Provincial,Port Alberni Prov,2013,52.0
Other CCC Offenses,Mount Waddington,RCMP Provincial,Port Alice Prov,2013,13.0
Other CCC Offenses,Metro Vancouver,RCMP Municipal,Port Coquitlam Mun,2013,946.0
Other CCC Offenses,Mount Waddington,RCMP Provincial,Port Hardy Prov,2013,292.0
Other CCC Offenses,Mount Waddington,RCMP Provincial,Port McNeill Prov,2013,49.0
Other CCC Offenses,Metro Vancouver,Independent Municipal,Port Moody Mun,2013,128.0
Other CCC Offenses,Powell River,RCMP Municipal,Powell River Mun,2013,211.0
Other CCC Offenses,Powell River,RCMP Provincial,Powell River Prov,2013,54.0
Other CCC Offenses,Fraser Fort George,RCMP Municipal,Prince George Mun,2013,4052.0
Other CCC Offenses,Fraser Fort George,RCMP Provincial,Prince George Prov,2013,124.0
Other CCC Offenses,North Coast Regional District (22),RCMP Municipal,Prince Rupert Mun,2013,1358.0
Other CCC Offenses,North Coast Regional District (22),RCMP Provincial,Prince Rupert Prov,2013,78.0
Other CCC Offenses,Okanagan Similkameen,RCMP Provincial,Princeton Prov,2013,52.0
Other CCC Offenses,Strathcona,RCMP Provincial,Quadra Island Prov,2013,20.0
Other CCC Offenses,Nanaimo,RCMP Municipal,Qualicum Beach Mun,2013,29.0
Other CCC Offenses,North Coast Regional District (22),RCMP Provincial,Queen Charlotte Prov,2013,30.0
Other CCC Offenses,Cariboo,RCMP Municipal,Quesnel Mun,2013,628.0
Other CCC Offenses,Cariboo,RCMP Provincial,Quesnel Prov,2013,118.0
Other CCC Offenses,Columbia Shuswap,RCMP Municipal,Revelstoke Mun,2013,131.0
Other CCC Offenses,Columbia Shuswap,RCMP Provincial,Revelstoke Prov,2013,6.0
Other CCC Offenses,Metro Vancouver,RCMP Municipal,Richmond Mun,2013,2025.0
Other CCC Offenses,Metro Vancouver,RCMP Provincial,Ridge Meadows Prov,2013,311.0
Other CCC Offenses,Capital,Independent Municipal,Saanich Mun,2013,324.0
Other CCC Offenses,Central Kootenay,RCMP Provincial,Salmo Prov,2013,88.0
Other CCC Offenses,Columbia Shuswap,RCMP Municipal,Salmon Arm Mun,2013,330.0
Other CCC Offenses,Columbia Shuswap,RCMP Provincial,Salmon Arm Prov,2013,52.0
Other CCC Offenses,Capital,RCMP Provincial,Saltspring Island Prov,2013,108.0
Other CCC Offenses,Strathcona,RCMP Provincial,Sayward Prov,2013,4.0
Other CCC Offenses,Sunshine Coast,RCMP Municipal,Sechelt Mun,2013,166.0
Other CCC Offenses,Cowichan Valley,RCMP Provincial,Shawnigan Lake Prov,2013,156.0
Other CCC Offenses,Columbia Shuswap,RCMP Provincial,Sicamous Prov,2013,37.0
Other CCC Offenses,Capital,RCMP Municipal,Sidney Mun,2013,144.0
Other CCC Offenses,Capital,RCMP Provincial,Sidney Prov,2013,98.0
Other CCC Offenses,Central Kootenay,RCMP Provincial,Slocan Lake Prov,2013,28.0
Other CCC Offenses,Bulkley Nechako,RCMP Municipal,Smithers Mun,2013,329.0
Other CCC Offenses,Bulkley Nechako,RCMP Provincial,Smithers Prov,2013,76.0
Other CCC Offenses,Capital,RCMP Municipal,Sooke Mun,2013,75.0
Other CCC Offenses,Capital,RCMP Provincial,Sooke Prov,2013,15.0
Other CCC Offenses,Okanagan Similkameen,RCMP Provincial,South Okanagan/Oliver,2013,123.0
Other CCC Offenses,Okanagan Similkameen,RCMP Provincial,South Okanagan/Osoyoos,2013,107.0
Other CCC Offenses,North Okanagan,RCMP Municipal,Spallumcheen Mun,2013,25.0
Other CCC Offenses,Squamish Lillooet,RCMP Municipal,Squamish Mun,2013,400.0
Other CCC Offenses,Squamish Lillooet,RCMP Provincial,Squamish Prov,2013,25.0
Other CCC Offenses,Kitimat Stikine,RCMP Provincial,Stewart Prov,2013,21.0
Other CCC Offenses,Squamish Lillooet,First Nations Aboriginal Police Service,Stl'atl'imx FNAPS,2013,131.0
Other CCC Offenses,Okanagan Similkameen,RCMP Municipal,Summerland Mun,2013,63.0
Other CCC Offenses,Sunshine Coast,RCMP Provincial,Sunshine Coast Prov,2013,211.0
Other CCC Offenses,Metro Vancouver,RCMP Municipal,Surrey Mun,2013,7663.0
Other CCC Offenses,Bulkley Nechako,RCMP Provincial,Takla Landing Prov,2013,42.0
Other CCC Offenses,Kitimat Stikine,RCMP Municipal,Terrace Mun,2013,822.0
Other CCC Offenses,Kitimat Stikine,RCMP Provincial,Terrace Prov,2013,161.0
Other CCC Offenses,Powell River,RCMP Provincial,Texada Island Prov,2013,7.0
Other CCC Offenses,Thompson Nicola,RCMP Provincial,T'Kumlups Prov,2013,97.0
Other CCC Offenses,Alberni Clayoquot,RCMP Provincial,Tofino Prov,2013,208.0
Other CCC Offenses,Kootenay Boundary,RCMP Municipal,Trail Mun,2013,244.0
Other CCC Offenses,Kootenay Boundary,RCMP Provincial,Trail and Greater District,2013,122.0
Other CCC Offenses,Fraser Fort George,RCMP Provincial,Tsay Keh Dene Prov,2013,79.0
Other CCC Offenses,Peace River,RCMP Provincial,Tumbler Ridge Prov,2013,36.0
Other CCC Offenses,Alberni Clayoquot,RCMP Provincial,Ucluelet Prov,2013,55.0
Other CCC Offenses,Metro Vancouver,RCMP Provincial,University Prov,2013,159.0
Other CCC Offenses,Fraser Fort George,RCMP Provincial,Valemount Prov,2013,23.0
Other CCC Offenses,Metro Vancouver,Independent Municipal,Vancouver Mun,2013,7548.0
Other CCC Offenses,Bulkley Nechako,RCMP Provincial,Vanderhoof Prov,2013,609.0
Other CCC Offenses,North Okanagan,RCMP Municipal,Vernon Mun,2013,1021.0
Other CCC Offenses,North Okanagan,RCMP Provincial,Vernon Prov,2013,60.0
Other CCC Offenses,Capital,Independent Municipal,Victoria Mun,2013,1586.0
Other CCC Offenses,Capital,RCMP Municipal,View Royal Mun,2013,70.0
Other CCC Offenses,Cariboo,RCMP Provincial,Wells Prov,2013,11.0
Other CCC Offenses,Central Okanagan,RCMP Municipal,West Kelowna Mun,2013,191.0
Other CCC Offenses,Capital,RCMP Provincial,West Shore Prov,2013,40.0
Other CCC Offenses,Metro Vancouver,Independent Municipal,West Vancouver Mun,2013,215.0
Other CCC Offenses,Squamish Lillooet,RCMP Municipal,Whistler Mun,2013,363.0
Other CCC Offenses,Squamish Lillooet,RCMP Provincial,Whistler Prov,2013,3.0
Other CCC Offenses,Metro Vancouver,RCMP Municipal,White Rock Mun,2013,167.0
Other CCC Offenses,Cariboo,RCMP Municipal,Williams Lake Mun,2013,1563.0
Other CCC Offenses,Cariboo,RCMP Provincial,Williams Lake Prov,2013,162.0
Homicide,Fraser Valley,Independent Municipal,Abbotsford Mun,2013,2.0
Homicide,Fraser Valley,RCMP Provincial,Agassiz Prov,2013,0.0
Homicide,Mount Waddington,RCMP Provincial,Alert Bay Prov,2013,1.0
Homicide,Cariboo,RCMP Provincial,Alexis Creek Prov,2013,0.0
Homicide,Cariboo,RCMP Provincial,Anahim Lake Prov,2013,0.0
Homicide,North Okanagan,RCMP Provincial,Armstrong Prov,2013,0.0
Homicide,Thompson Nicola,RCMP Provincial,Ashcroft Prov,2013,0.0
Homicide,Kitimat Stikine,RCMP Provincial,Atlin Prov,2013,0.0
Homicide,Thompson Nicola,RCMP Provincial,Barriere Prov,2013,0.0
Homicide,Central Coast,RCMP Provincial,Bella Bella Prov,2013,0.0
Homicide,Central Coast,RCMP Provincial,Bella Coola Prov,2013,0.0
Homicide,Fraser Valley,RCMP Provincial,Boston Bar Prov,2013,0.0
Homicide,Kootenay Boundary,RCMP Provincial,Boundary/Grand Forks Prov,2013,0.0
Homicide,Kootenay Boundary,RCMP Provincial,Boundary/Midway Prov,2013,0.0
Homicide,Metro Vancouver,RCMP Provincial,Bowen Island Prov,2013,0.0
Homicide,Metro Vancouver,RCMP Municipal,Burnaby Mun,2013,1.0
Homicide,Bulkley Nechako,RCMP Provincial,Burns Lake Prov,2013,0.0
Homicide,Strathcona,RCMP Municipal,Campbell River Mun,2013,1.0
Homicide,Strathcona,RCMP Provincial,Campbell River Prov,2013,0.0
Homicide,Central Kootenay,RCMP Municipal,Castlegar Mun,2013,0.0
Homicide,Central Kootenay,RCMP Provincial,Castlegar Prov,2013,0.0
Homicide,Capital,Independent Municipal,Central Saanich Mun,2013,0.0
Homicide,Thompson Nicola,RCMP Provincial,Chase Prov,2013,1.0
Homicide,Peace River,RCMP Provincial,Chetwynd Prov,2013,0.0
Homicide,Fraser Valley,RCMP Municipal,Chilliwack Mun,2013,0.0
Homicide,Fraser Valley,RCMP Provincial,Chilliwack Prov,2013,0.0
Homicide,Thompson Nicola,RCMP Provincial,Clearwater Prov,2013,0.0
Homicide,Thompson Nicola,RCMP Provincial,Clinton Prov,2013,0.0
Homicide,North Okanagan,RCMP Municipal,Coldstream Mun,2013,0.0
Homicide,East Kootenay,RCMP Provincial,Columbia Valley Prov,2013,0.0
Homicide,Capital,RCMP Municipal,Colwood Mun,2013,0.0
Homicide,Comox Valley,RCMP Municipal,Comox Mun,2013,0.0
Homicide,Comox Valley,RCMP Provincial,Comox Valley Prov,2013,0.0
Homicide,Metro Vancouver,RCMP Municipal,Coquitlam Mun,2013,2.0
Homicide,Metro Vancouver,RCMP Provincial,Coquitlam Prov,2013,0.0
Homicide,Comox Valley,RCMP Municipal,Courtenay Mun,2013,0.0
Homicide,East Kootenay,RCMP Municipal,Cranbrook Mun,2013,0.0
Homicide,East Kootenay,RCMP Provincial,Cranbrook Prov,2013,0.0
Homicide,Central Kootenay,RCMP Municipal,Creston Mun,2013,0.0
Homicide,Central Kootenay,RCMP Provincial,Creston Prov,2013,0.0
Homicide,Peace River,RCMP Municipal,Dawson Creek Mun,2013,0.0
Homicide,Peace River,RCMP Provincial,Dawson Creek Prov,2013,0.0
Homicide,Kitimat Stikine,RCMP Provincial,Dease Lake Prov,2013,0.0
Homicide,Metro Vancouver,Independent Municipal,Delta Mun,2013,1.0
Homicide,Cowichan Valley,RCMP Provincial,Duncan Prov,2013,0.0
Homicide,East Kootenay,RCMP Provincial,Elk Valley Prov,2013,0.0
Homicide,North Okanagan,RCMP Provincial,Enderby Prov,2013,0.0
Homicide,Columbia Shuswap,RCMP Provincial,Falkland Prov,2013,0.0
Homicide,Bulkley Nechako,RCMP Provincial,Fort St James Prov,2013,0.0
Homicide,Peace River,RCMP Municipal,Fort St John Mun,2013,1.0
Homicide,Peace River,RCMP Provincial,Fort St John Prov,2013,1.0
Homicide,Bulkley Nechako,RCMP Provincial,Fraser Lake Prov,2013,1.0
Homicide,Nanaimo,RCMP Provincial,Gabriola Island Prov,2013,0.0
Homicide,Columbia Shuswap,RCMP Provincial,Golden Prov,2013,0.0
Homicide,Fraser Valley,RCMP Municipal,Hope Mun,2013,0.0
Homicide,Fraser Valley,RCMP Provincial,Hope  Prov,2013,1.0
Homicide,Bulkley Nechako,RCMP Provincial,Houston/Granisle Prov,2013,0.0
Homicide,Peace River,RCMP Provincial,Hudson's Hope Prov,2013,0.0
Homicide,Thompson Nicola,RCMP Municipal,Kamloops Mun,2013,1.0
Homicide,Central Kootenay,RCMP Provincial,Kaslo Prov,2013,0.0
Homicide,Central Okanagan,RCMP Municipal,Kelowna Mun,2013,1.0
Homicide,Central Okanagan,RCMP Provincial,Kelowna Prov,2013,0.0
Homicide,Fraser Valley,RCMP Municipal,Kent Mun,2013,0.0
Homicide,Okanagan Similkameen,RCMP Provincial,Keremeos Prov,2013,0.0
Homicide,East Kootenay,RCMP Municipal,Kimberley Mun,2013,1.0
Homicide,East Kootenay,RCMP Provincial,Kimberley Prov,2013,0.0
Homicide,Kitimat Stikine,RCMP Municipal,Kitimat Mun,2013,0.0
Homicide,Kitimat Stikine,RCMP Provincial,Kitimat Prov,2013,0.0
Homicide,Cowichan Valley,RCMP Municipal,Ladysmith Mun,2013,0.0
Homicide,Cowichan Valley,RCMP Provincial,Ladysmith Prov,2013,1.0
Homicide,Central Okanagan,RCMP Municipal,Lake Country Mun,2013,0.0
Homicide,Cowichan Valley,RCMP Provincial,Lake Cowichan Prov,2013,0.0
Homicide,Capital,RCMP Municipal,Langford Mun,2013,0.0
Homicide,Metro Vancouver,RCMP Municipal,Langley City Mun,2013,0.0
Homicide,Metro Vancouver,RCMP Municipal,Langley Township Mun,2013,1.0
Homicide,Squamish Lillooet,RCMP Provincial,Lillooet Prov,2013,0.0
Homicide,Kitimat Stikine,RCMP Provincial,Lisims/Nass Valley Prov,2013,0.0
Homicide,Thompson Nicola,RCMP Provincial,Logan Lake Prov,2013,0.0
Homicide,North Okanagan,RCMP Provincial,Lumby Prov,2013,0.0
Homicide,Thompson Nicola,RCMP Provincial,Lytton Prov,2013,0.0
Homicide,Fraser Fort George,RCMP Provincial,Mackenzie Prov,2013,0.0
Homicide,Metro Vancouver,RCMP Municipal,Maple Ridge Mun,2013,1.0
Homicide,North Coast Regional District (22),RCMP Provincial,Masset Prov,2013,0.0
Homicide,Fraser Fort George,RCMP Provincial,McBride Prov,2013,0.0
Homicide,Thompson Nicola,RCMP Municipal,Merritt Mun,2013,0.0
Homicide,Thompson Nicola,RCMP Provincial,Merritt Prov,2013,0.0
Homicide,Fraser Valley,RCMP Municipal,Mission Mun,2013,1.0
Homicide,Fraser Valley,RCMP Provincial,Mission Prov,2013,0.0
Homicide,Central Kootenay,RCMP Provincial,Nakusp Prov,2013,0.0
Homicide,Nanaimo,RCMP Municipal,Nanaimo Mun,2013,3.0
Homicide,Nanaimo,RCMP Provincial,Nanaimo Prov,2013,0.0
Homicide,Central Kootenay,Independent Municipal,Nelson Mun,2013,0.0
Homicide,Central Kootenay,RCMP Provincial,Nelson Prov,2013,0.0
Homicide,Kitimat Stikine,RCMP Provincial,New Hazelton Prov,2013,0.0
Homicide,Metro Vancouver,Independent Municipal,New Westminster Mun,2013,3.0
Homicide,Strathcona,RCMP Provincial,Nootka Sound Prov,2013,0.0
Homicide,Cowichan Valley,RCMP Municipal,North Cowichan Mun,2013,0.0
Homicide,Capital,RCMP Municipal,North Saanich Mun,2013,0.0
Homicide,Metro Vancouver,RCMP Municipal,North Vancouver City Mun,2013,0.0
Homicide,Metro Vancouver,RCMP Municipal,North Vancouver District Mun,2013,1.0
Homicide,Metro Vancouver,RCMP Provincial,North Vancouver Prov,2013,0.0
Homicide,Northern Rockies,RCMP Municipal,Northern Rockies Mun,2013,0.0
Homicide,Northern Rockies,RCMP Provincial,Northern Rockies Prov,2013,0.0
Homicide,Capital,Independent Municipal,Oak Bay Mun,2013,0.0
Homicide,Nanaimo,RCMP Provincial,Oceanside Prov,2013,0.0
Homicide,Cariboo,RCMP Provincial,One Hundred Mile House Prov,2013,0.0
Homicide,Capital,RCMP Provincial,Outer Gulf  Islands Prov,2013,0.0
Homicide,Nanaimo,RCMP Municipal,Parksville Mun,2013,0.0
Homicide,Central Okanagan,RCMP Municipal,Peachland Mun,2013,0.0
Homicide,Squamish Lillooet,RCMP Provincial,Pemberton Prov,2013,0.0
Homicide,Okanagan Similkameen,RCMP Municipal,Penticton Mun,2013,0.0
Homicide,Okanagan Similkameen,RCMP Provincial,Penticton Prov,2013,0.0
Homicide,Metro Vancouver,RCMP Municipal,Pitt Meadows Mun,2013,0.0
Homicide,Alberni Clayoquot,RCMP Municipal,Port Alberni Mun,2013,1.0
Homicide,Alberni Clayoquot,RCMP Provincial,Port Alberni Prov,2013,0.0
Homicide,Mount Waddington,RCMP Provincial,Port Alice Prov,2013,0.0
Homicide,Metro Vancouver,RCMP Municipal,Port Coquitlam Mun,2013,0.0
Homicide,Mount Waddington,RCMP Provincial,Port Hardy Prov,2013,0.0
Homicide,Mount Waddington,RCMP Provincial,Port McNeill Prov,2013,0.0
Homicide,Metro Vancouver,Independent Municipal,Port Moody Mun,2013,0.0
Homicide,Powell River,RCMP Municipal,Powell River Mun,2013,0.0
Homicide,Powell River,RCMP Provincial,Powell River Prov,2013,0.0
Homicide,Fraser Fort George,RCMP Municipal,Prince George Mun,2013,1.0
Homicide,Fraser Fort George,RCMP Provincial,Prince George Prov,2013,0.0
Homicide,North Coast Regional District (22),RCMP Municipal,Prince Rupert Mun,2013,0.0
Homicide,North Coast Regional District (22),RCMP Provincial,Prince Rupert Prov,2013,0.0
Homicide,Okanagan Similkameen,RCMP Provincial,Princeton Prov,2013,3.0
Homicide,Strathcona,RCMP Provincial,Quadra Island Prov,2013,0.0
Homicide,Nanaimo,RCMP Municipal,Qualicum Beach Mun,2013,0.0
Homicide,North Coast Regional District (22),RCMP Provincial,Queen Charlotte Prov,2013,0.0
Homicide,Cariboo,RCMP Municipal,Quesnel Mun,2013,0.0
Homicide,Cariboo,RCMP Provincial,Quesnel Prov,2013,0.0
Homicide,Columbia Shuswap,RCMP Municipal,Revelstoke Mun,2013,0.0
Homicide,Columbia Shuswap,RCMP Provincial,Revelstoke Prov,2013,0.0
Homicide,Metro Vancouver,RCMP Municipal,Richmond Mun,2013,1.0
Homicide,Metro Vancouver,RCMP Provincial,Ridge Meadows Prov,2013,1.0
Homicide,Capital,Independent Municipal,Saanich Mun,2013,0.0
Homicide,Central Kootenay,RCMP Provincial,Salmo Prov,2013,0.0
Homicide,Columbia Shuswap,RCMP Municipal,Salmon Arm Mun,2013,0.0
Homicide,Columbia Shuswap,RCMP Provincial,Salmon Arm Prov,2013,0.0
Homicide,Capital,RCMP Provincial,Saltspring Island Prov,2013,0.0
Homicide,Strathcona,RCMP Provincial,Sayward Prov,2013,0.0
Homicide,Sunshine Coast,RCMP Municipal,Sechelt Mun,2013,0.0
Homicide,Cowichan Valley,RCMP Provincial,Shawnigan Lake Prov,2013,0.0
Homicide,Columbia Shuswap,RCMP Provincial,Sicamous Prov,2013,0.0
Homicide,Capital,RCMP Municipal,Sidney Mun,2013,0.0
Homicide,Capital,RCMP Provincial,Sidney Prov,2013,0.0
Homicide,Central Kootenay,RCMP Provincial,Slocan Lake Prov,2013,0.0
Homicide,Bulkley Nechako,RCMP Municipal,Smithers Mun,2013,0.0
Homicide,Bulkley Nechako,RCMP Provincial,Smithers Prov,2013,0.0
Homicide,Capital,RCMP Municipal,Sooke Mun,2013,0.0
Homicide,Capital,RCMP Provincial,Sooke Prov,2013,0.0
Homicide,Okanagan Similkameen,RCMP Provincial,South Okanagan/Oliver,2013,0.0
Homicide,Okanagan Similkameen,RCMP Provincial,South Okanagan/Osoyoos,2013,0.0
Homicide,North Okanagan,RCMP Municipal,Spallumcheen Mun,2013,0.0
Homicide,Squamish Lillooet,RCMP Municipal,Squamish Mun,2013,0.0
Homicide,Squamish Lillooet,RCMP Provincial,Squamish Prov,2013,0.0
Homicide,Kitimat Stikine,RCMP Provincial,Stewart Prov,2013,0.0
Homicide,Squamish Lillooet,First Nations Aboriginal Police Service,Stl'atl'imx FNAPS,2013,0.0
Homicide,Okanagan Similkameen,RCMP Municipal,Summerland Mun,2013,0.0
Homicide,Sunshine Coast,RCMP Provincial,Sunshine Coast Prov,2013,0.0
Homicide,Metro Vancouver,RCMP Municipal,Surrey Mun,2013,25.0
Homicide,Bulkley Nechako,RCMP Provincial,Takla Landing Prov,2013,1.0
Homicide,Kitimat Stikine,RCMP Municipal,Terrace Mun,2013,1.0
Homicide,Kitimat Stikine,RCMP Provincial,Terrace Prov,2013,1.0
Homicide,Powell River,RCMP Provincial,Texada Island Prov,2013,0.0
Homicide,Thompson Nicola,RCMP Provincial,T'Kumlups Prov,2013,0.0
Homicide,Alberni Clayoquot,RCMP Provincial,Tofino Prov,2013,0.0
Homicide,Kootenay Boundary,RCMP Municipal,Trail Mun,2013,0.0
Homicide,Kootenay Boundary,RCMP Provincial,Trail and Greater District,2013,0.0
Homicide,Fraser Fort George,RCMP Provincial,Tsay Keh Dene Prov,2013,0.0
Homicide,Peace River,RCMP Provincial,Tumbler Ridge Prov,2013,0.0
Homicide,Alberni Clayoquot,RCMP Provincial,Ucluelet Prov,2013,0.0
Homicide,Metro Vancouver,RCMP Provincial,University Prov,2013,0.0
Homicide,Fraser Fort George,RCMP Provincial,Valemount Prov,2013,0.0
Homicide,Metro Vancouver,Independent Municipal,Vancouver Mun,2013,6.0
Homicide,Bulkley Nechako,RCMP Provincial,Vanderhoof Prov,2013,2.0
Homicide,North Okanagan,RCMP Municipal,Vernon Mun,2013,2.0
Homicide,North Okanagan,RCMP Provincial,Vernon Prov,2013,1.0
Homicide,Capital,Independent Municipal,Victoria Mun,2013,1.0
Homicide,Capital,RCMP Municipal,View Royal Mun,2013,0.0
Homicide,Cariboo,RCMP Provincial,Wells Prov,2013,0.0
Homicide,Central Okanagan,RCMP Municipal,West Kelowna Mun,2013,2.0
Homicide,Capital,RCMP Provincial,West Shore Prov,2013,0.0
Homicide,Metro Vancouver,Independent Municipal,West Vancouver Mun,2013,0.0
Homicide,Squamish Lillooet,RCMP Municipal,Whistler Mun,2013,0.0
Homicide,Squamish Lillooet,RCMP Provincial,Whistler Prov,2013,0.0
Homicide,Metro Vancouver,RCMP Municipal,White Rock Mun,2013,0.0
Homicide,Cariboo,RCMP Municipal,Williams Lake Mun,2013,0.0
Homicide,Cariboo,RCMP Provincial,Williams Lake Prov,2013,0.0
Motor Vehicle Theft,Fraser Valley,Independent Municipal,Abbotsford Mun,2013,389.0
Motor Vehicle Theft,Fraser Valley,RCMP Provincial,Agassiz Prov,2013,21.0
Motor Vehicle Theft,Mount Waddington,RCMP Provincial,Alert Bay Prov,2013,3.0
Motor Vehicle Theft,Cariboo,RCMP Provincial,Alexis Creek Prov,2013,38.0
Motor Vehicle Theft,Cariboo,RCMP Provincial,Anahim Lake Prov,2013,2.0
Motor Vehicle Theft,North Okanagan,RCMP Provincial,Armstrong Prov,2013,10.0
Motor Vehicle Theft,Thompson Nicola,RCMP Provincial,Ashcroft Prov,2013,7.0
Motor Vehicle Theft,Kitimat Stikine,RCMP Provincial,Atlin Prov,2013,1.0
Motor Vehicle Theft,Thompson Nicola,RCMP Provincial,Barriere Prov,2013,9.0
Motor Vehicle Theft,Central Coast,RCMP Provincial,Bella Bella Prov,2013,5.0
Motor Vehicle Theft,Central Coast,RCMP Provincial,Bella Coola Prov,2013,3.0
Motor Vehicle Theft,Fraser Valley,RCMP Provincial,Boston Bar Prov,2013,7.0
Motor Vehicle Theft,Kootenay Boundary,RCMP Provincial,Boundary/Grand Forks Prov,2013,14.0
Motor Vehicle Theft,Kootenay Boundary,RCMP Provincial,Boundary/Midway Prov,2013,4.0
Motor Vehicle Theft,Metro Vancouver,RCMP Provincial,Bowen Island Prov,2013,3.0
Motor Vehicle Theft,Metro Vancouver,RCMP Municipal,Burnaby Mun,2013,479.0
Motor Vehicle Theft,Bulkley Nechako,RCMP Provincial,Burns Lake Prov,2013,12.0
Motor Vehicle Theft,Strathcona,RCMP Municipal,Campbell River Mun,2013,28.0
Motor Vehicle Theft,Strathcona,RCMP Provincial,Campbell River Prov,2013,4.0
Motor Vehicle Theft,Central Kootenay,RCMP Municipal,Castlegar Mun,2013,11.0
Motor Vehicle Theft,Central Kootenay,RCMP Provincial,Castlegar Prov,2013,9.0
Motor Vehicle Theft,Capital,Independent Municipal,Central Saanich Mun,2013,8.0
Motor Vehicle Theft,Thompson Nicola,RCMP Provincial,Chase Prov,2013,20.0
Motor Vehicle Theft,Peace River,RCMP Provincial,Chetwynd Prov,2013,30.0
Motor Vehicle Theft,Fraser Valley,RCMP Municipal,Chilliwack Mun,2013,465.0
Motor Vehicle Theft,Fraser Valley,RCMP Provincial,Chilliwack Prov,2013,21.0
Motor Vehicle Theft,Thompson Nicola,RCMP Provincial,Clearwater Prov,2013,12.0
Motor Vehicle Theft,Thompson Nicola,RCMP Provincial,Clinton Prov,2013,4.0
Motor Vehicle Theft,North Okanagan,RCMP Municipal,Coldstream Mun,2013,21.0
Motor Vehicle Theft,East Kootenay,RCMP Provincial,Columbia Valley Prov,2013,20.0
Motor Vehicle Theft,Capital,RCMP Municipal,Colwood Mun,2013,20.0
Motor Vehicle Theft,Comox Valley,RCMP Municipal,Comox Mun,2013,7.0
Motor Vehicle Theft,Comox Valley,RCMP Provincial,Comox Valley Prov,2013,18.0
Motor Vehicle Theft,Metro Vancouver,RCMP Municipal,Coquitlam Mun,2013,237.0
Motor Vehicle Theft,Metro Vancouver,RCMP Provincial,Coquitlam Prov,2013,2.0
Motor Vehicle Theft,Comox Valley,RCMP Municipal,Courtenay Mun,2013,19.0
Motor Vehicle Theft,East Kootenay,RCMP Municipal,Cranbrook Mun,2013,52.0
Motor Vehicle Theft,East Kootenay,RCMP Provincial,Cranbrook Prov,2013,11.0
Motor Vehicle Theft,Central Kootenay,RCMP Municipal,Creston Mun,2013,8.0
Motor Vehicle Theft,Central Kootenay,RCMP Provincial,Creston Prov,2013,12.0
Motor Vehicle Theft,Peace River,RCMP Municipal,Dawson Creek Mun,2013,44.0
Motor Vehicle Theft,Peace River,RCMP Provincial,Dawson Creek Prov,2013,19.0
Motor Vehicle Theft,Kitimat Stikine,RCMP Provincial,Dease Lake Prov,2013,2.0
Motor Vehicle Theft,Metro Vancouver,Independent Municipal,Delta Mun,2013,205.0
Motor Vehicle Theft,Cowichan Valley,RCMP Provincial,Duncan Prov,2013,30.0
Motor Vehicle Theft,East Kootenay,RCMP Provincial,Elk Valley Prov,2013,12.0
Motor Vehicle Theft,North Okanagan,RCMP Provincial,Enderby Prov,2013,18.0
Motor Vehicle Theft,Columbia Shuswap,RCMP Provincial,Falkland Prov,2013,11.0
Motor Vehicle Theft,Bulkley Nechako,RCMP Provincial,Fort St James Prov,2013,17.0
Motor Vehicle Theft,Peace River,RCMP Municipal,Fort St John Mun,2013,110.0
Motor Vehicle Theft,Peace River,RCMP Provincial,Fort St John Prov,2013,77.0
Motor Vehicle Theft,Bulkley Nechako,RCMP Provincial,Fraser Lake Prov,2013,4.0
Motor Vehicle Theft,Nanaimo,RCMP Provincial,Gabriola Island Prov,2013,2.0
Motor Vehicle Theft,Columbia Shuswap,RCMP Provincial,Golden Prov,2013,22.0
Motor Vehicle Theft,Fraser Valley,RCMP Municipal,Hope Mun,2013,26.0
Motor Vehicle Theft,Fraser Valley,RCMP Provincial,Hope  Prov,2013,2.0
Motor Vehicle Theft,Bulkley Nechako,RCMP Provincial,Houston/Granisle Prov,2013,6.0
Motor Vehicle Theft,Peace River,RCMP Provincial,Hudson's Hope Prov,2013,2.0
Motor Vehicle Theft,Thompson Nicola,RCMP Municipal,Kamloops Mun,2013,274.0
Motor Vehicle Theft,Central Kootenay,RCMP Provincial,Kaslo Prov,2013,13.0
Motor Vehicle Theft,Central Okanagan,RCMP Municipal,Kelowna Mun,2013,301.0
Motor Vehicle Theft,Central Okanagan,RCMP Provincial,Kelowna Prov,2013,54.0
Motor Vehicle Theft,Fraser Valley,RCMP Municipal,Kent Mun,2013,7.0
Motor Vehicle Theft,Okanagan Similkameen,RCMP Provincial,Keremeos Prov,2013,10.0
Motor Vehicle Theft,East Kootenay,RCMP Municipal,Kimberley Mun,2013,13.0
Motor Vehicle Theft,East Kootenay,RCMP Provincial,Kimberley Prov,2013,6.0
Motor Vehicle Theft,Kitimat Stikine,RCMP Municipal,Kitimat Mun,2013,35.0
Motor Vehicle Theft,Kitimat Stikine,RCMP Provincial,Kitimat Prov,2013,0.0
Motor Vehicle Theft,Cowichan Valley,RCMP Municipal,Ladysmith Mun,2013,12.0
Motor Vehicle Theft,Cowichan Valley,RCMP Provincial,Ladysmith Prov,2013,8.0
Motor Vehicle Theft,Central Okanagan,RCMP Municipal,Lake Country Mun,2013,44.0
Motor Vehicle Theft,Cowichan Valley,RCMP Provincial,Lake Cowichan Prov,2013,10.0
Motor Vehicle Theft,Capital,RCMP Municipal,Langford Mun,2013,36.0
Motor Vehicle Theft,Metro Vancouver,RCMP Municipal,Langley City Mun,2013,192.0
Motor Vehicle Theft,Metro Vancouver,RCMP Municipal,Langley Township Mun,2013,441.0
Motor Vehicle Theft,Squamish Lillooet,RCMP Provincial,Lillooet Prov,2013,2.0
Motor Vehicle Theft,Kitimat Stikine,RCMP Provincial,Lisims/Nass Valley Prov,2013,6.0
Motor Vehicle Theft,Thompson Nicola,RCMP Provincial,Logan Lake Prov,2013,3.0
Motor Vehicle Theft,North Okanagan,RCMP Provincial,Lumby Prov,2013,17.0
Motor Vehicle Theft,Thompson Nicola,RCMP Provincial,Lytton Prov,2013,4.0
Motor Vehicle Theft,Fraser Fort George,RCMP Provincial,Mackenzie Prov,2013,4.0
Motor Vehicle Theft,Metro Vancouver,RCMP Municipal,Maple Ridge Mun,2013,177.0
Motor Vehicle Theft,North Coast Regional District (22),RCMP Provincial,Masset Prov,2013,10.0
Motor Vehicle Theft,Fraser Fort George,RCMP Provincial,McBride Prov,2013,5.0
Motor Vehicle Theft,Thompson Nicola,RCMP Municipal,Merritt Mun,2013,22.0
Motor Vehicle Theft,Thompson Nicola,RCMP Provincial,Merritt Prov,2013,10.0
Motor Vehicle Theft,Fraser Valley,RCMP Municipal,Mission Mun,2013,161.0
Motor Vehicle Theft,Fraser Valley,RCMP Provincial,Mission Prov,2013,14.0
Motor Vehicle Theft,Central Kootenay,RCMP Provincial,Nakusp Prov,2013,7.0
Motor Vehicle Theft,Nanaimo,RCMP Municipal,Nanaimo Mun,2013,224.0
Motor Vehicle Theft,Nanaimo,RCMP Provincial,Nanaimo Prov,2013,13.0
Motor Vehicle Theft,Central Kootenay,Independent Municipal,Nelson Mun,2013,17.0
Motor Vehicle Theft,Central Kootenay,RCMP Provincial,Nelson Prov,2013,7.0
Motor Vehicle Theft,Kitimat Stikine,RCMP Provincial,New Hazelton Prov,2013,19.0
Motor Vehicle Theft,Metro Vancouver,Independent Municipal,New Westminster Mun,2013,210.0
Motor Vehicle Theft,Strathcona,RCMP Provincial,Nootka Sound Prov,2013,4.0
Motor Vehicle Theft,Cowichan Valley,RCMP Municipal,North Cowichan Mun,2013,38.0
Motor Vehicle Theft,Capital,RCMP Municipal,North Saanich Mun,2013,2.0
Motor Vehicle Theft,Metro Vancouver,RCMP Municipal,North Vancouver City Mun,2013,48.0
Motor Vehicle Theft,Metro Vancouver,RCMP Municipal,North Vancouver District Mun,2013,66.0
Motor Vehicle Theft,Metro Vancouver,RCMP Provincial,North Vancouver Prov,2013,3.0
Motor Vehicle Theft,Northern Rockies,RCMP Municipal,Northern Rockies Mun,2013,16.0
Motor Vehicle Theft,Northern Rockies,RCMP Provincial,Northern Rockies Prov,2013,12.0
Motor Vehicle Theft,Capital,Independent Municipal,Oak Bay Mun,2013,11.0
Motor Vehicle Theft,Nanaimo,RCMP Provincial,Oceanside Prov,2013,23.0
Motor Vehicle Theft,Cariboo,RCMP Provincial,One Hundred Mile House Prov,2013,19.0
Motor Vehicle Theft,Capital,RCMP Provincial,Outer Gulf  Islands Prov,2013,2.0
Motor Vehicle Theft,Nanaimo,RCMP Municipal,Parksville Mun,2013,10.0
Motor Vehicle Theft,Central Okanagan,RCMP Municipal,Peachland Mun,2013,9.0
Motor Vehicle Theft,Squamish Lillooet,RCMP Provincial,Pemberton Prov,2013,4.0
Motor Vehicle Theft,Okanagan Similkameen,RCMP Municipal,Penticton Mun,2013,101.0
Motor Vehicle Theft,Okanagan Similkameen,RCMP Provincial,Penticton Prov,2013,20.0
Motor Vehicle Theft,Metro Vancouver,RCMP Municipal,Pitt Meadows Mun,2013,31.0
Motor Vehicle Theft,Alberni Clayoquot,RCMP Municipal,Port Alberni Mun,2013,27.0
Motor Vehicle Theft,Alberni Clayoquot,RCMP Provincial,Port Alberni Prov,2013,8.0
Motor Vehicle Theft,Mount Waddington,RCMP Provincial,Port Alice Prov,2013,1.0
Motor Vehicle Theft,Metro Vancouver,RCMP Municipal,Port Coquitlam Mun,2013,129.0
Motor Vehicle Theft,Mount Waddington,RCMP Provincial,Port Hardy Prov,2013,7.0
Motor Vehicle Theft,Mount Waddington,RCMP Provincial,Port McNeill Prov,2013,4.0
Motor Vehicle Theft,Metro Vancouver,Independent Municipal,Port Moody Mun,2013,30.0
Motor Vehicle Theft,Powell River,RCMP Municipal,Powell River Mun,2013,17.0
Motor Vehicle Theft,Powell River,RCMP Provincial,Powell River Prov,2013,6.0
Motor Vehicle Theft,Fraser Fort George,RCMP Municipal,Prince George Mun,2013,242.0
Motor Vehicle Theft,Fraser Fort George,RCMP Provincial,Prince George Prov,2013,21.0
Motor Vehicle Theft,North Coast Regional District (22),RCMP Municipal,Prince Rupert Mun,2013,12.0
Motor Vehicle Theft,North Coast Regional District (22),RCMP Provincial,Prince Rupert Prov,2013,2.0
Motor Vehicle Theft,Okanagan Similkameen,RCMP Provincial,Princeton Prov,2013,4.0
Motor Vehicle Theft,Strathcona,RCMP Provincial,Quadra Island Prov,2013,1.0
Motor Vehicle Theft,Nanaimo,RCMP Municipal,Qualicum Beach Mun,2013,5.0
Motor Vehicle Theft,North Coast Regional District (22),RCMP Provincial,Queen Charlotte Prov,2013,2.0
Motor Vehicle Theft,Cariboo,RCMP Municipal,Quesnel Mun,2013,44.0
Motor Vehicle Theft,Cariboo,RCMP Provincial,Quesnel Prov,2013,18.0
Motor Vehicle Theft,Columbia Shuswap,RCMP Municipal,Revelstoke Mun,2013,29.0
Motor Vehicle Theft,Columbia Shuswap,RCMP Provincial,Revelstoke Prov,2013,8.0
Motor Vehicle Theft,Metro Vancouver,RCMP Municipal,Richmond Mun,2013,245.0
Motor Vehicle Theft,Metro Vancouver,RCMP Provincial,Ridge Meadows Prov,2013,55.0
Motor Vehicle Theft,Capital,Independent Municipal,Saanich Mun,2013,56.0
Motor Vehicle Theft,Central Kootenay,RCMP Provincial,Salmo Prov,2013,2.0
Motor Vehicle Theft,Columbia Shuswap,RCMP Municipal,Salmon Arm Mun,2013,47.0
Motor Vehicle Theft,Columbia Shuswap,RCMP Provincial,Salmon Arm Prov,2013,24.0
Motor Vehicle Theft,Capital,RCMP Provincial,Saltspring Island Prov,2013,7.0
Motor Vehicle Theft,Strathcona,RCMP Provincial,Sayward Prov,2013,0.0
Motor Vehicle Theft,Sunshine Coast,RCMP Municipal,Sechelt Mun,2013,13.0
Motor Vehicle Theft,Cowichan Valley,RCMP Provincial,Shawnigan Lake Prov,2013,18.0
Motor Vehicle Theft,Columbia Shuswap,RCMP Provincial,Sicamous Prov,2013,30.0
Motor Vehicle Theft,Capital,RCMP Municipal,Sidney Mun,2013,5.0
Motor Vehicle Theft,Capital,RCMP Provincial,Sidney Prov,2013,3.0
Motor Vehicle Theft,Central Kootenay,RCMP Provincial,Slocan Lake Prov,2013,2.0
Motor Vehicle Theft,Bulkley Nechako,RCMP Municipal,Smithers Mun,2013,11.0
Motor Vehicle Theft,Bulkley Nechako,RCMP Provincial,Smithers Prov,2013,12.0
Motor Vehicle Theft,Capital,RCMP Municipal,Sooke Mun,2013,6.0
Motor Vehicle Theft,Capital,RCMP Provincial,Sooke Prov,2013,7.0
Motor Vehicle Theft,Okanagan Similkameen,RCMP Provincial,South Okanagan/Oliver,2013,24.0
Motor Vehicle Theft,Okanagan Similkameen,RCMP Provincial,South Okanagan/Osoyoos,2013,15.0
Motor Vehicle Theft,North Okanagan,RCMP Municipal,Spallumcheen Mun,2013,5.0
Motor Vehicle Theft,Squamish Lillooet,RCMP Municipal,Squamish Mun,2013,33.0
Motor Vehicle Theft,Squamish Lillooet,RCMP Provincial,Squamish Prov,2013,2.0
Motor Vehicle Theft,Kitimat Stikine,RCMP Provincial,Stewart Prov,2013,1.0
Motor Vehicle Theft,Squamish Lillooet,First Nations Aboriginal Police Service,Stl'atl'imx FNAPS,2013,6.0
Motor Vehicle Theft,Okanagan Similkameen,RCMP Municipal,Summerland Mun,2013,10.0
Motor Vehicle Theft,Sunshine Coast,RCMP Provincial,Sunshine Coast Prov,2013,11.0
Motor Vehicle Theft,Metro Vancouver,RCMP Municipal,Surrey Mun,2013,2921.0
Motor Vehicle Theft,Bulkley Nechako,RCMP Provincial,Takla Landing Prov,2013,3.0
Motor Vehicle Theft,Kitimat Stikine,RCMP Municipal,Terrace Mun,2013,13.0
Motor Vehicle Theft,Kitimat Stikine,RCMP Provincial,Terrace Prov,2013,14.0
Motor Vehicle Theft,Powell River,RCMP Provincial,Texada Island Prov,2013,0.0
Motor Vehicle Theft,Thompson Nicola,RCMP Provincial,T'Kumlups Prov,2013,39.0
Motor Vehicle Theft,Alberni Clayoquot,RCMP Provincial,Tofino Prov,2013,9.0
Motor Vehicle Theft,Kootenay Boundary,RCMP Municipal,Trail Mun,2013,15.0
Motor Vehicle Theft,Kootenay Boundary,RCMP Provincial,Trail and Greater District,2013,7.0
Motor Vehicle Theft,Fraser Fort George,RCMP Provincial,Tsay Keh Dene Prov,2013,2.0
Motor Vehicle Theft,Peace River,RCMP Provincial,Tumbler Ridge Prov,2013,4.0
Motor Vehicle Theft,Alberni Clayoquot,RCMP Provincial,Ucluelet Prov,2013,2.0
Motor Vehicle Theft,Metro Vancouver,RCMP Provincial,University Prov,2013,6.0
Motor Vehicle Theft,Fraser Fort George,RCMP Provincial,Valemount Prov,2013,18.0
Motor Vehicle Theft,Metro Vancouver,Independent Municipal,Vancouver Mun,2013,1071.0
Motor Vehicle Theft,Bulkley Nechako,RCMP Provincial,Vanderhoof Prov,2013,25.0
Motor Vehicle Theft,North Okanagan,RCMP Municipal,Vernon Mun,2013,159.0
Motor Vehicle Theft,North Okanagan,RCMP Provincial,Vernon Prov,2013,19.0
Motor Vehicle Theft,Capital,Independent Municipal,Victoria Mun,2013,129.0
Motor Vehicle Theft,Capital,RCMP Municipal,View Royal Mun,2013,18.0
Motor Vehicle Theft,Cariboo,RCMP Provincial,Wells Prov,2013,0.0
Motor Vehicle Theft,Central Okanagan,RCMP Municipal,West Kelowna Mun,2013,81.0
Motor Vehicle Theft,Capital,RCMP Provincial,West Shore Prov,2013,3.0
Motor Vehicle Theft,Metro Vancouver,Independent Municipal,West Vancouver Mun,2013,26.0
Motor Vehicle Theft,Squamish Lillooet,RCMP Municipal,Whistler Mun,2013,17.0
Motor Vehicle Theft,Squamish Lillooet,RCMP Provincial,Whistler Prov,2013,5.0
Motor Vehicle Theft,Metro Vancouver,RCMP Municipal,White Rock Mun,2013,38.0
Motor Vehicle Theft,Cariboo,RCMP Municipal,Williams Lake Mun,2013,129.0
Motor Vehicle Theft,Cariboo,RCMP Provincial,Williams Lake Prov,2013,40.0
Administration of Justice Offenses,Fraser Valley,Independent Municipal,Abbotsford Mun,2013,398.0
Administration of Justice Offenses,Fraser Valley,RCMP Provincial,Agassiz Prov,2013,11.0
Administration of Justice Offenses,Mount Waddington,RCMP Provincial,Alert Bay Prov,2013,16.0
Administration of Justice Offenses,Cariboo,RCMP Provincial,Alexis Creek Prov,2013,21.0
Administration of Justice Offenses,Cariboo,RCMP Provincial,Anahim Lake Prov,2013,14.0
Administration of Justice Offenses,North Okanagan,RCMP Provincial,Armstrong Prov,2013,14.0
Administration of Justice Offenses,Thompson Nicola,RCMP Provincial,Ashcroft Prov,2013,12.0
Administration of Justice Offenses,Kitimat Stikine,RCMP Provincial,Atlin Prov,2013,8.0
Administration of Justice Offenses,Thompson Nicola,RCMP Provincial,Barriere Prov,2013,8.0
Administration of Justice Offenses,Central Coast,RCMP Provincial,Bella Bella Prov,2013,18.0
Administration of Justice Offenses,Central Coast,RCMP Provincial,Bella Coola Prov,2013,19.0
Administration of Justice Offenses,Fraser Valley,RCMP Provincial,Boston Bar Prov,2013,0.0
Administration of Justice Offenses,Kootenay Boundary,RCMP Provincial,Boundary/Grand Forks Prov,2013,22.0
Administration of Justice Offenses,Kootenay Boundary,RCMP Provincial,Boundary/Midway Prov,2013,13.0
Administration of Justice Offenses,Metro Vancouver,RCMP Provincial,Bowen Island Prov,2013,2.0
Administration of Justice Offenses,Metro Vancouver,RCMP Municipal,Burnaby Mun,2013,290.0
Administration of Justice Offenses,Bulkley Nechako,RCMP Provincial,Burns Lake Prov,2013,57.0
Administration of Justice Offenses,Strathcona,RCMP Municipal,Campbell River Mun,2013,360.0
Administration of Justice Offenses,Strathcona,RCMP Provincial,Campbell River Prov,2013,32.0
Administration of Justice Offenses,Central Kootenay,RCMP Municipal,Castlegar Mun,2013,36.0
Administration of Justice Offenses,Central Kootenay,RCMP Provincial,Castlegar Prov,2013,8.0
Administration of Justice Offenses,Capital,Independent Municipal,Central Saanich Mun,2013,8.0
Administration of Justice Offenses,Thompson Nicola,RCMP Provincial,Chase Prov,2013,37.0
Administration of Justice Offenses,Peace River,RCMP Provincial,Chetwynd Prov,2013,70.0
Administration of Justice Offenses,Fraser Valley,RCMP Municipal,Chilliwack Mun,2013,242.0
Administration of Justice Offenses,Fraser Valley,RCMP Provincial,Chilliwack Prov,2013,34.0
Administration of Justice Offenses,Thompson Nicola,RCMP Provincial,Clearwater Prov,2013,12.0
Administration of Justice Offenses,Thompson Nicola,RCMP Provincial,Clinton Prov,2013,5.0
Administration of Justice Offenses,North Okanagan,RCMP Municipal,Coldstream Mun,2013,16.0
Administration of Justice Offenses,East Kootenay,RCMP Provincial,Columbia Valley Prov,2013,32.0
Administration of Justice Offenses,Capital,RCMP Municipal,Colwood Mun,2013,23.0
Administration of Justice Offenses,Comox Valley,RCMP Municipal,Comox Mun,2013,14.0
Administration of Justice Offenses,Comox Valley,RCMP Provincial,Comox Valley Prov,2013,47.0
Administration of Justice Offenses,Metro Vancouver,RCMP Municipal,Coquitlam Mun,2013,234.0
Administration of Justice Offenses,Metro Vancouver,RCMP Provincial,Coquitlam Prov,2013,1.0
Administration of Justice Offenses,Comox Valley,RCMP Municipal,Courtenay Mun,2013,203.0
Administration of Justice Offenses,East Kootenay,RCMP Municipal,Cranbrook Mun,2013,132.0
Administration of Justice Offenses,East Kootenay,RCMP Provincial,Cranbrook Prov,2013,19.0
Administration of Justice Offenses,Central Kootenay,RCMP Municipal,Creston Mun,2013,35.0
Administration of Justice Offenses,Central Kootenay,RCMP Provincial,Creston Prov,2013,14.0
Administration of Justice Offenses,Peace River,RCMP Municipal,Dawson Creek Mun,2013,133.0
Administration of Justice Offenses,Peace River,RCMP Provincial,Dawson Creek Prov,2013,17.0
Administration of Justice Offenses,Kitimat Stikine,RCMP Provincial,Dease Lake Prov,2013,9.0
Administration of Justice Offenses,Metro Vancouver,Independent Municipal,Delta Mun,2013,158.0
Administration of Justice Offenses,Cowichan Valley,RCMP Provincial,Duncan Prov,2013,178.0
Administration of Justice Offenses,East Kootenay,RCMP Provincial,Elk Valley Prov,2013,29.0
Administration of Justice Offenses,North Okanagan,RCMP Provincial,Enderby Prov,2013,19.0
Administration of Justice Offenses,Columbia Shuswap,RCMP Provincial,Falkland Prov,2013,4.0
Administration of Justice Offenses,Bulkley Nechako,RCMP Provincial,Fort St James Prov,2013,210.0
Administration of Justice Offenses,Peace River,RCMP Municipal,Fort St John Mun,2013,184.0
Administration of Justice Offenses,Peace River,RCMP Provincial,Fort St John Prov,2013,37.0
Administration of Justice Offenses,Bulkley Nechako,RCMP Provincial,Fraser Lake Prov,2013,9.0
Administration of Justice Offenses,Nanaimo,RCMP Provincial,Gabriola Island Prov,2013,7.0
Administration of Justice Offenses,Columbia Shuswap,RCMP Provincial,Golden Prov,2013,18.0
Administration of Justice Offenses,Fraser Valley,RCMP Municipal,Hope Mun,2013,34.0
Administration of Justice Offenses,Fraser Valley,RCMP Provincial,Hope  Prov,2013,4.0
Administration of Justice Offenses,Bulkley Nechako,RCMP Provincial,Houston/Granisle Prov,2013,107.0
Administration of Justice Offenses,Peace River,RCMP Provincial,Hudson's Hope Prov,2013,2.0
Administration of Justice Offenses,Thompson Nicola,RCMP Municipal,Kamloops Mun,2013,422.0
Administration of Justice Offenses,Central Kootenay,RCMP Provincial,Kaslo Prov,2013,7.0
Administration of Justice Offenses,Central Okanagan,RCMP Municipal,Kelowna Mun,2013,601.0
Administration of Justice Offenses,Central Okanagan,RCMP Provincial,Kelowna Prov,2013,27.0
Administration of Justice Offenses,Fraser Valley,RCMP Municipal,Kent Mun,2013,11.0
Administration of Justice Offenses,Okanagan Similkameen,RCMP Provincial,Keremeos Prov,2013,17.0
Administration of Justice Offenses,East Kootenay,RCMP Municipal,Kimberley Mun,2013,7.0
Administration of Justice Offenses,East Kootenay,RCMP Provincial,Kimberley Prov,2013,5.0
Administration of Justice Offenses,Kitimat Stikine,RCMP Municipal,Kitimat Mun,2013,98.0
Administration of Justice Offenses,Kitimat Stikine,RCMP Provincial,Kitimat Prov,2013,5.0
Administration of Justice Offenses,Cowichan Valley,RCMP Municipal,Ladysmith Mun,2013,19.0
Administration of Justice Offenses,Cowichan Valley,RCMP Provincial,Ladysmith Prov,2013,17.0
Administration of Justice Offenses,Central Okanagan,RCMP Municipal,Lake Country Mun,2013,9.0
Administration of Justice Offenses,Cowichan Valley,RCMP Provincial,Lake Cowichan Prov,2013,35.0
Administration of Justice Offenses,Capital,RCMP Municipal,Langford Mun,2013,107.0
Administration of Justice Offenses,Metro Vancouver,RCMP Municipal,Langley City Mun,2013,102.0
Administration of Justice Offenses,Metro Vancouver,RCMP Municipal,Langley Township Mun,2013,150.0
Administration of Justice Offenses,Squamish Lillooet,RCMP Provincial,Lillooet Prov,2013,51.0
Administration of Justice Offenses,Kitimat Stikine,RCMP Provincial,Lisims/Nass Valley Prov,2013,19.0
Administration of Justice Offenses,Thompson Nicola,RCMP Provincial,Logan Lake Prov,2013,4.0
Administration of Justice Offenses,North Okanagan,RCMP Provincial,Lumby Prov,2013,14.0
Administration of Justice Offenses,Thompson Nicola,RCMP Provincial,Lytton Prov,2013,6.0
Administration of Justice Offenses,Fraser Fort George,RCMP Provincial,Mackenzie Prov,2013,69.0
Administration of Justice Offenses,Metro Vancouver,RCMP Municipal,Maple Ridge Mun,2013,172.0
Administration of Justice Offenses,North Coast Regional District (22),RCMP Provincial,Masset Prov,2013,26.0
Administration of Justice Offenses,Fraser Fort George,RCMP Provincial,McBride Prov,2013,7.0
Administration of Justice Offenses,Thompson Nicola,RCMP Municipal,Merritt Mun,2013,121.0
Administration of Justice Offenses,Thompson Nicola,RCMP Provincial,Merritt Prov,2013,23.0
Administration of Justice Offenses,Fraser Valley,RCMP Municipal,Mission Mun,2013,109.0
Administration of Justice Offenses,Fraser Valley,RCMP Provincial,Mission Prov,2013,18.0
Administration of Justice Offenses,Central Kootenay,RCMP Provincial,Nakusp Prov,2013,12.0
Administration of Justice Offenses,Nanaimo,RCMP Municipal,Nanaimo Mun,2013,416.0
Administration of Justice Offenses,Nanaimo,RCMP Provincial,Nanaimo Prov,2013,18.0
Administration of Justice Offenses,Central Kootenay,Independent Municipal,Nelson Mun,2013,78.0
Administration of Justice Offenses,Central Kootenay,RCMP Provincial,Nelson Prov,2013,42.0
Administration of Justice Offenses,Kitimat Stikine,RCMP Provincial,New Hazelton Prov,2013,154.0
Administration of Justice Offenses,Metro Vancouver,Independent Municipal,New Westminster Mun,2013,244.0
Administration of Justice Offenses,Strathcona,RCMP Provincial,Nootka Sound Prov,2013,21.0
Administration of Justice Offenses,Cowichan Valley,RCMP Municipal,North Cowichan Mun,2013,125.0
Administration of Justice Offenses,Capital,RCMP Municipal,North Saanich Mun,2013,16.0
Administration of Justice Offenses,Metro Vancouver,RCMP Municipal,North Vancouver City Mun,2013,187.0
Administration of Justice Offenses,Metro Vancouver,RCMP Municipal,North Vancouver District Mun,2013,63.0
Administration of Justice Offenses,Metro Vancouver,RCMP Provincial,North Vancouver Prov,2013,22.0
Administration of Justice Offenses,Northern Rockies,RCMP Municipal,Northern Rockies Mun,2013,30.0
Administration of Justice Offenses,Northern Rockies,RCMP Provincial,Northern Rockies Prov,2013,46.0
Administration of Justice Offenses,Capital,Independent Municipal,Oak Bay Mun,2013,9.0
Administration of Justice Offenses,Nanaimo,RCMP Provincial,Oceanside Prov,2013,38.0
Administration of Justice Offenses,Cariboo,RCMP Provincial,One Hundred Mile House Prov,2013,28.0
Administration of Justice Offenses,Capital,RCMP Provincial,Outer Gulf  Islands Prov,2013,5.0
Administration of Justice Offenses,Nanaimo,RCMP Municipal,Parksville Mun,2013,57.0
Administration of Justice Offenses,Central Okanagan,RCMP Municipal,Peachland Mun,2013,2.0
Administration of Justice Offenses,Squamish Lillooet,RCMP Provincial,Pemberton Prov,2013,10.0
Administration of Justice Offenses,Okanagan Similkameen,RCMP Municipal,Penticton Mun,2013,194.0
Administration of Justice Offenses,Okanagan Similkameen,RCMP Provincial,Penticton Prov,2013,15.0
Administration of Justice Offenses,Metro Vancouver,RCMP Municipal,Pitt Meadows Mun,2013,25.0
Administration of Justice Offenses,Alberni Clayoquot,RCMP Municipal,Port Alberni Mun,2013,394.0
Administration of Justice Offenses,Alberni Clayoquot,RCMP Provincial,Port Alberni Prov,2013,19.0
Administration of Justice Offenses,Mount Waddington,RCMP Provincial,Port Alice Prov,2013,4.0
Administration of Justice Offenses,Metro Vancouver,RCMP Municipal,Port Coquitlam Mun,2013,129.0
Administration of Justice Offenses,Mount Waddington,RCMP Provincial,Port Hardy Prov,2013,167.0
Administration of Justice Offenses,Mount Waddington,RCMP Provincial,Port McNeill Prov,2013,15.0
Administration of Justice Offenses,Metro Vancouver,Independent Municipal,Port Moody Mun,2013,41.0
Administration of Justice Offenses,Powell River,RCMP Municipal,Powell River Mun,2013,52.0
Administration of Justice Offenses,Powell River,RCMP Provincial,Powell River Prov,2013,21.0
Administration of Justice Offenses,Fraser Fort George,RCMP Municipal,Prince George Mun,2013,1070.0
Administration of Justice Offenses,Fraser Fort George,RCMP Provincial,Prince George Prov,2013,18.0
Administration of Justice Offenses,North Coast Regional District (22),RCMP Municipal,Prince Rupert Mun,2013,177.0
Administration of Justice Offenses,North Coast Regional District (22),RCMP Provincial,Prince Rupert Prov,2013,12.0
Administration of Justice Offenses,Okanagan Similkameen,RCMP Provincial,Princeton Prov,2013,13.0
Administration of Justice Offenses,Strathcona,RCMP Provincial,Quadra Island Prov,2013,4.0
Administration of Justice Offenses,Nanaimo,RCMP Municipal,Qualicum Beach Mun,2013,5.0
Administration of Justice Offenses,North Coast Regional District (22),RCMP Provincial,Queen Charlotte Prov,2013,8.0
Administration of Justice Offenses,Cariboo,RCMP Municipal,Quesnel Mun,2013,116.0
Administration of Justice Offenses,Cariboo,RCMP Provincial,Quesnel Prov,2013,30.0
Administration of Justice Offenses,Columbia Shuswap,RCMP Municipal,Revelstoke Mun,2013,23.0
Administration of Justice Offenses,Columbia Shuswap,RCMP Provincial,Revelstoke Prov,2013,0.0
Administration of Justice Offenses,Metro Vancouver,RCMP Municipal,Richmond Mun,2013,166.0
Administration of Justice Offenses,Metro Vancouver,RCMP Provincial,Ridge Meadows Prov,2013,19.0
Administration of Justice Offenses,Capital,Independent Municipal,Saanich Mun,2013,166.0
Administration of Justice Offenses,Central Kootenay,RCMP Provincial,Salmo Prov,2013,24.0
Administration of Justice Offenses,Columbia Shuswap,RCMP Municipal,Salmon Arm Mun,2013,83.0
Administration of Justice Offenses,Columbia Shuswap,RCMP Provincial,Salmon Arm Prov,2013,9.0
Administration of Justice Offenses,Capital,RCMP Provincial,Saltspring Island Prov,2013,12.0
Administration of Justice Offenses,Strathcona,RCMP Provincial,Sayward Prov,2013,2.0
Administration of Justice Offenses,Sunshine Coast,RCMP Municipal,Sechelt Mun,2013,47.0
Administration of Justice Offenses,Cowichan Valley,RCMP Provincial,Shawnigan Lake Prov,2013,44.0
Administration of Justice Offenses,Columbia Shuswap,RCMP Provincial,Sicamous Prov,2013,7.0
Administration of Justice Offenses,Capital,RCMP Municipal,Sidney Mun,2013,26.0
Administration of Justice Offenses,Capital,RCMP Provincial,Sidney Prov,2013,23.0
Administration of Justice Offenses,Central Kootenay,RCMP Provincial,Slocan Lake Prov,2013,9.0
Administration of Justice Offenses,Bulkley Nechako,RCMP Municipal,Smithers Mun,2013,58.0
Administration of Justice Offenses,Bulkley Nechako,RCMP Provincial,Smithers Prov,2013,21.0
Administration of Justice Offenses,Capital,RCMP Municipal,Sooke Mun,2013,34.0
Administration of Justice Offenses,Capital,RCMP Provincial,Sooke Prov,2013,7.0
Administration of Justice Offenses,Okanagan Similkameen,RCMP Provincial,South Okanagan/Oliver,2013,32.0
Administration of Justice Offenses,Okanagan Similkameen,RCMP Provincial,South Okanagan/Osoyoos,2013,20.0
Administration of Justice Offenses,North Okanagan,RCMP Municipal,Spallumcheen Mun,2013,7.0
Administration of Justice Offenses,Squamish Lillooet,RCMP Municipal,Squamish Mun,2013,86.0
Administration of Justice Offenses,Squamish Lillooet,RCMP Provincial,Squamish Prov,2013,0.0
Administration of Justice Offenses,Kitimat Stikine,RCMP Provincial,Stewart Prov,2013,2.0
Administration of Justice Offenses,Squamish Lillooet,First Nations Aboriginal Police Service,Stl'atl'imx FNAPS,2013,15.0
Administration of Justice Offenses,Okanagan Similkameen,RCMP Municipal,Summerland Mun,2013,10.0
Administration of Justice Offenses,Sunshine Coast,RCMP Provincial,Sunshine Coast Prov,2013,61.0
Administration of Justice Offenses,Metro Vancouver,RCMP Municipal,Surrey Mun,2013,1095.0
Administration of Justice Offenses,Bulkley Nechako,RCMP Provincial,Takla Landing Prov,2013,9.0
Administration of Justice Offenses,Kitimat Stikine,RCMP Municipal,Terrace Mun,2013,257.0
Administration of Justice Offenses,Kitimat Stikine,RCMP Provincial,Terrace Prov,2013,29.0
Administration of Justice Offenses,Powell River,RCMP Provincial,Texada Island Prov,2013,3.0
Administration of Justice Offenses,Thompson Nicola,RCMP Provincial,T'Kumlups Prov,2013,25.0
Administration of Justice Offenses,Alberni Clayoquot,RCMP Provincial,Tofino Prov,2013,96.0
Administration of Justice Offenses,Kootenay Boundary,RCMP Municipal,Trail Mun,2013,80.0
Administration of Justice Offenses,Kootenay Boundary,RCMP Provincial,Trail and Greater District,2013,53.0
Administration of Justice Offenses,Fraser Fort George,RCMP Provincial,Tsay Keh Dene Prov,2013,37.0
Administration of Justice Offenses,Peace River,RCMP Provincial,Tumbler Ridge Prov,2013,7.0
Administration of Justice Offenses,Alberni Clayoquot,RCMP Provincial,Ucluelet Prov,2013,22.0
Administration of Justice Offenses,Metro Vancouver,RCMP Provincial,University Prov,2013,11.0
Administration of Justice Offenses,Fraser Fort George,RCMP Provincial,Valemount Prov,2013,3.0
Administration of Justice Offenses,Metro Vancouver,Independent Municipal,Vancouver Mun,2013,1760.0
Administration of Justice Offenses,Bulkley Nechako,RCMP Provincial,Vanderhoof Prov,2013,107.0
Administration of Justice Offenses,North Okanagan,RCMP Municipal,Vernon Mun,2013,281.0
Administration of Justice Offenses,North Okanagan,RCMP Provincial,Vernon Prov,2013,17.0
Administration of Justice Offenses,Capital,Independent Municipal,Victoria Mun,2013,652.0
Administration of Justice Offenses,Capital,RCMP Municipal,View Royal Mun,2013,19.0
Administration of Justice Offenses,Cariboo,RCMP Provincial,Wells Prov,2013,0.0
Administration of Justice Offenses,Central Okanagan,RCMP Municipal,West Kelowna Mun,2013,49.0
Administration of Justice Offenses,Capital,RCMP Provincial,West Shore Prov,2013,21.0
Administration of Justice Offenses,Metro Vancouver,Independent Municipal,West Vancouver Mun,2013,91.0
Administration of Justice Offenses,Squamish Lillooet,RCMP Municipal,Whistler Mun,2013,19.0
Administration of Justice Offenses,Squamish Lillooet,RCMP Provincial,Whistler Prov,2013,0.0
Administration of Justice Offenses,Metro Vancouver,RCMP Municipal,White Rock Mun,2013,17.0
Administration of Justice Offenses,Cariboo,RCMP Municipal,Williams Lake Mun,2013,349.0
Administration of Justice Offenses,Cariboo,RCMP Provincial,Williams Lake Prov,2013,33.0
Drug Offenses,Fraser Valley,Independent Municipal,Abbotsford Mun,2013,407.0
Drug Offenses,Fraser Valley,RCMP Provincial,Agassiz Prov,2013,73.0
Drug Offenses,Mount Waddington,RCMP Provincial,Alert Bay Prov,2013,8.0
Drug Offenses,Cariboo,RCMP Provincial,Alexis Creek Prov,2013,25.0
Drug Offenses,Cariboo,RCMP Provincial,Anahim Lake Prov,2013,9.0
Drug Offenses,North Okanagan,RCMP Provincial,Armstrong Prov,2013,25.0
Drug Offenses,Thompson Nicola,RCMP Provincial,Ashcroft Prov,2013,11.0
Drug Offenses,Kitimat Stikine,RCMP Provincial,Atlin Prov,2013,9.0
Drug Offenses,Thompson Nicola,RCMP Provincial,Barriere Prov,2013,61.0
Drug Offenses,Central Coast,RCMP Provincial,Bella Bella Prov,2013,13.0
Drug Offenses,Central Coast,RCMP Provincial,Bella Coola Prov,2013,7.0
Drug Offenses,Fraser Valley,RCMP Provincial,Boston Bar Prov,2013,16.0
Drug Offenses,Kootenay Boundary,RCMP Provincial,Boundary/Grand Forks Prov,2013,43.0
Drug Offenses,Kootenay Boundary,RCMP Provincial,Boundary/Midway Prov,2013,28.0
Drug Offenses,Metro Vancouver,RCMP Provincial,Bowen Island Prov,2013,3.0
Drug Offenses,Metro Vancouver,RCMP Municipal,Burnaby Mun,2013,905.0
Drug Offenses,Bulkley Nechako,RCMP Provincial,Burns Lake Prov,2013,27.0
Drug Offenses,Strathcona,RCMP Municipal,Campbell River Mun,2013,318.0
Drug Offenses,Strathcona,RCMP Provincial,Campbell River Prov,2013,36.0
Drug Offenses,Central Kootenay,RCMP Municipal,Castlegar Mun,2013,134.0
Drug Offenses,Central Kootenay,RCMP Provincial,Castlegar Prov,2013,57.0
Drug Offenses,Capital,Independent Municipal,Central Saanich Mun,2013,26.0
Drug Offenses,Thompson Nicola,RCMP Provincial,Chase Prov,2013,51.0
Drug Offenses,Peace River,RCMP Provincial,Chetwynd Prov,2013,29.0
Drug Offenses,Fraser Valley,RCMP Municipal,Chilliwack Mun,2013,424.0
Drug Offenses,Fraser Valley,RCMP Provincial,Chilliwack Prov,2013,47.0
Drug Offenses,Thompson Nicola,RCMP Provincial,Clearwater Prov,2013,42.0
Drug Offenses,Thompson Nicola,RCMP Provincial,Clinton Prov,2013,26.0
Drug Offenses,North Okanagan,RCMP Municipal,Coldstream Mun,2013,8.0
Drug Offenses,East Kootenay,RCMP Provincial,Columbia Valley Prov,2013,66.0
Drug Offenses,Capital,RCMP Municipal,Colwood Mun,2013,92.0
Drug Offenses,Comox Valley,RCMP Municipal,Comox Mun,2013,48.0
Drug Offenses,Comox Valley,RCMP Provincial,Comox Valley Prov,2013,122.0
Drug Offenses,Metro Vancouver,RCMP Municipal,Coquitlam Mun,2013,566.0
Drug Offenses,Metro Vancouver,RCMP Provincial,Coquitlam Prov,2013,16.0
Drug Offenses,Comox Valley,RCMP Municipal,Courtenay Mun,2013,181.0
Drug Offenses,East Kootenay,RCMP Municipal,Cranbrook Mun,2013,127.0
Drug Offenses,East Kootenay,RCMP Provincial,Cranbrook Prov,2013,38.0
Drug Offenses,Central Kootenay,RCMP Municipal,Creston Mun,2013,42.0
Drug Offenses,Central Kootenay,RCMP Provincial,Creston Prov,2013,58.0
Drug Offenses,Peace River,RCMP Municipal,Dawson Creek Mun,2013,126.0
Drug Offenses,Peace River,RCMP Provincial,Dawson Creek Prov,2013,30.0
Drug Offenses,Kitimat Stikine,RCMP Provincial,Dease Lake Prov,2013,35.0
Drug Offenses,Metro Vancouver,Independent Municipal,Delta Mun,2013,484.0
Drug Offenses,Cowichan Valley,RCMP Provincial,Duncan Prov,2013,152.0
Drug Offenses,East Kootenay,RCMP Provincial,Elk Valley Prov,2013,48.0
Drug Offenses,North Okanagan,RCMP Provincial,Enderby Prov,2013,43.0
Drug Offenses,Columbia Shuswap,RCMP Provincial,Falkland Prov,2013,9.0
Drug Offenses,Bulkley Nechako,RCMP Provincial,Fort St James Prov,2013,59.0
Drug Offenses,Peace River,RCMP Municipal,Fort St John Mun,2013,167.0
Drug Offenses,Peace River,RCMP Provincial,Fort St John Prov,2013,46.0
Drug Offenses,Bulkley Nechako,RCMP Provincial,Fraser Lake Prov,2013,30.0
Drug Offenses,Nanaimo,RCMP Provincial,Gabriola Island Prov,2013,15.0
Drug Offenses,Columbia Shuswap,RCMP Provincial,Golden Prov,2013,92.0
Drug Offenses,Fraser Valley,RCMP Municipal,Hope Mun,2013,112.0
Drug Offenses,Fraser Valley,RCMP Provincial,Hope  Prov,2013,48.0
Drug Offenses,Bulkley Nechako,RCMP Provincial,Houston/Granisle Prov,2013,16.0
Drug Offenses,Peace River,RCMP Provincial,Hudson's Hope Prov,2013,7.0
Drug Offenses,Thompson Nicola,RCMP Municipal,Kamloops Mun,2013,851.0
Drug Offenses,Central Kootenay,RCMP Provincial,Kaslo Prov,2013,18.0
Drug Offenses,Central Okanagan,RCMP Municipal,Kelowna Mun,2013,1294.0
Drug Offenses,Central Okanagan,RCMP Provincial,Kelowna Prov,2013,77.0
Drug Offenses,Fraser Valley,RCMP Municipal,Kent Mun,2013,43.0
Drug Offenses,Okanagan Similkameen,RCMP Provincial,Keremeos Prov,2013,38.0
Drug Offenses,East Kootenay,RCMP Municipal,Kimberley Mun,2013,29.0
Drug Offenses,East Kootenay,RCMP Provincial,Kimberley Prov,2013,8.0
Drug Offenses,Kitimat Stikine,RCMP Municipal,Kitimat Mun,2013,64.0
Drug Offenses,Kitimat Stikine,RCMP Provincial,Kitimat Prov,2013,9.0
Drug Offenses,Cowichan Valley,RCMP Municipal,Ladysmith Mun,2013,39.0
Drug Offenses,Cowichan Valley,RCMP Provincial,Ladysmith Prov,2013,57.0
Drug Offenses,Central Okanagan,RCMP Municipal,Lake Country Mun,2013,48.0
Drug Offenses,Cowichan Valley,RCMP Provincial,Lake Cowichan Prov,2013,50.0
Drug Offenses,Capital,RCMP Municipal,Langford Mun,2013,168.0
Drug Offenses,Metro Vancouver,RCMP Municipal,Langley City Mun,2013,239.0
Drug Offenses,Metro Vancouver,RCMP Municipal,Langley Township Mun,2013,406.0
Drug Offenses,Squamish Lillooet,RCMP Provincial,Lillooet Prov,2013,44.0
Drug Offenses,Kitimat Stikine,RCMP Provincial,Lisims/Nass Valley Prov,2013,16.0
Drug Offenses,Thompson Nicola,RCMP Provincial,Logan Lake Prov,2013,19.0
Drug Offenses,North Okanagan,RCMP Provincial,Lumby Prov,2013,18.0
Drug Offenses,Thompson Nicola,RCMP Provincial,Lytton Prov,2013,35.0
Drug Offenses,Fraser Fort George,RCMP Provincial,Mackenzie Prov,2013,44.0
Drug Offenses,Metro Vancouver,RCMP Municipal,Maple Ridge Mun,2013,243.0
Drug Offenses,North Coast Regional District (22),RCMP Provincial,Masset Prov,2013,14.0
Drug Offenses,Fraser Fort George,RCMP Provincial,McBride Prov,2013,19.0
Drug Offenses,Thompson Nicola,RCMP Municipal,Merritt Mun,2013,142.0
Drug Offenses,Thompson Nicola,RCMP Provincial,Merritt Prov,2013,71.0
Drug Offenses,Fraser Valley,RCMP Municipal,Mission Mun,2013,329.0
Drug Offenses,Fraser Valley,RCMP Provincial,Mission Prov,2013,11.0
Drug Offenses,Central Kootenay,RCMP Provincial,Nakusp Prov,2013,20.0
Drug Offenses,Nanaimo,RCMP Municipal,Nanaimo Mun,2013,590.0
Drug Offenses,Nanaimo,RCMP Provincial,Nanaimo Prov,2013,41.0
Drug Offenses,Central Kootenay,Independent Municipal,Nelson Mun,2013,155.0
Drug Offenses,Central Kootenay,RCMP Provincial,Nelson Prov,2013,48.0
Drug Offenses,Kitimat Stikine,RCMP Provincial,New Hazelton Prov,2013,67.0
Drug Offenses,Metro Vancouver,Independent Municipal,New Westminster Mun,2013,437.0
Drug Offenses,Strathcona,RCMP Provincial,Nootka Sound Prov,2013,49.0
Drug Offenses,Cowichan Valley,RCMP Municipal,North Cowichan Mun,2013,169.0
Drug Offenses,Capital,RCMP Municipal,North Saanich Mun,2013,42.0
Drug Offenses,Metro Vancouver,RCMP Municipal,North Vancouver City Mun,2013,295.0
Drug Offenses,Metro Vancouver,RCMP Municipal,North Vancouver District Mun,2013,257.0
Drug Offenses,Metro Vancouver,RCMP Provincial,North Vancouver Prov,2013,34.0
Drug Offenses,Northern Rockies,RCMP Municipal,Northern Rockies Mun,2013,44.0
Drug Offenses,Northern Rockies,RCMP Provincial,Northern Rockies Prov,2013,24.0
Drug Offenses,Capital,Independent Municipal,Oak Bay Mun,2013,30.0
Drug Offenses,Nanaimo,RCMP Provincial,Oceanside Prov,2013,117.0
Drug Offenses,Cariboo,RCMP Provincial,One Hundred Mile House Prov,2013,64.0
Drug Offenses,Capital,RCMP Provincial,Outer Gulf  Islands Prov,2013,18.0
Drug Offenses,Nanaimo,RCMP Municipal,Parksville Mun,2013,64.0
Drug Offenses,Central Okanagan,RCMP Municipal,Peachland Mun,2013,9.0
Drug Offenses,Squamish Lillooet,RCMP Provincial,Pemberton Prov,2013,39.0
Drug Offenses,Okanagan Similkameen,RCMP Municipal,Penticton Mun,2013,200.0
Drug Offenses,Okanagan Similkameen,RCMP Provincial,Penticton Prov,2013,26.0
Drug Offenses,Metro Vancouver,RCMP Municipal,Pitt Meadows Mun,2013,34.0
Drug Offenses,Alberni Clayoquot,RCMP Municipal,Port Alberni Mun,2013,116.0
Drug Offenses,Alberni Clayoquot,RCMP Provincial,Port Alberni Prov,2013,27.0
Drug Offenses,Mount Waddington,RCMP Provincial,Port Alice Prov,2013,8.0
Drug Offenses,Metro Vancouver,RCMP Municipal,Port Coquitlam Mun,2013,271.0
Drug Offenses,Mount Waddington,RCMP Provincial,Port Hardy Prov,2013,33.0
Drug Offenses,Mount Waddington,RCMP Provincial,Port McNeill Prov,2013,61.0
Drug Offenses,Metro Vancouver,Independent Municipal,Port Moody Mun,2013,168.0
Drug Offenses,Powell River,RCMP Municipal,Powell River Mun,2013,88.0
Drug Offenses,Powell River,RCMP Provincial,Powell River Prov,2013,33.0
Drug Offenses,Fraser Fort George,RCMP Municipal,Prince George Mun,2013,526.0
Drug Offenses,Fraser Fort George,RCMP Provincial,Prince George Prov,2013,76.0
Drug Offenses,North Coast Regional District (22),RCMP Municipal,Prince Rupert Mun,2013,176.0
Drug Offenses,North Coast Regional District (22),RCMP Provincial,Prince Rupert Prov,2013,24.0
Drug Offenses,Okanagan Similkameen,RCMP Provincial,Princeton Prov,2013,49.0
Drug Offenses,Strathcona,RCMP Provincial,Quadra Island Prov,2013,12.0
Drug Offenses,Nanaimo,RCMP Municipal,Qualicum Beach Mun,2013,11.0
Drug Offenses,North Coast Regional District (22),RCMP Provincial,Queen Charlotte Prov,2013,21.0
Drug Offenses,Cariboo,RCMP Municipal,Quesnel Mun,2013,161.0
Drug Offenses,Cariboo,RCMP Provincial,Quesnel Prov,2013,76.0
Drug Offenses,Columbia Shuswap,RCMP Municipal,Revelstoke Mun,2013,167.0
Drug Offenses,Columbia Shuswap,RCMP Provincial,Revelstoke Prov,2013,141.0
Drug Offenses,Metro Vancouver,RCMP Municipal,Richmond Mun,2013,939.0
Drug Offenses,Metro Vancouver,RCMP Provincial,Ridge Meadows Prov,2013,93.0
Drug Offenses,Capital,Independent Municipal,Saanich Mun,2013,229.0
Drug Offenses,Central Kootenay,RCMP Provincial,Salmo Prov,2013,168.0
Drug Offenses,Columbia Shuswap,RCMP Municipal,Salmon Arm Mun,2013,149.0
Drug Offenses,Columbia Shuswap,RCMP Provincial,Salmon Arm Prov,2013,51.0
Drug Offenses,Capital,RCMP Provincial,Saltspring Island Prov,2013,12.0
Drug Offenses,Strathcona,RCMP Provincial,Sayward Prov,2013,28.0
Drug Offenses,Sunshine Coast,RCMP Municipal,Sechelt Mun,2013,51.0
Drug Offenses,Cowichan Valley,RCMP Provincial,Shawnigan Lake Prov,2013,107.0
Drug Offenses,Columbia Shuswap,RCMP Provincial,Sicamous Prov,2013,28.0
Drug Offenses,Capital,RCMP Municipal,Sidney Mun,2013,58.0
Drug Offenses,Capital,RCMP Provincial,Sidney Prov,2013,19.0
Drug Offenses,Central Kootenay,RCMP Provincial,Slocan Lake Prov,2013,13.0
Drug Offenses,Bulkley Nechako,RCMP Municipal,Smithers Mun,2013,63.0
Drug Offenses,Bulkley Nechako,RCMP Provincial,Smithers Prov,2013,24.0
Drug Offenses,Capital,RCMP Municipal,Sooke Mun,2013,85.0
Drug Offenses,Capital,RCMP Provincial,Sooke Prov,2013,30.0
Drug Offenses,Okanagan Similkameen,RCMP Provincial,South Okanagan/Oliver,2013,65.0
Drug Offenses,Okanagan Similkameen,RCMP Provincial,South Okanagan/Osoyoos,2013,81.0
Drug Offenses,North Okanagan,RCMP Municipal,Spallumcheen Mun,2013,19.0
Drug Offenses,Squamish Lillooet,RCMP Municipal,Squamish Mun,2013,209.0
Drug Offenses,Squamish Lillooet,RCMP Provincial,Squamish Prov,2013,15.0
Drug Offenses,Kitimat Stikine,RCMP Provincial,Stewart Prov,2013,23.0
Drug Offenses,Squamish Lillooet,First Nations Aboriginal Police Service,Stl'atl'imx FNAPS,2013,35.0
Drug Offenses,Okanagan Similkameen,RCMP Municipal,Summerland Mun,2013,72.0
Drug Offenses,Sunshine Coast,RCMP Provincial,Sunshine Coast Prov,2013,86.0
Drug Offenses,Metro Vancouver,RCMP Municipal,Surrey Mun,2013,2376.0
Drug Offenses,Bulkley Nechako,RCMP Provincial,Takla Landing Prov,2013,1.0
Drug Offenses,Kitimat Stikine,RCMP Municipal,Terrace Mun,2013,102.0
Drug Offenses,Kitimat Stikine,RCMP Provincial,Terrace Prov,2013,40.0
Drug Offenses,Powell River,RCMP Provincial,Texada Island Prov,2013,14.0
Drug Offenses,Thompson Nicola,RCMP Provincial,T'Kumlups Prov,2013,124.0
Drug Offenses,Alberni Clayoquot,RCMP Provincial,Tofino Prov,2013,23.0
Drug Offenses,Kootenay Boundary,RCMP Municipal,Trail Mun,2013,72.0
Drug Offenses,Kootenay Boundary,RCMP Provincial,Trail and Greater District,2013,62.0
Drug Offenses,Fraser Fort George,RCMP Provincial,Tsay Keh Dene Prov,2013,7.0
Drug Offenses,Peace River,RCMP Provincial,Tumbler Ridge Prov,2013,12.0
Drug Offenses,Alberni Clayoquot,RCMP Provincial,Ucluelet Prov,2013,13.0
Drug Offenses,Metro Vancouver,RCMP Provincial,University Prov,2013,217.0
Drug Offenses,Fraser Fort George,RCMP Provincial,Valemount Prov,2013,63.0
Drug Offenses,Metro Vancouver,Independent Municipal,Vancouver Mun,2013,3108.0
Drug Offenses,Bulkley Nechako,RCMP Provincial,Vanderhoof Prov,2013,62.0
Drug Offenses,North Okanagan,RCMP Municipal,Vernon Mun,2013,296.0
Drug Offenses,North Okanagan,RCMP Provincial,Vernon Prov,2013,29.0
Drug Offenses,Capital,Independent Municipal,Victoria Mun,2013,643.0
Drug Offenses,Capital,RCMP Municipal,View Royal Mun,2013,55.0
Drug Offenses,Cariboo,RCMP Provincial,Wells Prov,2013,1.0
Drug Offenses,Central Okanagan,RCMP Municipal,West Kelowna Mun,2013,116.0
Drug Offenses,Capital,RCMP Provincial,West Shore Prov,2013,16.0
Drug Offenses,Metro Vancouver,Independent Municipal,West Vancouver Mun,2013,190.0
Drug Offenses,Squamish Lillooet,RCMP Municipal,Whistler Mun,2013,184.0
Drug Offenses,Squamish Lillooet,RCMP Provincial,Whistler Prov,2013,3.0
Drug Offenses,Metro Vancouver,RCMP Municipal,White Rock Mun,2013,132.0
Drug Offenses,Cariboo,RCMP Municipal,Williams Lake Mun,2013,208.0
Drug Offenses,Cariboo,RCMP Provincial,Williams Lake Prov,2013,120.0
Population,Fraser Valley,Independent Municipal,Abbotsford Mun,2013,139188.0
Population,Fraser Valley,RCMP Provincial,Agassiz Prov,2013,3862.0
Population,Mount Waddington,RCMP Provincial,Alert Bay Prov,2013,1356.0
Population,Cariboo,RCMP Provincial,Alexis Creek Prov,2013,1717.0
Population,Cariboo,RCMP Provincial,Anahim Lake Prov,2013,710.0
Population,North Okanagan,RCMP Provincial,Armstrong Prov,2013,5464.0
Population,Thompson Nicola,RCMP Provincial,Ashcroft Prov,2013,3695.0
Population,Kitimat Stikine,RCMP Provincial,Atlin Prov,2013,437.0
Population,Thompson Nicola,RCMP Provincial,Barriere Prov,2013,3911.0
Population,Central Coast,RCMP Provincial,Bella Bella Prov,2013,1633.0
Population,Central Coast,RCMP Provincial,Bella Coola Prov,2013,1922.0
Population,Fraser Valley,RCMP Provincial,Boston Bar Prov,2013,635.0
Population,Kootenay Boundary,RCMP Provincial,Boundary/Grand Forks Prov,2013,8298.0
Population,Kootenay Boundary,RCMP Provincial,Boundary/Midway Prov,2013,2762.0
Population,Metro Vancouver,RCMP Provincial,Bowen Island Prov,2013,3470.0
Population,Metro Vancouver,RCMP Municipal,Burnaby Mun,2013,234507.0
Population,Bulkley Nechako,RCMP Provincial,Burns Lake Prov,2013,6248.0
Population,Strathcona,RCMP Municipal,Campbell River Mun,2013,31948.0
Population,Strathcona,RCMP Provincial,Campbell River Prov,2013,5222.0
Population,Central Kootenay,RCMP Municipal,Castlegar Mun,2013,7825.0
Population,Central Kootenay,RCMP Provincial,Castlegar Prov,2013,5957.0
Population,Capital,Independent Municipal,Central Saanich Mun,2013,16014.0
Population,Thompson Nicola,RCMP Provincial,Chase Prov,2013,8268.0
Population,Peace River,RCMP Provincial,Chetwynd Prov,2013,5459.0
Population,Fraser Valley,RCMP Municipal,Chilliwack Mun,2013,84515.0
Population,Fraser Valley,RCMP Provincial,Chilliwack Prov,2013,4846.0
Population,Thompson Nicola,RCMP Provincial,Clearwater Prov,2013,4326.0
Population,Thompson Nicola,RCMP Provincial,Clinton Prov,2013,1843.0
Population,North Okanagan,RCMP Municipal,Coldstream Mun,2013,10277.0
Population,East Kootenay,RCMP Provincial,Columbia Valley Prov,2013,8939.0
Population,Capital,RCMP Municipal,Colwood Mun,2013,16638.0
Population,Comox Valley,RCMP Municipal,Comox Mun,2013,13604.0
Population,Comox Valley,RCMP Provincial,Comox Valley Prov,2013,25888.0
Population,Metro Vancouver,RCMP Municipal,Coquitlam Mun,2013,138205.0
Population,Metro Vancouver,RCMP Provincial,Coquitlam Prov,2013,2865.0
Population,Comox Valley,RCMP Municipal,Courtenay Mun,2013,24451.0
Population,East Kootenay,RCMP Municipal,Cranbrook Mun,2013,19452.0
Population,East Kootenay,RCMP Provincial,Cranbrook Prov,2013,6560.0
Population,Central Kootenay,RCMP Municipal,Creston Mun,2013,5065.0
Population,Central Kootenay,RCMP Provincial,Creston Prov,2013,8115.0
Population,Peace River,RCMP Municipal,Dawson Creek Mun,2013,12120.0
Population,Peace River,RCMP Provincial,Dawson Creek Prov,2013,7022.0
Population,Kitimat Stikine,RCMP Provincial,Dease Lake Prov,2013,1329.0
Population,Metro Vancouver,Independent Municipal,Delta Mun,2013,102502.0
Population,Cowichan Valley,RCMP Provincial,Duncan Prov,2013,14461.0
Population,East Kootenay,RCMP Provincial,Elk Valley Prov,2013,13705.0
Population,North Okanagan,RCMP Provincial,Enderby Prov,2013,6885.0
Population,Columbia Shuswap,RCMP Provincial,Falkland Prov,2013,2850.0
Population,Bulkley Nechako,RCMP Provincial,Fort St James Prov,2013,4473.0
Population,Peace River,RCMP Municipal,Fort St John Mun,2013,20592.0
Population,Peace River,RCMP Provincial,Fort St John Prov,2013,14310.0
Population,Bulkley Nechako,RCMP Provincial,Fraser Lake Prov,2013,3367.0
Population,Nanaimo,RCMP Provincial,Gabriola Island Prov,2013,4115.0
Population,Columbia Shuswap,RCMP Provincial,Golden Prov,2013,6821.0
Population,Fraser Valley,RCMP Municipal,Hope Mun,2013,5780.0
Population,Fraser Valley,RCMP Provincial,Hope  Prov,2013,1152.0
Population,Bulkley Nechako,RCMP Provincial,Houston/Granisle Prov,2013,4501.0
Population,Peace River,RCMP Provincial,Hudson's Hope Prov,2013,1266.0
Population,Thompson Nicola,RCMP Municipal,Kamloops Mun,2013,88294.0
Population,Central Kootenay,RCMP Provincial,Kaslo Prov,2013,2341.0
Population,Central Okanagan,RCMP Municipal,Kelowna Mun,2013,120123.0
Population,Central Okanagan,RCMP Provincial,Kelowna Prov,2013,15154.0
Population,Fraser Valley,RCMP Municipal,Kent Mun,2013,5838.0
Population,Okanagan Similkameen,RCMP Provincial,Keremeos Prov,2013,4639.0
Population,East Kootenay,RCMP Municipal,Kimberley Mun,2013,6488.0
Population,East Kootenay,RCMP Provincial,Kimberley Prov,2013,1909.0
Population,Kitimat Stikine,RCMP Municipal,Kitimat Mun,2013,8367.0
Population,Kitimat Stikine,RCMP Provincial,Kitimat Prov,2013,556.0
Population,Cowichan Valley,RCMP Municipal,Ladysmith Mun,2013,8154.0
Population,Cowichan Valley,RCMP Provincial,Ladysmith Prov,2013,5795.0
Population,Central Okanagan,RCMP Municipal,Lake Country Mun,2013,12342.0
Population,Cowichan Valley,RCMP Provincial,Lake Cowichan Prov,2013,6034.0
Population,Capital,RCMP Municipal,Langford Mun,2013,33422.0
Population,Metro Vancouver,RCMP Municipal,Langley City Mun,2013,26694.0
Population,Metro Vancouver,RCMP Municipal,Langley Township Mun,2013,112606.0
Population,Squamish Lillooet,RCMP Provincial,Lillooet Prov,2013,3307.0
Population,Kitimat Stikine,RCMP Provincial,Lisims/Nass Valley Prov,2013,2059.0
Population,Thompson Nicola,RCMP Provincial,Logan Lake Prov,2013,2572.0
Population,North Okanagan,RCMP Provincial,Lumby Prov,2013,5896.0
Population,Thompson Nicola,RCMP Provincial,Lytton Prov,2013,1932.0
Population,Fraser Fort George,RCMP Provincial,Mackenzie Prov,2013,3612.0
Population,Metro Vancouver,RCMP Municipal,Maple Ridge Mun,2013,79530.0
Population,North Coast Regional District (22),RCMP Provincial,Masset Prov,2013,2012.0
Population,Fraser Fort George,RCMP Provincial,McBride Prov,2013,1662.0
Population,Thompson Nicola,RCMP Municipal,Merritt Mun,2013,7327.0
Population,Thompson Nicola,RCMP Provincial,Merritt Prov,2013,3888.0
Population,Fraser Valley,RCMP Municipal,Mission Mun,2013,37587.0
Population,Fraser Valley,RCMP Provincial,Mission Prov,2013,4229.0
Population,Central Kootenay,RCMP Provincial,Nakusp Prov,2013,3389.0
Population,Nanaimo,RCMP Municipal,Nanaimo Mun,2013,87308.0
Population,Nanaimo,RCMP Provincial,Nanaimo Prov,2013,13915.0
Population,Central Kootenay,Independent Municipal,Nelson Mun,2013,10301.0
Population,Central Kootenay,RCMP Provincial,Nelson Prov,2013,11998.0
Population,Kitimat Stikine,RCMP Provincial,New Hazelton Prov,2013,5764.0
Population,Metro Vancouver,Independent Municipal,New Westminster Mun,2013,69178.0
Population,Strathcona,RCMP Provincial,Nootka Sound Prov,2013,1895.0
Population,Cowichan Valley,RCMP Municipal,North Cowichan Mun,2013,29291.0
Population,Capital,RCMP Municipal,North Saanich Mun,2013,11117.0
Population,Metro Vancouver,RCMP Municipal,North Vancouver City Mun,2013,51017.0
Population,Metro Vancouver,RCMP Municipal,North Vancouver District Mun,2013,86731.0
Population,Metro Vancouver,RCMP Provincial,North Vancouver Prov,2013,2604.0
Population,Northern Rockies,RCMP Municipal,Northern Rockies Mun,2013,5359.0
Population,Northern Rockies,RCMP Provincial,Northern Rockies Prov,2013,602.0
Population,Capital,Independent Municipal,Oak Bay Mun,2013,17647.0
Population,Nanaimo,RCMP Provincial,Oceanside Prov,2013,24585.0
Population,Cariboo,RCMP Provincial,One Hundred Mile House Prov,2013,12893.0
Population,Capital,RCMP Provincial,Outer Gulf  Islands Prov,2013,4782.0
Population,Nanaimo,RCMP Municipal,Parksville Mun,2013,12138.0
Population,Central Okanagan,RCMP Municipal,Peachland Mun,2013,5089.0
Population,Squamish Lillooet,RCMP Provincial,Pemberton Prov,2013,4495.0
Population,Okanagan Similkameen,RCMP Municipal,Penticton Mun,2013,33231.0
Population,Okanagan Similkameen,RCMP Provincial,Penticton Prov,2013,11241.0
Population,Metro Vancouver,RCMP Municipal,Pitt Meadows Mun,2013,18701.0
Population,Alberni Clayoquot,RCMP Municipal,Port Alberni Mun,2013,16744.0
Population,Alberni Clayoquot,RCMP Provincial,Port Alberni Prov,2013,8264.0
Population,Mount Waddington,RCMP Provincial,Port Alice Prov,2013,833.0
Population,Metro Vancouver,RCMP Municipal,Port Coquitlam Mun,2013,59108.0
Population,Mount Waddington,RCMP Provincial,Port Hardy Prov,2013,5328.0
Population,Mount Waddington,RCMP Provincial,Port McNeill Prov,2013,4435.0
Population,Metro Vancouver,Independent Municipal,Port Moody Mun,2013,34479.0
Population,Powell River,RCMP Municipal,Powell River Mun,2013,12992.0
Population,Powell River,RCMP Provincial,Powell River Prov,2013,5525.0
Population,Fraser Fort George,RCMP Municipal,Prince George Mun,2013,73850.0
Population,Fraser Fort George,RCMP Provincial,Prince George Prov,2013,13050.0
Population,North Coast Regional District (22),RCMP Municipal,Prince Rupert Mun,2013,12169.0
Population,North Coast Regional District (22),RCMP Provincial,Prince Rupert Prov,2013,1959.0
Population,Okanagan Similkameen,RCMP Provincial,Princeton Prov,2013,4910.0
Population,Strathcona,RCMP Provincial,Quadra Island Prov,2013,3466.0
Population,Nanaimo,RCMP Municipal,Qualicum Beach Mun,2013,8531.0
Population,North Coast Regional District (22),RCMP Provincial,Queen Charlotte Prov,2013,2307.0
Population,Cariboo,RCMP Municipal,Quesnel Mun,2013,9741.0
Population,Cariboo,RCMP Provincial,Quesnel Prov,2013,13349.0
Population,Columbia Shuswap,RCMP Municipal,Revelstoke Mun,2013,7142.0
Population,Columbia Shuswap,RCMP Provincial,Revelstoke Prov,2013,566.0
Population,Metro Vancouver,RCMP Municipal,Richmond Mun,2013,201259.0
Population,Metro Vancouver,RCMP Provincial,Ridge Meadows Prov,2013,94.0
Population,Capital,Independent Municipal,Saanich Mun,2013,111317.0
Population,Central Kootenay,RCMP Provincial,Salmo Prov,2013,2627.0
Population,Columbia Shuswap,RCMP Municipal,Salmon Arm Mun,2013,17253.0
Population,Columbia Shuswap,RCMP Provincial,Salmon Arm Prov,2013,9175.0
Population,Capital,RCMP Provincial,Saltspring Island Prov,2013,10370.0
Population,Strathcona,RCMP Provincial,Sayward Prov,2013,770.0
Population,Sunshine Coast,RCMP Municipal,Sechelt Mun,2013,9461.0
Population,Cowichan Valley,RCMP Provincial,Shawnigan Lake Prov,2013,17653.0
Population,Columbia Shuswap,RCMP Provincial,Sicamous Prov,2013,3744.0
Population,Capital,RCMP Municipal,Sidney Mun,2013,11181.0
Population,Capital,RCMP Provincial,Sidney Prov,2013,3516.0
Population,Central Kootenay,RCMP Provincial,Slocan Lake Prov,2013,1954.0
Population,Bulkley Nechako,RCMP Municipal,Smithers Mun,2013,5210.0
Population,Bulkley Nechako,RCMP Provincial,Smithers Prov,2013,7677.0
Population,Capital,RCMP Municipal,Sooke Mun,2013,12005.0
Population,Capital,RCMP Provincial,Sooke Prov,2013,4591.0
Population,Okanagan Similkameen,RCMP Provincial,South Okanagan/Oliver,2013,8585.0
Population,Okanagan Similkameen,RCMP Provincial,South Okanagan/Osoyoos,2013,7208.0
Population,North Okanagan,RCMP Municipal,Spallumcheen Mun,2013,5057.0
Population,Squamish Lillooet,RCMP Municipal,Squamish Mun,2013,18503.0
Population,Squamish Lillooet,RCMP Provincial,Squamish Prov,2013,1978.0
Population,Kitimat Stikine,RCMP Provincial,Stewart Prov,2013,433.0
Population,Squamish Lillooet,First Nations Aboriginal Police Service,Stl'atl'imx FNAPS,2013,3129.0
Population,Okanagan Similkameen,RCMP Municipal,Summerland Mun,2013,11024.0
Population,Sunshine Coast,RCMP Provincial,Sunshine Coast Prov,2013,18660.0
Population,Metro Vancouver,RCMP Municipal,Surrey Mun,2013,506099.0
Population,Bulkley Nechako,RCMP Provincial,Takla Landing Prov,2013,190.0
Population,Kitimat Stikine,RCMP Municipal,Terrace Mun,2013,11373.0
Population,Kitimat Stikine,RCMP Provincial,Terrace Prov,2013,7913.0
Population,Powell River,RCMP Provincial,Texada Island Prov,2013,1053.0
Population,Thompson Nicola,RCMP Provincial,T'Kumlups Prov,2013,8437.0
Population,Alberni Clayoquot,RCMP Provincial,Tofino Prov,2013,3378.0
Population,Kootenay Boundary,RCMP Municipal,Trail Mun,2013,7417.0
Population,Kootenay Boundary,RCMP Provincial,Trail and Greater District,2013,10797.0
Population,Fraser Fort George,RCMP Provincial,Tsay Keh Dene Prov,2013,380.0
Population,Peace River,RCMP Provincial,Tumbler Ridge Prov,2013,2841.0
Population,Alberni Clayoquot,RCMP Provincial,Ucluelet Prov,2013,2201.0
Population,Metro Vancouver,RCMP Provincial,University Prov,2013,14848.0
Population,Fraser Fort George,RCMP Provincial,Valemount Prov,2013,1563.0
Population,Metro Vancouver,Independent Municipal,Vancouver Mun,2013,638754.0
Population,Bulkley Nechako,RCMP Provincial,Vanderhoof Prov,2013,8741.0
Population,North Okanagan,RCMP Municipal,Vernon Mun,2013,38672.0
Population,North Okanagan,RCMP Provincial,Vernon Prov,2013,11324.0
Population,Capital,Independent Municipal,Victoria Mun,2013,99612.0
Population,Capital,RCMP Municipal,View Royal Mun,2013,10543.0
Population,Cariboo,RCMP Provincial,Wells Prov,2013,354.0
Population,Central Okanagan,RCMP Municipal,West Kelowna Mun,2013,31926.0
Population,Capital,RCMP Provincial,West Shore Prov,2013,9020.0
Population,Metro Vancouver,Independent Municipal,West Vancouver Mun,2013,45343.0
Population,Squamish Lillooet,RCMP Municipal,Whistler Mun,2013,10324.0
Population,Squamish Lillooet,RCMP Provincial,Whistler Prov,2013,314.0
Population,Metro Vancouver,RCMP Municipal,White Rock Mun,2013,19216.0
Population,Cariboo,RCMP Municipal,Williams Lake Mun,2013,10873.0
Population,Cariboo,RCMP Provincial,Williams Lake Prov,2013,12931.0
Criminal Code Offences,Fraser Valley,Independent Municipal,Abbotsford Mun,2014,7994.0
Criminal Code Offences,Fraser Valley,RCMP Provincial,Agassiz Prov,2014,413.0
Criminal Code Offences,Mount Waddington,RCMP Provincial,Alert Bay Prov,2014,232.0
Criminal Code Offences,Cariboo,RCMP Provincial,Alexis Creek Prov,2014,306.0
Criminal Code Offences,Cariboo,RCMP Provincial,Anahim Lake Prov,2014,158.0
Criminal Code Offences,North Okanagan,RCMP Provincial,Armstrong Prov,2014,201.0
Criminal Code Offences,Thompson Nicola,RCMP Provincial,Ashcroft Prov,2014,253.0
Criminal Code Offences,Kitimat Stikine,RCMP Provincial,Atlin Prov,2014,73.0
Criminal Code Offences,Thompson Nicola,RCMP Provincial,Barriere Prov,2014,246.0
Criminal Code Offences,Central Coast,RCMP Provincial,Bella Bella Prov,2014,269.0
Criminal Code Offences,Central Coast,RCMP Provincial,Bella Coola Prov,2014,229.0
Criminal Code Offences,Fraser Valley,RCMP Provincial,Boston Bar Prov,2014,75.0
Criminal Code Offences,Kootenay Boundary,RCMP Provincial,Boundary/Grand Forks Prov,2014,466.0
Criminal Code Offences,Kootenay Boundary,RCMP Provincial,Boundary/Midway Prov,2014,165.0
Criminal Code Offences,Metro Vancouver,RCMP Provincial,Bowen Island Prov,2014,70.0
Criminal Code Offences,Metro Vancouver,RCMP Municipal,Burnaby Mun,2014,14538.0
Criminal Code Offences,Bulkley Nechako,RCMP Provincial,Burns Lake Prov,2014,785.0
Criminal Code Offences,Strathcona,RCMP Municipal,Campbell River Mun,2014,3225.0
Criminal Code Offences,Strathcona,RCMP Provincial,Campbell River Prov,2014,372.0
Criminal Code Offences,Central Kootenay,RCMP Municipal,Castlegar Mun,2014,625.0
Criminal Code Offences,Central Kootenay,RCMP Provincial,Castlegar Prov,2014,217.0
Criminal Code Offences,Capital,Independent Municipal,Central Saanich Mun,2014,427.0
Criminal Code Offences,Thompson Nicola,RCMP Provincial,Chase Prov,2014,511.0
Criminal Code Offences,Peace River,RCMP Provincial,Chetwynd Prov,2014,480.0
Criminal Code Offences,Fraser Valley,RCMP Municipal,Chilliwack Mun,2014,8926.0
Criminal Code Offences,Fraser Valley,RCMP Provincial,Chilliwack Prov,2014,800.0
Criminal Code Offences,Thompson Nicola,RCMP Provincial,Clearwater Prov,2014,257.0
Criminal Code Offences,Thompson Nicola,RCMP Provincial,Clinton Prov,2014,97.0
Criminal Code Offences,North Okanagan,RCMP Municipal,Coldstream Mun,2014,329.0
Criminal Code Offences,East Kootenay,RCMP Provincial,Columbia Valley Prov,2014,569.0
Criminal Code Offences,Capital,RCMP Municipal,Colwood Mun,2014,457.0
Criminal Code Offences,Comox Valley,RCMP Municipal,Comox Mun,2014,454.0
Criminal Code Offences,Comox Valley,RCMP Provincial,Comox Valley Prov,2014,842.0
Criminal Code Offences,Metro Vancouver,RCMP Municipal,Coquitlam Mun,2014,8034.0
Criminal Code Offences,Metro Vancouver,RCMP Provincial,Coquitlam Prov,2014,73.0
Criminal Code Offences,Comox Valley,RCMP Municipal,Courtenay Mun,2014,2505.0
Criminal Code Offences,East Kootenay,RCMP Municipal,Cranbrook Mun,2014,1480.0
Criminal Code Offences,East Kootenay,RCMP Provincial,Cranbrook Prov,2014,212.0
Criminal Code Offences,Central Kootenay,RCMP Municipal,Creston Mun,2014,414.0
Criminal Code Offences,Central Kootenay,RCMP Provincial,Creston Prov,2014,291.0
Criminal Code Offences,Peace River,RCMP Municipal,Dawson Creek Mun,2014,1715.0
Criminal Code Offences,Peace River,RCMP Provincial,Dawson Creek Prov,2014,335.0
Criminal Code Offences,Kitimat Stikine,RCMP Provincial,Dease Lake Prov,2014,189.0
Criminal Code Offences,Metro Vancouver,Independent Municipal,Delta Mun,2014,5272.0
Criminal Code Offences,Cowichan Valley,RCMP Provincial,Duncan Prov,2014,1897.0
Criminal Code Offences,East Kootenay,RCMP Provincial,Elk Valley Prov,2014,782.0
Criminal Code Offences,North Okanagan,RCMP Provincial,Enderby Prov,2014,440.0
Criminal Code Offences,Columbia Shuswap,RCMP Provincial,Falkland Prov,2014,98.0
Criminal Code Offences,Bulkley Nechako,RCMP Provincial,Fort St James Prov,2014,1015.0
Criminal Code Offences,Peace River,RCMP Municipal,Fort St John Mun,2014,3114.0
Criminal Code Offences,Peace River,RCMP Provincial,Fort St John Prov,2014,721.0
Criminal Code Offences,Bulkley Nechako,RCMP Provincial,Fraser Lake Prov,2014,136.0
Criminal Code Offences,Nanaimo,RCMP Provincial,Gabriola Island Prov,2014,231.0
Criminal Code Offences,Columbia Shuswap,RCMP Provincial,Golden Prov,2014,454.0
Criminal Code Offences,Fraser Valley,RCMP Municipal,Hope Mun,2014,771.0
Criminal Code Offences,Fraser Valley,RCMP Provincial,Hope  Prov,2014,141.0
Criminal Code Offences,Bulkley Nechako,RCMP Provincial,Houston/Granisle Prov,2014,355.0
Criminal Code Offences,Peace River,RCMP Provincial,Hudson's Hope Prov,2014,67.0
Criminal Code Offences,Thompson Nicola,RCMP Municipal,Kamloops Mun,2014,8514.0
Criminal Code Offences,Central Kootenay,RCMP Provincial,Kaslo Prov,2014,135.0
Criminal Code Offences,Central Okanagan,RCMP Municipal,Kelowna Mun,2014,10811.0
Criminal Code Offences,Central Okanagan,RCMP Provincial,Kelowna Prov,2014,1102.0
Criminal Code Offences,Fraser Valley,RCMP Municipal,Kent Mun,2014,383.0
Criminal Code Offences,Okanagan Similkameen,RCMP Provincial,Keremeos Prov,2014,436.0
Criminal Code Offences,East Kootenay,RCMP Municipal,Kimberley Mun,2014,221.0
Criminal Code Offences,East Kootenay,RCMP Provincial,Kimberley Prov,2014,54.0
Criminal Code Offences,Kitimat Stikine,RCMP Municipal,Kitimat Mun,2014,809.0
Criminal Code Offences,Kitimat Stikine,RCMP Provincial,Kitimat Prov,2014,50.0
Criminal Code Offences,Cowichan Valley,RCMP Municipal,Ladysmith Mun,2014,484.0
Criminal Code Offences,Cowichan Valley,RCMP Provincial,Ladysmith Prov,2014,310.0
Criminal Code Offences,Central Okanagan,RCMP Municipal,Lake Country Mun,2014,573.0
Criminal Code Offences,Cowichan Valley,RCMP Provincial,Lake Cowichan Prov,2014,435.0
Criminal Code Offences,Capital,RCMP Municipal,Langford Mun,2014,1736.0
Criminal Code Offences,Metro Vancouver,RCMP Municipal,Langley City Mun,2014,3633.0
Criminal Code Offences,Metro Vancouver,RCMP Municipal,Langley Township Mun,2014,8706.0
Criminal Code Offences,Squamish Lillooet,RCMP Provincial,Lillooet Prov,2014,325.0
Criminal Code Offences,Kitimat Stikine,RCMP Provincial,Lisims/Nass Valley Prov,2014,236.0
Criminal Code Offences,Thompson Nicola,RCMP Provincial,Logan Lake Prov,2014,119.0
Criminal Code Offences,North Okanagan,RCMP Provincial,Lumby Prov,2014,211.0
Criminal Code Offences,Thompson Nicola,RCMP Provincial,Lytton Prov,2014,140.0
Criminal Code Offences,Fraser Fort George,RCMP Provincial,Mackenzie Prov,2014,543.0
Criminal Code Offences,Metro Vancouver,RCMP Municipal,Maple Ridge Mun,2014,6945.0
Criminal Code Offences,North Coast Regional District (22),RCMP Provincial,Masset Prov,2014,342.0
Criminal Code Offences,Fraser Fort George,RCMP Provincial,McBride Prov,2014,111.0
Criminal Code Offences,Thompson Nicola,RCMP Municipal,Merritt Mun,2014,1039.0
Criminal Code Offences,Thompson Nicola,RCMP Provincial,Merritt Prov,2014,279.0
Criminal Code Offences,Fraser Valley,RCMP Municipal,Mission Mun,2014,3655.0
Criminal Code Offences,Fraser Valley,RCMP Provincial,Mission Prov,2014,230.0
Criminal Code Offences,Central Kootenay,RCMP Provincial,Nakusp Prov,2014,203.0
Criminal Code Offences,Nanaimo,RCMP Municipal,Nanaimo Mun,2014,8981.0
Criminal Code Offences,Nanaimo,RCMP Provincial,Nanaimo Prov,2014,450.0
Criminal Code Offences,Central Kootenay,Independent Municipal,Nelson Mun,2014,865.0
Criminal Code Offences,Central Kootenay,RCMP Provincial,Nelson Prov,2014,231.0
Criminal Code Offences,Kitimat Stikine,RCMP Provincial,New Hazelton Prov,2014,1186.0
Criminal Code Offences,Metro Vancouver,Independent Municipal,New Westminster Mun,2014,5816.0
Criminal Code Offences,Strathcona,RCMP Provincial,Nootka Sound Prov,2014,183.0
Criminal Code Offences,Cowichan Valley,RCMP Municipal,North Cowichan Mun,2014,2018.0
Criminal Code Offences,Capital,RCMP Municipal,North Saanich Mun,2014,312.0
Criminal Code Offences,Metro Vancouver,RCMP Municipal,North Vancouver City Mun,2014,3499.0
Criminal Code Offences,Metro Vancouver,RCMP Municipal,North Vancouver District Mun,2014,3326.0
Criminal Code Offences,Metro Vancouver,RCMP Provincial,North Vancouver Prov,2014,313.0
Criminal Code Offences,Northern Rockies,RCMP Municipal,Northern Rockies Mun,2014,691.0
Criminal Code Offences,Northern Rockies,RCMP Provincial,Northern Rockies Prov,2014,323.0
Criminal Code Offences,Capital,Independent Municipal,Oak Bay Mun,2014,479.0
Criminal Code Offences,Nanaimo,RCMP Provincial,Oceanside Prov,2014,725.0
Criminal Code Offences,Cariboo,RCMP Provincial,One Hundred Mile House Prov,2014,551.0
Criminal Code Offences,Capital,RCMP Provincial,Outer Gulf  Islands Prov,2014,158.0
Criminal Code Offences,Nanaimo,RCMP Municipal,Parksville Mun,2014,798.0
Criminal Code Offences,Central Okanagan,RCMP Municipal,Peachland Mun,2014,221.0
Criminal Code Offences,Squamish Lillooet,RCMP Provincial,Pemberton Prov,2014,276.0
Criminal Code Offences,Okanagan Similkameen,RCMP Municipal,Penticton Mun,2014,3494.0
Criminal Code Offences,Okanagan Similkameen,RCMP Provincial,Penticton Prov,2014,582.0
Criminal Code Offences,Metro Vancouver,RCMP Municipal,Pitt Meadows Mun,2014,1594.0
Criminal Code Offences,Alberni Clayoquot,RCMP Municipal,Port Alberni Mun,2014,1960.0
Criminal Code Offences,Alberni Clayoquot,RCMP Provincial,Port Alberni Prov,2014,238.0
Criminal Code Offences,Mount Waddington,RCMP Provincial,Port Alice Prov,2014,34.0
Criminal Code Offences,Metro Vancouver,RCMP Municipal,Port Coquitlam Mun,2014,4112.0
Criminal Code Offences,Mount Waddington,RCMP Provincial,Port Hardy Prov,2014,779.0
Criminal Code Offences,Mount Waddington,RCMP Provincial,Port McNeill Prov,2014,228.0
Criminal Code Offences,Metro Vancouver,Independent Municipal,Port Moody Mun,2014,1052.0
Criminal Code Offences,Powell River,RCMP Municipal,Powell River Mun,2014,984.0
Criminal Code Offences,Powell River,RCMP Provincial,Powell River Prov,2014,203.0
Criminal Code Offences,Fraser Fort George,RCMP Municipal,Prince George Mun,2014,10229.0
Criminal Code Offences,Fraser Fort George,RCMP Provincial,Prince George Prov,2014,435.0
Criminal Code Offences,North Coast Regional District (22),RCMP Municipal,Prince Rupert Mun,2014,2373.0
Criminal Code Offences,North Coast Regional District (22),RCMP Provincial,Prince Rupert Prov,2014,215.0
Criminal Code Offences,Okanagan Similkameen,RCMP Provincial,Princeton Prov,2014,345.0
Criminal Code Offences,Strathcona,RCMP Provincial,Quadra Island Prov,2014,88.0
Criminal Code Offences,Nanaimo,RCMP Municipal,Qualicum Beach Mun,2014,228.0
Criminal Code Offences,North Coast Regional District (22),RCMP Provincial,Queen Charlotte Prov,2014,118.0
Criminal Code Offences,Cariboo,RCMP Municipal,Quesnel Mun,2014,1810.0
Criminal Code Offences,Cariboo,RCMP Provincial,Quesnel Prov,2014,584.0
Criminal Code Offences,Columbia Shuswap,RCMP Municipal,Revelstoke Mun,2014,432.0
Criminal Code Offences,Columbia Shuswap,RCMP Provincial,Revelstoke Prov,2014,31.0
Criminal Code Offences,Metro Vancouver,RCMP Municipal,Richmond Mun,2014,12345.0
Criminal Code Offences,Metro Vancouver,RCMP Provincial,Ridge Meadows Prov,2014,29.0
Criminal Code Offences,Capital,Independent Municipal,Saanich Mun,2014,3894.0
Criminal Code Offences,Central Kootenay,RCMP Provincial,Salmo Prov,2014,196.0
Criminal Code Offences,Columbia Shuswap,RCMP Municipal,Salmon Arm Mun,2014,852.0
Criminal Code Offences,Columbia Shuswap,RCMP Provincial,Salmon Arm Prov,2014,258.0
Criminal Code Offences,Capital,RCMP Provincial,Saltspring Island Prov,2014,326.0
Criminal Code Offences,Strathcona,RCMP Provincial,Sayward Prov,2014,51.0
Criminal Code Offences,Sunshine Coast,RCMP Municipal,Sechelt Mun,2014,529.0
Criminal Code Offences,Cowichan Valley,RCMP Provincial,Shawnigan Lake Prov,2014,619.0
Criminal Code Offences,Columbia Shuswap,RCMP Provincial,Sicamous Prov,2014,241.0
Criminal Code Offences,Capital,RCMP Municipal,Sidney Mun,2014,465.0
Criminal Code Offences,Capital,RCMP Provincial,Sidney Prov,2014,287.0
Criminal Code Offences,Central Kootenay,RCMP Provincial,Slocan Lake Prov,2014,128.0
Criminal Code Offences,Bulkley Nechako,RCMP Municipal,Smithers Mun,2014,1015.0
Criminal Code Offences,Bulkley Nechako,RCMP Provincial,Smithers Prov,2014,381.0
Criminal Code Offences,Capital,RCMP Municipal,Sooke Mun,2014,711.0
Criminal Code Offences,Capital,RCMP Provincial,Sooke Prov,2014,167.0
Criminal Code Offences,Okanagan Similkameen,RCMP Provincial,South Okanagan/Oliver,2014,707.0
Criminal Code Offences,Okanagan Similkameen,RCMP Provincial,South Okanagan/Osoyoos,2014,749.0
Criminal Code Offences,North Okanagan,RCMP Municipal,Spallumcheen Mun,2014,123.0
Criminal Code Offences,Squamish Lillooet,RCMP Municipal,Squamish Mun,2014,1560.0
Criminal Code Offences,Squamish Lillooet,RCMP Provincial,Squamish Prov,2014,168.0
Criminal Code Offences,Kitimat Stikine,RCMP Provincial,Stewart Prov,2014,49.0
Criminal Code Offences,Squamish Lillooet,First Nations Aboriginal Police Service,Stl'atl'imx FNAPS,2014,332.0
Criminal Code Offences,Okanagan Similkameen,RCMP Municipal,Summerland Mun,2014,374.0
Criminal Code Offences,Sunshine Coast,RCMP Provincial,Sunshine Coast Prov,2014,789.0
Criminal Code Offences,Metro Vancouver,RCMP Municipal,Surrey Mun,2014,49453.0
Criminal Code Offences,Bulkley Nechako,RCMP Provincial,Takla Landing Prov,2014,104.0
Criminal Code Offences,Kitimat Stikine,RCMP Municipal,Terrace Mun,2014,2131.0
Criminal Code Offences,Kitimat Stikine,RCMP Provincial,Terrace Prov,2014,539.0
Criminal Code Offences,Powell River,RCMP Provincial,Texada Island Prov,2014,29.0
Criminal Code Offences,Thompson Nicola,RCMP Provincial,T'Kumlups Prov,2014,619.0
Criminal Code Offences,Alberni Clayoquot,RCMP Provincial,Tofino Prov,2014,392.0
Criminal Code Offences,Kootenay Boundary,RCMP Municipal,Trail Mun,2014,691.0
Criminal Code Offences,Kootenay Boundary,RCMP Provincial,Trail and Greater District,2014,377.0
Criminal Code Offences,Fraser Fort George,RCMP Provincial,Tsay Keh Dene Prov,2014,182.0
Criminal Code Offences,Peace River,RCMP Provincial,Tumbler Ridge Prov,2014,139.0
Criminal Code Offences,Alberni Clayoquot,RCMP Provincial,Ucluelet Prov,2014,133.0
Criminal Code Offences,Metro Vancouver,RCMP Provincial,University Prov,2014,1250.0
Criminal Code Offences,Fraser Fort George,RCMP Provincial,Valemount Prov,2014,137.0
Criminal Code Offences,Metro Vancouver,Independent Municipal,Vancouver Mun,2014,49204.0
Criminal Code Offences,Bulkley Nechako,RCMP Provincial,Vanderhoof Prov,2014,1093.0
Criminal Code Offences,North Okanagan,RCMP Municipal,Vernon Mun,2014,4719.0
Criminal Code Offences,North Okanagan,RCMP Provincial,Vernon Prov,2014,396.0
Criminal Code Offences,Capital,Independent Municipal,Victoria Mun,2014,10436.0
Criminal Code Offences,Capital,RCMP Municipal,View Royal Mun,2014,411.0
Criminal Code Offences,Cariboo,RCMP Provincial,Wells Prov,2014,31.0
Criminal Code Offences,Central Okanagan,RCMP Municipal,West Kelowna Mun,2014,1380.0
Criminal Code Offences,Capital,RCMP Provincial,West Shore Prov,2014,218.0
Criminal Code Offences,Metro Vancouver,Independent Municipal,West Vancouver Mun,2014,1791.0
Criminal Code Offences,Squamish Lillooet,RCMP Municipal,Whistler Mun,2014,1221.0
Criminal Code Offences,Squamish Lillooet,RCMP Provincial,Whistler Prov,2014,9.0
Criminal Code Offences,Metro Vancouver,RCMP Municipal,White Rock Mun,2014,1269.0
Criminal Code Offences,Cariboo,RCMP Municipal,Williams Lake Mun,2014,2993.0
Criminal Code Offences,Cariboo,RCMP Provincial,Williams Lake Prov,2014,586.0
Crime Rates,Fraser Valley,Independent Municipal,Abbotsford Mun,2014,57.220000000000006
Crime Rates,Fraser Valley,RCMP Provincial,Agassiz Prov,2014,107.24000000000001
Crime Rates,Mount Waddington,RCMP Provincial,Alert Bay Prov,2014,170.70999999999998
Crime Rates,Cariboo,RCMP Provincial,Alexis Creek Prov,2014,177.19
Crime Rates,Cariboo,RCMP Provincial,Anahim Lake Prov,2014,221.29
Crime Rates,North Okanagan,RCMP Provincial,Armstrong Prov,2014,37.230000000000004
Crime Rates,Thompson Nicola,RCMP Provincial,Ashcroft Prov,2014,67.92
Crime Rates,Kitimat Stikine,RCMP Provincial,Atlin Prov,2014,170.16
Crime Rates,Thompson Nicola,RCMP Provincial,Barriere Prov,2014,61.98
Crime Rates,Central Coast,RCMP Provincial,Bella Bella Prov,2014,164.22
Crime Rates,Central Coast,RCMP Provincial,Bella Coola Prov,2014,119.77
Crime Rates,Fraser Valley,RCMP Provincial,Boston Bar Prov,2014,118.48
Crime Rates,Kootenay Boundary,RCMP Provincial,Boundary/Grand Forks Prov,2014,56.98
Crime Rates,Kootenay Boundary,RCMP Provincial,Boundary/Midway Prov,2014,60.57
Crime Rates,Metro Vancouver,RCMP Provincial,Bowen Island Prov,2014,20.07
Crime Rates,Metro Vancouver,RCMP Municipal,Burnaby Mun,2014,61.92
Crime Rates,Bulkley Nechako,RCMP Provincial,Burns Lake Prov,2014,123.72
Crime Rates,Strathcona,RCMP Municipal,Campbell River Mun,2014,99.17999999999999
Crime Rates,Strathcona,RCMP Provincial,Campbell River Prov,2014,70.33
Crime Rates,Central Kootenay,RCMP Municipal,Castlegar Mun,2014,80.04
Crime Rates,Central Kootenay,RCMP Provincial,Castlegar Prov,2014,35.97
Crime Rates,Capital,Independent Municipal,Central Saanich Mun,2014,26.650000000000002
Crime Rates,Thompson Nicola,RCMP Provincial,Chase Prov,2014,61.290000000000006
Crime Rates,Peace River,RCMP Provincial,Chetwynd Prov,2014,87.42
Crime Rates,Fraser Valley,RCMP Municipal,Chilliwack Mun,2014,103.86
Crime Rates,Fraser Valley,RCMP Provincial,Chilliwack Prov,2014,165.49
Crime Rates,Thompson Nicola,RCMP Provincial,Clearwater Prov,2014,58.720000000000006
Crime Rates,Thompson Nicola,RCMP Provincial,Clinton Prov,2014,52.379999999999995
Crime Rates,North Okanagan,RCMP Municipal,Coldstream Mun,2014,31.259999999999998
Crime Rates,East Kootenay,RCMP Provincial,Columbia Valley Prov,2014,63.2
Crime Rates,Capital,RCMP Municipal,Colwood Mun,2014,27.4
Crime Rates,Comox Valley,RCMP Municipal,Comox Mun,2014,33.01
Crime Rates,Comox Valley,RCMP Provincial,Comox Valley Prov,2014,32.57
Crime Rates,Metro Vancouver,RCMP Municipal,Coquitlam Mun,2014,56.68
Crime Rates,Metro Vancouver,RCMP Provincial,Coquitlam Prov,2014,25.04
Crime Rates,Comox Valley,RCMP Municipal,Courtenay Mun,2014,101.66999999999999
Crime Rates,East Kootenay,RCMP Municipal,Cranbrook Mun,2014,75.66999999999999
Crime Rates,East Kootenay,RCMP Provincial,Cranbrook Prov,2014,32.27
Crime Rates,Central Kootenay,RCMP Municipal,Creston Mun,2014,82.57
Crime Rates,Central Kootenay,RCMP Provincial,Creston Prov,2014,35.21
Crime Rates,Peace River,RCMP Municipal,Dawson Creek Mun,2014,140.02
Crime Rates,Peace River,RCMP Provincial,Dawson Creek Prov,2014,47.55
Crime Rates,Kitimat Stikine,RCMP Provincial,Dease Lake Prov,2014,138.66
Crime Rates,Metro Vancouver,Independent Municipal,Delta Mun,2014,51.49
Crime Rates,Cowichan Valley,RCMP Provincial,Duncan Prov,2014,130.64
Crime Rates,East Kootenay,RCMP Provincial,Elk Valley Prov,2014,56.63
Crime Rates,North Okanagan,RCMP Provincial,Enderby Prov,2014,63.78
Crime Rates,Columbia Shuswap,RCMP Provincial,Falkland Prov,2014,33.760000000000005
Crime Rates,Bulkley Nechako,RCMP Provincial,Fort St James Prov,2014,222.2
Crime Rates,Peace River,RCMP Municipal,Fort St John Mun,2014,147.46
Crime Rates,Peace River,RCMP Provincial,Fort St John Prov,2014,50.21
Crime Rates,Bulkley Nechako,RCMP Provincial,Fraser Lake Prov,2014,39.47
Crime Rates,Nanaimo,RCMP Provincial,Gabriola Island Prov,2014,55.57
Crime Rates,Columbia Shuswap,RCMP Provincial,Golden Prov,2014,65.46000000000001
Crime Rates,Fraser Valley,RCMP Municipal,Hope Mun,2014,134.96
Crime Rates,Fraser Valley,RCMP Provincial,Hope  Prov,2014,122.72
Crime Rates,Bulkley Nechako,RCMP Provincial,Houston/Granisle Prov,2014,78.47
Crime Rates,Peace River,RCMP Provincial,Hudson's Hope Prov,2014,52.96
Crime Rates,Thompson Nicola,RCMP Municipal,Kamloops Mun,2014,95.17999999999999
Crime Rates,Central Kootenay,RCMP Provincial,Kaslo Prov,2014,57.11
Crime Rates,Central Okanagan,RCMP Municipal,Kelowna Mun,2014,88.96000000000001
Crime Rates,Central Okanagan,RCMP Provincial,Kelowna Prov,2014,69.75
Crime Rates,Fraser Valley,RCMP Municipal,Kent Mun,2014,65.11999999999999
Crime Rates,Okanagan Similkameen,RCMP Provincial,Keremeos Prov,2014,92.28
Crime Rates,East Kootenay,RCMP Municipal,Kimberley Mun,2014,32.98
Crime Rates,East Kootenay,RCMP Provincial,Kimberley Prov,2014,28.24
Crime Rates,Kitimat Stikine,RCMP Municipal,Kitimat Mun,2014,95.57
Crime Rates,Kitimat Stikine,RCMP Provincial,Kitimat Prov,2014,86.81
Crime Rates,Cowichan Valley,RCMP Municipal,Ladysmith Mun,2014,58.55
Crime Rates,Cowichan Valley,RCMP Provincial,Ladysmith Prov,2014,53.01
Crime Rates,Central Okanagan,RCMP Municipal,Lake Country Mun,2014,43.91
Crime Rates,Cowichan Valley,RCMP Provincial,Lake Cowichan Prov,2014,71.25
Crime Rates,Capital,RCMP Municipal,Langford Mun,2014,49.94
Crime Rates,Metro Vancouver,RCMP Municipal,Langley City Mun,2014,135.53
Crime Rates,Metro Vancouver,RCMP Municipal,Langley Township Mun,2014,75.11999999999999
Crime Rates,Squamish Lillooet,RCMP Provincial,Lillooet Prov,2014,98.57
Crime Rates,Kitimat Stikine,RCMP Provincial,Lisims/Nass Valley Prov,2014,110.69
Crime Rates,Thompson Nicola,RCMP Provincial,Logan Lake Prov,2014,46.27
Crime Rates,North Okanagan,RCMP Provincial,Lumby Prov,2014,35.39
Crime Rates,Thompson Nicola,RCMP Provincial,Lytton Prov,2014,70.99000000000001
Crime Rates,Fraser Fort George,RCMP Provincial,Mackenzie Prov,2014,149.05
Crime Rates,Metro Vancouver,RCMP Municipal,Maple Ridge Mun,2014,85.64
Crime Rates,North Coast Regional District (22),RCMP Provincial,Masset Prov,2014,168.39000000000001
Crime Rates,Fraser Fort George,RCMP Provincial,McBride Prov,2014,66.35
Crime Rates,Thompson Nicola,RCMP Municipal,Merritt Mun,2014,139.10999999999999
Crime Rates,Thompson Nicola,RCMP Provincial,Merritt Prov,2014,70.45
Crime Rates,Fraser Valley,RCMP Municipal,Mission Mun,2014,96.56
Crime Rates,Fraser Valley,RCMP Provincial,Mission Prov,2014,54.53
Crime Rates,Central Kootenay,RCMP Provincial,Nakusp Prov,2014,59.53
Crime Rates,Nanaimo,RCMP Municipal,Nanaimo Mun,2014,101.14999999999999
Crime Rates,Nanaimo,RCMP Provincial,Nanaimo Prov,2014,32.1
Crime Rates,Central Kootenay,Independent Municipal,Nelson Mun,2014,82.61999999999999
Crime Rates,Central Kootenay,RCMP Provincial,Nelson Prov,2014,18.9
Crime Rates,Kitimat Stikine,RCMP Provincial,New Hazelton Prov,2014,199.5
Crime Rates,Metro Vancouver,Independent Municipal,New Westminster Mun,2014,82.86
Crime Rates,Strathcona,RCMP Provincial,Nootka Sound Prov,2014,96.11
Crime Rates,Cowichan Valley,RCMP Municipal,North Cowichan Mun,2014,67.94000000000001
Crime Rates,Capital,RCMP Municipal,North Saanich Mun,2014,28.1
Crime Rates,Metro Vancouver,RCMP Municipal,North Vancouver City Mun,2014,66.52
Crime Rates,Metro Vancouver,RCMP Municipal,North Vancouver District Mun,2014,38.27
Crime Rates,Metro Vancouver,RCMP Provincial,North Vancouver Prov,2014,110.25
Crime Rates,Northern Rockies,RCMP Municipal,Northern Rockies Mun,2014,129.20999999999998
Crime Rates,Northern Rockies,RCMP Provincial,Northern Rockies Prov,2014,536.54
Crime Rates,Capital,Independent Municipal,Oak Bay Mun,2014,27.37
Crime Rates,Nanaimo,RCMP Provincial,Oceanside Prov,2014,29.2
Crime Rates,Cariboo,RCMP Provincial,One Hundred Mile House Prov,2014,42.52
Crime Rates,Capital,RCMP Provincial,Outer Gulf  Islands Prov,2014,32.690000000000005
Crime Rates,Nanaimo,RCMP Municipal,Parksville Mun,2014,65.25
Crime Rates,Central Okanagan,RCMP Municipal,Peachland Mun,2014,43.44
Crime Rates,Squamish Lillooet,RCMP Provincial,Pemberton Prov,2014,61.59
Crime Rates,Okanagan Similkameen,RCMP Municipal,Penticton Mun,2014,102.61
Crime Rates,Okanagan Similkameen,RCMP Provincial,Penticton Prov,2014,51.09
Crime Rates,Metro Vancouver,RCMP Municipal,Pitt Meadows Mun,2014,84.95
Crime Rates,Alberni Clayoquot,RCMP Municipal,Port Alberni Mun,2014,118.4
Crime Rates,Alberni Clayoquot,RCMP Provincial,Port Alberni Prov,2014,28.150000000000002
Crime Rates,Mount Waddington,RCMP Provincial,Port Alice Prov,2014,41.309999999999995
Crime Rates,Metro Vancouver,RCMP Municipal,Port Coquitlam Mun,2014,68.42
Crime Rates,Mount Waddington,RCMP Provincial,Port Hardy Prov,2014,147.23
Crime Rates,Mount Waddington,RCMP Provincial,Port McNeill Prov,2014,51.5
Crime Rates,Metro Vancouver,Independent Municipal,Port Moody Mun,2014,30.16
Crime Rates,Powell River,RCMP Municipal,Powell River Mun,2014,75.54
Crime Rates,Powell River,RCMP Provincial,Powell River Prov,2014,36.68
Crime Rates,Fraser Fort George,RCMP Municipal,Prince George Mun,2014,139.51
Crime Rates,Fraser Fort George,RCMP Provincial,Prince George Prov,2014,33.120000000000005
Crime Rates,North Coast Regional District (22),RCMP Municipal,Prince Rupert Mun,2014,200.60999999999999
Crime Rates,North Coast Regional District (22),RCMP Provincial,Prince Rupert Prov,2014,111.0
Crime Rates,Okanagan Similkameen,RCMP Provincial,Princeton Prov,2014,69.63
Crime Rates,Strathcona,RCMP Provincial,Quadra Island Prov,2014,25.07
Crime Rates,Nanaimo,RCMP Municipal,Qualicum Beach Mun,2014,26.810000000000002
Crime Rates,North Coast Regional District (22),RCMP Provincial,Queen Charlotte Prov,2014,51.220000000000006
Crime Rates,Cariboo,RCMP Municipal,Quesnel Mun,2014,185.43
Crime Rates,Cariboo,RCMP Provincial,Quesnel Prov,2014,43.51
Crime Rates,Columbia Shuswap,RCMP Municipal,Revelstoke Mun,2014,59.98
Crime Rates,Columbia Shuswap,RCMP Provincial,Revelstoke Prov,2014,53.82
Crime Rates,Metro Vancouver,RCMP Municipal,Richmond Mun,2014,59.9
Crime Rates,Metro Vancouver,RCMP Provincial,Ridge Meadows Prov,2014,308.51
Crime Rates,Capital,Independent Municipal,Saanich Mun,2014,35.07
Crime Rates,Central Kootenay,RCMP Provincial,Salmo Prov,2014,72.43
Crime Rates,Columbia Shuswap,RCMP Municipal,Salmon Arm Mun,2014,48.44
Crime Rates,Columbia Shuswap,RCMP Provincial,Salmon Arm Prov,2014,27.610000000000003
Crime Rates,Capital,RCMP Provincial,Saltspring Island Prov,2014,31.1
Crime Rates,Strathcona,RCMP Provincial,Sayward Prov,2014,65.81
Crime Rates,Sunshine Coast,RCMP Municipal,Sechelt Mun,2014,53.49
Crime Rates,Cowichan Valley,RCMP Provincial,Shawnigan Lake Prov,2014,34.75
Crime Rates,Columbia Shuswap,RCMP Provincial,Sicamous Prov,2014,63.449999999999996
Crime Rates,Capital,RCMP Municipal,Sidney Mun,2014,41.9
Crime Rates,Capital,RCMP Provincial,Sidney Prov,2014,80.73
Crime Rates,Central Kootenay,RCMP Provincial,Slocan Lake Prov,2014,64.84
Crime Rates,Bulkley Nechako,RCMP Municipal,Smithers Mun,2014,200.0
Crime Rates,Bulkley Nechako,RCMP Provincial,Smithers Prov,2014,48.49
Crime Rates,Capital,RCMP Municipal,Sooke Mun,2014,58.449999999999996
Crime Rates,Capital,RCMP Provincial,Sooke Prov,2014,35.98
Crime Rates,Okanagan Similkameen,RCMP Provincial,South Okanagan/Oliver,2014,83.14999999999999
Crime Rates,Okanagan Similkameen,RCMP Provincial,South Okanagan/Osoyoos,2014,104.61999999999999
Crime Rates,North Okanagan,RCMP Municipal,Spallumcheen Mun,2014,23.810000000000002
Crime Rates,Squamish Lillooet,RCMP Municipal,Squamish Mun,2014,82.78
Crime Rates,Squamish Lillooet,RCMP Provincial,Squamish Prov,2014,85.5
Crime Rates,Kitimat Stikine,RCMP Provincial,Stewart Prov,2014,115.29
Crime Rates,Squamish Lillooet,First Nations Aboriginal Police Service,Stl'atl'imx FNAPS,2014,108.17999999999999
Crime Rates,Okanagan Similkameen,RCMP Municipal,Summerland Mun,2014,33.71
Crime Rates,Sunshine Coast,RCMP Provincial,Sunshine Coast Prov,2014,42.0
Crime Rates,Metro Vancouver,RCMP Municipal,Surrey Mun,2014,95.85
Crime Rates,Bulkley Nechako,RCMP Provincial,Takla Landing Prov,2014,533.3299999999999
Crime Rates,Kitimat Stikine,RCMP Municipal,Terrace Mun,2014,190.32000000000002
Crime Rates,Kitimat Stikine,RCMP Provincial,Terrace Prov,2014,65.78
Crime Rates,Powell River,RCMP Provincial,Texada Island Prov,2014,27.49
Crime Rates,Thompson Nicola,RCMP Provincial,T'Kumlups Prov,2014,71.92
Crime Rates,Alberni Clayoquot,RCMP Provincial,Tofino Prov,2014,114.19
Crime Rates,Kootenay Boundary,RCMP Municipal,Trail Mun,2014,93.03
Crime Rates,Kootenay Boundary,RCMP Provincial,Trail and Greater District,2014,35.0
Crime Rates,Fraser Fort George,RCMP Provincial,Tsay Keh Dene Prov,2014,476.44
Crime Rates,Peace River,RCMP Provincial,Tumbler Ridge Prov,2014,47.42
Crime Rates,Alberni Clayoquot,RCMP Provincial,Ucluelet Prov,2014,60.4
Crime Rates,Metro Vancouver,RCMP Provincial,University Prov,2014,77.22
Crime Rates,Fraser Fort George,RCMP Provincial,Valemount Prov,2014,88.79
Crime Rates,Metro Vancouver,Independent Municipal,Vancouver Mun,2014,76.24000000000001
Crime Rates,Bulkley Nechako,RCMP Provincial,Vanderhoof Prov,2014,124.23
Crime Rates,North Okanagan,RCMP Municipal,Vernon Mun,2014,120.48
Crime Rates,North Okanagan,RCMP Provincial,Vernon Prov,2014,34.449999999999996
Crime Rates,Capital,Independent Municipal,Victoria Mun,2014,104.13
Crime Rates,Capital,RCMP Municipal,View Royal Mun,2014,38.230000000000004
Crime Rates,Cariboo,RCMP Provincial,Wells Prov,2014,87.32
Crime Rates,Central Okanagan,RCMP Municipal,West Kelowna Mun,2014,42.15
Crime Rates,Capital,RCMP Provincial,West Shore Prov,2014,23.88
Crime Rates,Metro Vancouver,Independent Municipal,West Vancouver Mun,2014,39.28
Crime Rates,Squamish Lillooet,RCMP Municipal,Whistler Mun,2014,116.63
Crime Rates,Squamish Lillooet,RCMP Provincial,Whistler Prov,2014,29.32
Crime Rates,Metro Vancouver,RCMP Municipal,White Rock Mun,2014,65.98
Crime Rates,Cariboo,RCMP Municipal,Williams Lake Mun,2014,273.36
Crime Rates,Cariboo,RCMP Provincial,Williams Lake Prov,2014,45.07
Violent Offenses,Fraser Valley,Independent Municipal,Abbotsford Mun,2014,1473.0
Violent Offenses,Fraser Valley,RCMP Provincial,Agassiz Prov,2014,88.0
Violent Offenses,Mount Waddington,RCMP Provincial,Alert Bay Prov,2014,53.0
Violent Offenses,Cariboo,RCMP Provincial,Alexis Creek Prov,2014,81.0
Violent Offenses,Cariboo,RCMP Provincial,Anahim Lake Prov,2014,44.0
Violent Offenses,North Okanagan,RCMP Provincial,Armstrong Prov,2014,31.0
Violent Offenses,Thompson Nicola,RCMP Provincial,Ashcroft Prov,2014,60.0
Violent Offenses,Kitimat Stikine,RCMP Provincial,Atlin Prov,2014,19.0
Violent Offenses,Thompson Nicola,RCMP Provincial,Barriere Prov,2014,69.0
Violent Offenses,Central Coast,RCMP Provincial,Bella Bella Prov,2014,85.0
Violent Offenses,Central Coast,RCMP Provincial,Bella Coola Prov,2014,57.0
Violent Offenses,Fraser Valley,RCMP Provincial,Boston Bar Prov,2014,13.0
Violent Offenses,Kootenay Boundary,RCMP Provincial,Boundary/Grand Forks Prov,2014,56.0
Violent Offenses,Kootenay Boundary,RCMP Provincial,Boundary/Midway Prov,2014,41.0
Violent Offenses,Metro Vancouver,RCMP Provincial,Bowen Island Prov,2014,27.0
Violent Offenses,Metro Vancouver,RCMP Municipal,Burnaby Mun,2014,1702.0
Violent Offenses,Bulkley Nechako,RCMP Provincial,Burns Lake Prov,2014,182.0
Violent Offenses,Strathcona,RCMP Municipal,Campbell River Mun,2014,468.0
Violent Offenses,Strathcona,RCMP Provincial,Campbell River Prov,2014,56.0
Violent Offenses,Central Kootenay,RCMP Municipal,Castlegar Mun,2014,132.0
Violent Offenses,Central Kootenay,RCMP Provincial,Castlegar Prov,2014,72.0
Violent Offenses,Capital,Independent Municipal,Central Saanich Mun,2014,89.0
Violent Offenses,Thompson Nicola,RCMP Provincial,Chase Prov,2014,86.0
Violent Offenses,Peace River,RCMP Provincial,Chetwynd Prov,2014,103.0
Violent Offenses,Fraser Valley,RCMP Municipal,Chilliwack Mun,2014,1079.0
Violent Offenses,Fraser Valley,RCMP Provincial,Chilliwack Prov,2014,101.0
Violent Offenses,Thompson Nicola,RCMP Provincial,Clearwater Prov,2014,59.0
Violent Offenses,Thompson Nicola,RCMP Provincial,Clinton Prov,2014,21.0
Violent Offenses,North Okanagan,RCMP Municipal,Coldstream Mun,2014,47.0
Violent Offenses,East Kootenay,RCMP Provincial,Columbia Valley Prov,2014,108.0
Violent Offenses,Capital,RCMP Municipal,Colwood Mun,2014,90.0
Violent Offenses,Comox Valley,RCMP Municipal,Comox Mun,2014,82.0
Violent Offenses,Comox Valley,RCMP Provincial,Comox Valley Prov,2014,221.0
Violent Offenses,Metro Vancouver,RCMP Municipal,Coquitlam Mun,2014,934.0
Violent Offenses,Metro Vancouver,RCMP Provincial,Coquitlam Prov,2014,12.0
Violent Offenses,Comox Valley,RCMP Municipal,Courtenay Mun,2014,403.0
Violent Offenses,East Kootenay,RCMP Municipal,Cranbrook Mun,2014,389.0
Violent Offenses,East Kootenay,RCMP Provincial,Cranbrook Prov,2014,53.0
Violent Offenses,Central Kootenay,RCMP Municipal,Creston Mun,2014,60.0
Violent Offenses,Central Kootenay,RCMP Provincial,Creston Prov,2014,46.0
Violent Offenses,Peace River,RCMP Municipal,Dawson Creek Mun,2014,317.0
Violent Offenses,Peace River,RCMP Provincial,Dawson Creek Prov,2014,68.0
Violent Offenses,Kitimat Stikine,RCMP Provincial,Dease Lake Prov,2014,65.0
Violent Offenses,Metro Vancouver,Independent Municipal,Delta Mun,2014,589.0
Violent Offenses,Cowichan Valley,RCMP Provincial,Duncan Prov,2014,314.0
Violent Offenses,East Kootenay,RCMP Provincial,Elk Valley Prov,2014,139.0
Violent Offenses,North Okanagan,RCMP Provincial,Enderby Prov,2014,81.0
Violent Offenses,Columbia Shuswap,RCMP Provincial,Falkland Prov,2014,18.0
Violent Offenses,Bulkley Nechako,RCMP Provincial,Fort St James Prov,2014,239.0
Violent Offenses,Peace River,RCMP Municipal,Fort St John Mun,2014,579.0
Violent Offenses,Peace River,RCMP Provincial,Fort St John Prov,2014,198.0
Violent Offenses,Bulkley Nechako,RCMP Provincial,Fraser Lake Prov,2014,36.0
Violent Offenses,Nanaimo,RCMP Provincial,Gabriola Island Prov,2014,43.0
Violent Offenses,Columbia Shuswap,RCMP Provincial,Golden Prov,2014,89.0
Violent Offenses,Fraser Valley,RCMP Municipal,Hope Mun,2014,141.0
Violent Offenses,Fraser Valley,RCMP Provincial,Hope  Prov,2014,15.0
Violent Offenses,Bulkley Nechako,RCMP Provincial,Houston/Granisle Prov,2014,96.0
Violent Offenses,Peace River,RCMP Provincial,Hudson's Hope Prov,2014,17.0
Violent Offenses,Thompson Nicola,RCMP Municipal,Kamloops Mun,2014,1415.0
Violent Offenses,Central Kootenay,RCMP Provincial,Kaslo Prov,2014,23.0
Violent Offenses,Central Okanagan,RCMP Municipal,Kelowna Mun,2014,1482.0
Violent Offenses,Central Okanagan,RCMP Provincial,Kelowna Prov,2014,153.0
Violent Offenses,Fraser Valley,RCMP Municipal,Kent Mun,2014,108.0
Violent Offenses,Okanagan Similkameen,RCMP Provincial,Keremeos Prov,2014,72.0
Violent Offenses,East Kootenay,RCMP Municipal,Kimberley Mun,2014,45.0
Violent Offenses,East Kootenay,RCMP Provincial,Kimberley Prov,2014,9.0
Violent Offenses,Kitimat Stikine,RCMP Municipal,Kitimat Mun,2014,163.0
Violent Offenses,Kitimat Stikine,RCMP Provincial,Kitimat Prov,2014,17.0
Violent Offenses,Cowichan Valley,RCMP Municipal,Ladysmith Mun,2014,62.0
Violent Offenses,Cowichan Valley,RCMP Provincial,Ladysmith Prov,2014,71.0
Violent Offenses,Central Okanagan,RCMP Municipal,Lake Country Mun,2014,112.0
Violent Offenses,Cowichan Valley,RCMP Provincial,Lake Cowichan Prov,2014,87.0
Violent Offenses,Capital,RCMP Municipal,Langford Mun,2014,297.0
Violent Offenses,Metro Vancouver,RCMP Municipal,Langley City Mun,2014,383.0
Violent Offenses,Metro Vancouver,RCMP Municipal,Langley Township Mun,2014,819.0
Violent Offenses,Squamish Lillooet,RCMP Provincial,Lillooet Prov,2014,81.0
Violent Offenses,Kitimat Stikine,RCMP Provincial,Lisims/Nass Valley Prov,2014,72.0
Violent Offenses,Thompson Nicola,RCMP Provincial,Logan Lake Prov,2014,33.0
Violent Offenses,North Okanagan,RCMP Provincial,Lumby Prov,2014,45.0
Violent Offenses,Thompson Nicola,RCMP Provincial,Lytton Prov,2014,38.0
Violent Offenses,Fraser Fort George,RCMP Provincial,Mackenzie Prov,2014,136.0
Violent Offenses,Metro Vancouver,RCMP Municipal,Maple Ridge Mun,2014,906.0
Violent Offenses,North Coast Regional District (22),RCMP Provincial,Masset Prov,2014,68.0
Violent Offenses,Fraser Fort George,RCMP Provincial,McBride Prov,2014,15.0
Violent Offenses,Thompson Nicola,RCMP Municipal,Merritt Mun,2014,217.0
Violent Offenses,Thompson Nicola,RCMP Provincial,Merritt Prov,2014,71.0
Violent Offenses,Fraser Valley,RCMP Municipal,Mission Mun,2014,538.0
Violent Offenses,Fraser Valley,RCMP Provincial,Mission Prov,2014,62.0
Violent Offenses,Central Kootenay,RCMP Provincial,Nakusp Prov,2014,43.0
Violent Offenses,Nanaimo,RCMP Municipal,Nanaimo Mun,2014,1127.0
Violent Offenses,Nanaimo,RCMP Provincial,Nanaimo Prov,2014,87.0
Violent Offenses,Central Kootenay,Independent Municipal,Nelson Mun,2014,156.0
Violent Offenses,Central Kootenay,RCMP Provincial,Nelson Prov,2014,57.0
Violent Offenses,Kitimat Stikine,RCMP Provincial,New Hazelton Prov,2014,305.0
Violent Offenses,Metro Vancouver,Independent Municipal,New Westminster Mun,2014,874.0
Violent Offenses,Strathcona,RCMP Provincial,Nootka Sound Prov,2014,48.0
Violent Offenses,Cowichan Valley,RCMP Municipal,North Cowichan Mun,2014,387.0
Violent Offenses,Capital,RCMP Municipal,North Saanich Mun,2014,38.0
Violent Offenses,Metro Vancouver,RCMP Municipal,North Vancouver City Mun,2014,484.0
Violent Offenses,Metro Vancouver,RCMP Municipal,North Vancouver District Mun,2014,354.0
Violent Offenses,Metro Vancouver,RCMP Provincial,North Vancouver Prov,2014,61.0
Violent Offenses,Northern Rockies,RCMP Municipal,Northern Rockies Mun,2014,186.0
Violent Offenses,Northern Rockies,RCMP Provincial,Northern Rockies Prov,2014,69.0
Violent Offenses,Capital,Independent Municipal,Oak Bay Mun,2014,59.0
Violent Offenses,Nanaimo,RCMP Provincial,Oceanside Prov,2014,135.0
Violent Offenses,Cariboo,RCMP Provincial,One Hundred Mile House Prov,2014,130.0
Violent Offenses,Capital,RCMP Provincial,Outer Gulf  Islands Prov,2014,23.0
Violent Offenses,Nanaimo,RCMP Municipal,Parksville Mun,2014,86.0
Violent Offenses,Central Okanagan,RCMP Municipal,Peachland Mun,2014,42.0
Violent Offenses,Squamish Lillooet,RCMP Provincial,Pemberton Prov,2014,62.0
Violent Offenses,Okanagan Similkameen,RCMP Municipal,Penticton Mun,2014,398.0
Violent Offenses,Okanagan Similkameen,RCMP Provincial,Penticton Prov,2014,65.0
Violent Offenses,Metro Vancouver,RCMP Municipal,Pitt Meadows Mun,2014,213.0
Violent Offenses,Alberni Clayoquot,RCMP Municipal,Port Alberni Mun,2014,385.0
Violent Offenses,Alberni Clayoquot,RCMP Provincial,Port Alberni Prov,2014,53.0
Violent Offenses,Mount Waddington,RCMP Provincial,Port Alice Prov,2014,8.0
Violent Offenses,Metro Vancouver,RCMP Municipal,Port Coquitlam Mun,2014,513.0
Violent Offenses,Mount Waddington,RCMP Provincial,Port Hardy Prov,2014,172.0
Violent Offenses,Mount Waddington,RCMP Provincial,Port McNeill Prov,2014,49.0
Violent Offenses,Metro Vancouver,Independent Municipal,Port Moody Mun,2014,119.0
Violent Offenses,Powell River,RCMP Municipal,Powell River Mun,2014,180.0
Violent Offenses,Powell River,RCMP Provincial,Powell River Prov,2014,43.0
Violent Offenses,Fraser Fort George,RCMP Municipal,Prince George Mun,2014,1584.0
Violent Offenses,Fraser Fort George,RCMP Provincial,Prince George Prov,2014,85.0
Violent Offenses,North Coast Regional District (22),RCMP Municipal,Prince Rupert Mun,2014,450.0
Violent Offenses,North Coast Regional District (22),RCMP Provincial,Prince Rupert Prov,2014,73.0
Violent Offenses,Okanagan Similkameen,RCMP Provincial,Princeton Prov,2014,69.0
Violent Offenses,Strathcona,RCMP Provincial,Quadra Island Prov,2014,15.0
Violent Offenses,Nanaimo,RCMP Municipal,Qualicum Beach Mun,2014,29.0
Violent Offenses,North Coast Regional District (22),RCMP Provincial,Queen Charlotte Prov,2014,16.0
Violent Offenses,Cariboo,RCMP Municipal,Quesnel Mun,2014,324.0
Violent Offenses,Cariboo,RCMP Provincial,Quesnel Prov,2014,147.0
Violent Offenses,Columbia Shuswap,RCMP Municipal,Revelstoke Mun,2014,68.0
Violent Offenses,Columbia Shuswap,RCMP Provincial,Revelstoke Prov,2014,3.0
Violent Offenses,Metro Vancouver,RCMP Municipal,Richmond Mun,2014,1356.0
Violent Offenses,Metro Vancouver,RCMP Provincial,Ridge Meadows Prov,2014,5.0
Violent Offenses,Capital,Independent Municipal,Saanich Mun,2014,683.0
Violent Offenses,Central Kootenay,RCMP Provincial,Salmo Prov,2014,39.0
Violent Offenses,Columbia Shuswap,RCMP Municipal,Salmon Arm Mun,2014,153.0
Violent Offenses,Columbia Shuswap,RCMP Provincial,Salmon Arm Prov,2014,65.0
Violent Offenses,Capital,RCMP Provincial,Saltspring Island Prov,2014,64.0
Violent Offenses,Strathcona,RCMP Provincial,Sayward Prov,2014,7.0
Violent Offenses,Sunshine Coast,RCMP Municipal,Sechelt Mun,2014,91.0
Violent Offenses,Cowichan Valley,RCMP Provincial,Shawnigan Lake Prov,2014,126.0
Violent Offenses,Columbia Shuswap,RCMP Provincial,Sicamous Prov,2014,38.0
Violent Offenses,Capital,RCMP Municipal,Sidney Mun,2014,70.0
Violent Offenses,Capital,RCMP Provincial,Sidney Prov,2014,62.0
Violent Offenses,Central Kootenay,RCMP Provincial,Slocan Lake Prov,2014,40.0
Violent Offenses,Bulkley Nechako,RCMP Municipal,Smithers Mun,2014,162.0
Violent Offenses,Bulkley Nechako,RCMP Provincial,Smithers Prov,2014,110.0
Violent Offenses,Capital,RCMP Municipal,Sooke Mun,2014,105.0
Violent Offenses,Capital,RCMP Provincial,Sooke Prov,2014,32.0
Violent Offenses,Okanagan Similkameen,RCMP Provincial,South Okanagan/Oliver,2014,116.0
Violent Offenses,Okanagan Similkameen,RCMP Provincial,South Okanagan/Osoyoos,2014,88.0
Violent Offenses,North Okanagan,RCMP Municipal,Spallumcheen Mun,2014,21.0
Violent Offenses,Squamish Lillooet,RCMP Municipal,Squamish Mun,2014,317.0
Violent Offenses,Squamish Lillooet,RCMP Provincial,Squamish Prov,2014,25.0
Violent Offenses,Kitimat Stikine,RCMP Provincial,Stewart Prov,2014,17.0
Violent Offenses,Squamish Lillooet,First Nations Aboriginal Police Service,Stl'atl'imx FNAPS,2014,142.0
Violent Offenses,Okanagan Similkameen,RCMP Municipal,Summerland Mun,2014,60.0
Violent Offenses,Sunshine Coast,RCMP Provincial,Sunshine Coast Prov,2014,137.0
Violent Offenses,Metro Vancouver,RCMP Municipal,Surrey Mun,2014,5629.0
Violent Offenses,Bulkley Nechako,RCMP Provincial,Takla Landing Prov,2014,43.0
Violent Offenses,Kitimat Stikine,RCMP Municipal,Terrace Mun,2014,302.0
Violent Offenses,Kitimat Stikine,RCMP Provincial,Terrace Prov,2014,115.0
Violent Offenses,Powell River,RCMP Provincial,Texada Island Prov,2014,7.0
Violent Offenses,Thompson Nicola,RCMP Provincial,T'Kumlups Prov,2014,119.0
Violent Offenses,Alberni Clayoquot,RCMP Provincial,Tofino Prov,2014,70.0
Violent Offenses,Kootenay Boundary,RCMP Municipal,Trail Mun,2014,145.0
Violent Offenses,Kootenay Boundary,RCMP Provincial,Trail and Greater District,2014,63.0
Violent Offenses,Fraser Fort George,RCMP Provincial,Tsay Keh Dene Prov,2014,52.0
Violent Offenses,Peace River,RCMP Provincial,Tumbler Ridge Prov,2014,31.0
Violent Offenses,Alberni Clayoquot,RCMP Provincial,Ucluelet Prov,2014,49.0
Violent Offenses,Metro Vancouver,RCMP Provincial,University Prov,2014,126.0
Violent Offenses,Fraser Fort George,RCMP Provincial,Valemount Prov,2014,26.0
Violent Offenses,Metro Vancouver,Independent Municipal,Vancouver Mun,2014,8221.0
Violent Offenses,Bulkley Nechako,RCMP Provincial,Vanderhoof Prov,2014,178.0
Violent Offenses,North Okanagan,RCMP Municipal,Vernon Mun,2014,652.0
Violent Offenses,North Okanagan,RCMP Provincial,Vernon Prov,2014,76.0
Violent Offenses,Capital,Independent Municipal,Victoria Mun,2014,2299.0
Violent Offenses,Capital,RCMP Municipal,View Royal Mun,2014,68.0
Violent Offenses,Cariboo,RCMP Provincial,Wells Prov,2014,9.0
Violent Offenses,Central Okanagan,RCMP Municipal,West Kelowna Mun,2014,179.0
Violent Offenses,Capital,RCMP Provincial,West Shore Prov,2014,55.0
Violent Offenses,Metro Vancouver,Independent Municipal,West Vancouver Mun,2014,268.0
Violent Offenses,Squamish Lillooet,RCMP Municipal,Whistler Mun,2014,189.0
Violent Offenses,Squamish Lillooet,RCMP Provincial,Whistler Prov,2014,2.0
Violent Offenses,Metro Vancouver,RCMP Municipal,White Rock Mun,2014,107.0
Violent Offenses,Cariboo,RCMP Municipal,Williams Lake Mun,2014,529.0
Violent Offenses,Cariboo,RCMP Provincial,Williams Lake Prov,2014,149.0
Property Offenses,Fraser Valley,Independent Municipal,Abbotsford Mun,2014,5559.0
Property Offenses,Fraser Valley,RCMP Provincial,Agassiz Prov,2014,202.0
Property Offenses,Mount Waddington,RCMP Provincial,Alert Bay Prov,2014,100.0
Property Offenses,Cariboo,RCMP Provincial,Alexis Creek Prov,2014,129.0
Property Offenses,Cariboo,RCMP Provincial,Anahim Lake Prov,2014,63.0
Property Offenses,North Okanagan,RCMP Provincial,Armstrong Prov,2014,131.0
Property Offenses,Thompson Nicola,RCMP Provincial,Ashcroft Prov,2014,111.0
Property Offenses,Kitimat Stikine,RCMP Provincial,Atlin Prov,2014,41.0
Property Offenses,Thompson Nicola,RCMP Provincial,Barriere Prov,2014,134.0
Property Offenses,Central Coast,RCMP Provincial,Bella Bella Prov,2014,104.0
Property Offenses,Central Coast,RCMP Provincial,Bella Coola Prov,2014,130.0
Property Offenses,Fraser Valley,RCMP Provincial,Boston Bar Prov,2014,40.0
Property Offenses,Kootenay Boundary,RCMP Provincial,Boundary/Grand Forks Prov,2014,325.0
Property Offenses,Kootenay Boundary,RCMP Provincial,Boundary/Midway Prov,2014,103.0
Property Offenses,Metro Vancouver,RCMP Provincial,Bowen Island Prov,2014,32.0
Property Offenses,Metro Vancouver,RCMP Municipal,Burnaby Mun,2014,11605.0
Property Offenses,Bulkley Nechako,RCMP Provincial,Burns Lake Prov,2014,371.0
Property Offenses,Strathcona,RCMP Municipal,Campbell River Mun,2014,1448.0
Property Offenses,Strathcona,RCMP Provincial,Campbell River Prov,2014,211.0
Property Offenses,Central Kootenay,RCMP Municipal,Castlegar Mun,2014,316.0
Property Offenses,Central Kootenay,RCMP Provincial,Castlegar Prov,2014,101.0
Property Offenses,Capital,Independent Municipal,Central Saanich Mun,2014,299.0
Property Offenses,Thompson Nicola,RCMP Provincial,Chase Prov,2014,313.0
Property Offenses,Peace River,RCMP Provincial,Chetwynd Prov,2014,224.0
Property Offenses,Fraser Valley,RCMP Municipal,Chilliwack Mun,2014,5417.0
Property Offenses,Fraser Valley,RCMP Provincial,Chilliwack Prov,2014,476.0
Property Offenses,Thompson Nicola,RCMP Provincial,Clearwater Prov,2014,134.0
Property Offenses,Thompson Nicola,RCMP Provincial,Clinton Prov,2014,59.0
Property Offenses,North Okanagan,RCMP Municipal,Coldstream Mun,2014,241.0
Property Offenses,East Kootenay,RCMP Provincial,Columbia Valley Prov,2014,312.0
Property Offenses,Capital,RCMP Municipal,Colwood Mun,2014,272.0
Property Offenses,Comox Valley,RCMP Municipal,Comox Mun,2014,271.0
Property Offenses,Comox Valley,RCMP Provincial,Comox Valley Prov,2014,472.0
Property Offenses,Metro Vancouver,RCMP Municipal,Coquitlam Mun,2014,5334.0
Property Offenses,Metro Vancouver,RCMP Provincial,Coquitlam Prov,2014,43.0
Property Offenses,Comox Valley,RCMP Municipal,Courtenay Mun,2014,1399.0
Property Offenses,East Kootenay,RCMP Municipal,Cranbrook Mun,2014,744.0
Property Offenses,East Kootenay,RCMP Provincial,Cranbrook Prov,2014,120.0
Property Offenses,Central Kootenay,RCMP Municipal,Creston Mun,2014,233.0
Property Offenses,Central Kootenay,RCMP Provincial,Creston Prov,2014,153.0
Property Offenses,Peace River,RCMP Municipal,Dawson Creek Mun,2014,744.0
Property Offenses,Peace River,RCMP Provincial,Dawson Creek Prov,2014,207.0
Property Offenses,Kitimat Stikine,RCMP Provincial,Dease Lake Prov,2014,52.0
Property Offenses,Metro Vancouver,Independent Municipal,Delta Mun,2014,3564.0
Property Offenses,Cowichan Valley,RCMP Provincial,Duncan Prov,2014,1034.0
Property Offenses,East Kootenay,RCMP Provincial,Elk Valley Prov,2014,477.0
Property Offenses,North Okanagan,RCMP Provincial,Enderby Prov,2014,272.0
Property Offenses,Columbia Shuswap,RCMP Provincial,Falkland Prov,2014,69.0
Property Offenses,Bulkley Nechako,RCMP Provincial,Fort St James Prov,2014,401.0
Property Offenses,Peace River,RCMP Municipal,Fort St John Mun,2014,1551.0
Property Offenses,Peace River,RCMP Provincial,Fort St John Prov,2014,388.0
Property Offenses,Bulkley Nechako,RCMP Provincial,Fraser Lake Prov,2014,47.0
Property Offenses,Nanaimo,RCMP Provincial,Gabriola Island Prov,2014,138.0
Property Offenses,Columbia Shuswap,RCMP Provincial,Golden Prov,2014,209.0
Property Offenses,Fraser Valley,RCMP Municipal,Hope Mun,2014,404.0
Property Offenses,Fraser Valley,RCMP Provincial,Hope  Prov,2014,91.0
Property Offenses,Bulkley Nechako,RCMP Provincial,Houston/Granisle Prov,2014,108.0
Property Offenses,Peace River,RCMP Provincial,Hudson's Hope Prov,2014,33.0
Property Offenses,Thompson Nicola,RCMP Municipal,Kamloops Mun,2014,4911.0
Property Offenses,Central Kootenay,RCMP Provincial,Kaslo Prov,2014,86.0
Property Offenses,Central Okanagan,RCMP Municipal,Kelowna Mun,2014,6684.0
Property Offenses,Central Okanagan,RCMP Provincial,Kelowna Prov,2014,835.0
Property Offenses,Fraser Valley,RCMP Municipal,Kent Mun,2014,193.0
Property Offenses,Okanagan Similkameen,RCMP Provincial,Keremeos Prov,2014,262.0
Property Offenses,East Kootenay,RCMP Municipal,Kimberley Mun,2014,153.0
Property Offenses,East Kootenay,RCMP Provincial,Kimberley Prov,2014,41.0
Property Offenses,Kitimat Stikine,RCMP Municipal,Kitimat Mun,2014,376.0
Property Offenses,Kitimat Stikine,RCMP Provincial,Kitimat Prov,2014,22.0
Property Offenses,Cowichan Valley,RCMP Municipal,Ladysmith Mun,2014,321.0
Property Offenses,Cowichan Valley,RCMP Provincial,Ladysmith Prov,2014,193.0
Property Offenses,Central Okanagan,RCMP Municipal,Lake Country Mun,2014,398.0
Property Offenses,Cowichan Valley,RCMP Provincial,Lake Cowichan Prov,2014,270.0
Property Offenses,Capital,RCMP Municipal,Langford Mun,2014,1168.0
Property Offenses,Metro Vancouver,RCMP Municipal,Langley City Mun,2014,2175.0
Property Offenses,Metro Vancouver,RCMP Municipal,Langley Township Mun,2014,6469.0
Property Offenses,Squamish Lillooet,RCMP Provincial,Lillooet Prov,2014,156.0
Property Offenses,Kitimat Stikine,RCMP Provincial,Lisims/Nass Valley Prov,2014,90.0
Property Offenses,Thompson Nicola,RCMP Provincial,Logan Lake Prov,2014,49.0
Property Offenses,North Okanagan,RCMP Provincial,Lumby Prov,2014,126.0
Property Offenses,Thompson Nicola,RCMP Provincial,Lytton Prov,2014,51.0
Property Offenses,Fraser Fort George,RCMP Provincial,Mackenzie Prov,2014,247.0
Property Offenses,Metro Vancouver,RCMP Municipal,Maple Ridge Mun,2014,4209.0
Property Offenses,North Coast Regional District (22),RCMP Provincial,Masset Prov,2014,159.0
Property Offenses,Fraser Fort George,RCMP Provincial,McBride Prov,2014,57.0
Property Offenses,Thompson Nicola,RCMP Municipal,Merritt Mun,2014,607.0
Property Offenses,Thompson Nicola,RCMP Provincial,Merritt Prov,2014,154.0
Property Offenses,Fraser Valley,RCMP Municipal,Mission Mun,2014,2253.0
Property Offenses,Fraser Valley,RCMP Provincial,Mission Prov,2014,122.0
Property Offenses,Central Kootenay,RCMP Provincial,Nakusp Prov,2014,129.0
Property Offenses,Nanaimo,RCMP Municipal,Nanaimo Mun,2014,6e3
Property Offenses,Nanaimo,RCMP Provincial,Nanaimo Prov,2014,310.0
Property Offenses,Central Kootenay,Independent Municipal,Nelson Mun,2014,555.0
Property Offenses,Central Kootenay,RCMP Provincial,Nelson Prov,2014,139.0
Property Offenses,Kitimat Stikine,RCMP Provincial,New Hazelton Prov,2014,449.0
Property Offenses,Metro Vancouver,Independent Municipal,New Westminster Mun,2014,3690.0
Property Offenses,Strathcona,RCMP Provincial,Nootka Sound Prov,2014,85.0
Property Offenses,Cowichan Valley,RCMP Municipal,North Cowichan Mun,2014,1212.0
Property Offenses,Capital,RCMP Municipal,North Saanich Mun,2014,200.0
Property Offenses,Metro Vancouver,RCMP Municipal,North Vancouver City Mun,2014,1920.0
Property Offenses,Metro Vancouver,RCMP Municipal,North Vancouver District Mun,2014,2300.0
Property Offenses,Metro Vancouver,RCMP Provincial,North Vancouver Prov,2014,141.0
Property Offenses,Northern Rockies,RCMP Municipal,Northern Rockies Mun,2014,302.0
Property Offenses,Northern Rockies,RCMP Provincial,Northern Rockies Prov,2014,159.0
Property Offenses,Capital,Independent Municipal,Oak Bay Mun,2014,389.0
Property Offenses,Nanaimo,RCMP Provincial,Oceanside Prov,2014,497.0
Property Offenses,Cariboo,RCMP Provincial,One Hundred Mile House Prov,2014,284.0
Property Offenses,Capital,RCMP Provincial,Outer Gulf  Islands Prov,2014,116.0
Property Offenses,Nanaimo,RCMP Municipal,Parksville Mun,2014,540.0
Property Offenses,Central Okanagan,RCMP Municipal,Peachland Mun,2014,152.0
Property Offenses,Squamish Lillooet,RCMP Provincial,Pemberton Prov,2014,111.0
Property Offenses,Okanagan Similkameen,RCMP Municipal,Penticton Mun,2014,2330.0
Property Offenses,Okanagan Similkameen,RCMP Provincial,Penticton Prov,2014,417.0
Property Offenses,Metro Vancouver,RCMP Municipal,Pitt Meadows Mun,2014,968.0
Property Offenses,Alberni Clayoquot,RCMP Municipal,Port Alberni Mun,2014,867.0
Property Offenses,Alberni Clayoquot,RCMP Provincial,Port Alberni Prov,2014,139.0
Property Offenses,Mount Waddington,RCMP Provincial,Port Alice Prov,2014,20.0
Property Offenses,Metro Vancouver,RCMP Municipal,Port Coquitlam Mun,2014,2522.0
Property Offenses,Mount Waddington,RCMP Provincial,Port Hardy Prov,2014,286.0
Property Offenses,Mount Waddington,RCMP Provincial,Port McNeill Prov,2014,134.0
Property Offenses,Metro Vancouver,Independent Municipal,Port Moody Mun,2014,803.0
Property Offenses,Powell River,RCMP Municipal,Powell River Mun,2014,583.0
Property Offenses,Powell River,RCMP Provincial,Powell River Prov,2014,129.0
Property Offenses,Fraser Fort George,RCMP Municipal,Prince George Mun,2014,4716.0
Property Offenses,Fraser Fort George,RCMP Provincial,Prince George Prov,2014,260.0
Property Offenses,North Coast Regional District (22),RCMP Municipal,Prince Rupert Mun,2014,897.0
Property Offenses,North Coast Regional District (22),RCMP Provincial,Prince Rupert Prov,2014,66.0
Property Offenses,Okanagan Similkameen,RCMP Provincial,Princeton Prov,2014,177.0
Property Offenses,Strathcona,RCMP Provincial,Quadra Island Prov,2014,62.0
Property Offenses,Nanaimo,RCMP Municipal,Qualicum Beach Mun,2014,170.0
Property Offenses,North Coast Regional District (22),RCMP Provincial,Queen Charlotte Prov,2014,76.0
Property Offenses,Cariboo,RCMP Municipal,Quesnel Mun,2014,810.0
Property Offenses,Cariboo,RCMP Provincial,Quesnel Prov,2014,319.0
Property Offenses,Columbia Shuswap,RCMP Municipal,Revelstoke Mun,2014,245.0
Property Offenses,Columbia Shuswap,RCMP Provincial,Revelstoke Prov,2014,19.0
Property Offenses,Metro Vancouver,RCMP Municipal,Richmond Mun,2014,8644.0
Property Offenses,Metro Vancouver,RCMP Provincial,Ridge Meadows Prov,2014,12.0
Property Offenses,Capital,Independent Municipal,Saanich Mun,2014,2891.0
Property Offenses,Central Kootenay,RCMP Provincial,Salmo Prov,2014,101.0
Property Offenses,Columbia Shuswap,RCMP Municipal,Salmon Arm Mun,2014,492.0
Property Offenses,Columbia Shuswap,RCMP Provincial,Salmon Arm Prov,2014,147.0
Property Offenses,Capital,RCMP Provincial,Saltspring Island Prov,2014,168.0
Property Offenses,Strathcona,RCMP Provincial,Sayward Prov,2014,37.0
Property Offenses,Sunshine Coast,RCMP Municipal,Sechelt Mun,2014,287.0
Property Offenses,Cowichan Valley,RCMP Provincial,Shawnigan Lake Prov,2014,360.0
Property Offenses,Columbia Shuswap,RCMP Provincial,Sicamous Prov,2014,175.0
Property Offenses,Capital,RCMP Municipal,Sidney Mun,2014,277.0
Property Offenses,Capital,RCMP Provincial,Sidney Prov,2014,99.0
Property Offenses,Central Kootenay,RCMP Provincial,Slocan Lake Prov,2014,55.0
Property Offenses,Bulkley Nechako,RCMP Municipal,Smithers Mun,2014,522.0
Property Offenses,Bulkley Nechako,RCMP Provincial,Smithers Prov,2014,215.0
Property Offenses,Capital,RCMP Municipal,Sooke Mun,2014,521.0
Property Offenses,Capital,RCMP Provincial,Sooke Prov,2014,110.0
Property Offenses,Okanagan Similkameen,RCMP Provincial,South Okanagan/Oliver,2014,457.0
Property Offenses,Okanagan Similkameen,RCMP Provincial,South Okanagan/Osoyoos,2014,539.0
Property Offenses,North Okanagan,RCMP Municipal,Spallumcheen Mun,2014,88.0
Property Offenses,Squamish Lillooet,RCMP Municipal,Squamish Mun,2014,833.0
Property Offenses,Squamish Lillooet,RCMP Provincial,Squamish Prov,2014,104.0
Property Offenses,Kitimat Stikine,RCMP Provincial,Stewart Prov,2014,22.0
Property Offenses,Squamish Lillooet,First Nations Aboriginal Police Service,Stl'atl'imx FNAPS,2014,89.0
Property Offenses,Okanagan Similkameen,RCMP Municipal,Summerland Mun,2014,290.0
Property Offenses,Sunshine Coast,RCMP Provincial,Sunshine Coast Prov,2014,498.0
Property Offenses,Metro Vancouver,RCMP Municipal,Surrey Mun,2014,34877.0
Property Offenses,Bulkley Nechako,RCMP Provincial,Takla Landing Prov,2014,31.0
Property Offenses,Kitimat Stikine,RCMP Municipal,Terrace Mun,2014,866.0
Property Offenses,Kitimat Stikine,RCMP Provincial,Terrace Prov,2014,265.0
Property Offenses,Powell River,RCMP Provincial,Texada Island Prov,2014,19.0
Property Offenses,Thompson Nicola,RCMP Provincial,T'Kumlups Prov,2014,411.0
Property Offenses,Alberni Clayoquot,RCMP Provincial,Tofino Prov,2014,177.0
Property Offenses,Kootenay Boundary,RCMP Municipal,Trail Mun,2014,306.0
Property Offenses,Kootenay Boundary,RCMP Provincial,Trail and Greater District,2014,230.0
Property Offenses,Fraser Fort George,RCMP Provincial,Tsay Keh Dene Prov,2014,45.0
Property Offenses,Peace River,RCMP Provincial,Tumbler Ridge Prov,2014,78.0
Property Offenses,Alberni Clayoquot,RCMP Provincial,Ucluelet Prov,2014,53.0
Property Offenses,Metro Vancouver,RCMP Provincial,University Prov,2014,964.0
Property Offenses,Fraser Fort George,RCMP Provincial,Valemount Prov,2014,73.0
Property Offenses,Metro Vancouver,Independent Municipal,Vancouver Mun,2014,36779.0
Property Offenses,Bulkley Nechako,RCMP Provincial,Vanderhoof Prov,2014,356.0
Property Offenses,North Okanagan,RCMP Municipal,Vernon Mun,2014,3017.0
Property Offenses,North Okanagan,RCMP Provincial,Vernon Prov,2014,261.0
Property Offenses,Capital,Independent Municipal,Victoria Mun,2014,6416.0
Property Offenses,Capital,RCMP Municipal,View Royal Mun,2014,268.0
Property Offenses,Cariboo,RCMP Provincial,Wells Prov,2014,13.0
Property Offenses,Central Okanagan,RCMP Municipal,West Kelowna Mun,2014,1036.0
Property Offenses,Capital,RCMP Provincial,West Shore Prov,2014,126.0
Property Offenses,Metro Vancouver,Independent Municipal,West Vancouver Mun,2014,1326.0
Property Offenses,Squamish Lillooet,RCMP Municipal,Whistler Mun,2014,649.0
Property Offenses,Squamish Lillooet,RCMP Provincial,Whistler Prov,2014,7.0
Property Offenses,Metro Vancouver,RCMP Municipal,White Rock Mun,2014,931.0
Property Offenses,Cariboo,RCMP Municipal,Williams Lake Mun,2014,1044.0
Property Offenses,Cariboo,RCMP Provincial,Williams Lake Prov,2014,274.0
Other CCC Offenses,Fraser Valley,Independent Municipal,Abbotsford Mun,2014,962.0
Other CCC Offenses,Fraser Valley,RCMP Provincial,Agassiz Prov,2014,123.0
Other CCC Offenses,Mount Waddington,RCMP Provincial,Alert Bay Prov,2014,79.0
Other CCC Offenses,Cariboo,RCMP Provincial,Alexis Creek Prov,2014,96.0
Other CCC Offenses,Cariboo,RCMP Provincial,Anahim Lake Prov,2014,51.0
Other CCC Offenses,North Okanagan,RCMP Provincial,Armstrong Prov,2014,39.0
Other CCC Offenses,Thompson Nicola,RCMP Provincial,Ashcroft Prov,2014,82.0
Other CCC Offenses,Kitimat Stikine,RCMP Provincial,Atlin Prov,2014,13.0
Other CCC Offenses,Thompson Nicola,RCMP Provincial,Barriere Prov,2014,43.0
Other CCC Offenses,Central Coast,RCMP Provincial,Bella Bella Prov,2014,80.0
Other CCC Offenses,Central Coast,RCMP Provincial,Bella Coola Prov,2014,42.0
Other CCC Offenses,Fraser Valley,RCMP Provincial,Boston Bar Prov,2014,22.0
Other CCC Offenses,Kootenay Boundary,RCMP Provincial,Boundary/Grand Forks Prov,2014,85.0
Other CCC Offenses,Kootenay Boundary,RCMP Provincial,Boundary/Midway Prov,2014,21.0
Other CCC Offenses,Metro Vancouver,RCMP Provincial,Bowen Island Prov,2014,11.0
Other CCC Offenses,Metro Vancouver,RCMP Municipal,Burnaby Mun,2014,1231.0
Other CCC Offenses,Bulkley Nechako,RCMP Provincial,Burns Lake Prov,2014,232.0
Other CCC Offenses,Strathcona,RCMP Municipal,Campbell River Mun,2014,1309.0
Other CCC Offenses,Strathcona,RCMP Provincial,Campbell River Prov,2014,105.0
Other CCC Offenses,Central Kootenay,RCMP Municipal,Castlegar Mun,2014,177.0
Other CCC Offenses,Central Kootenay,RCMP Provincial,Castlegar Prov,2014,44.0
Other CCC Offenses,Capital,Independent Municipal,Central Saanich Mun,2014,39.0
Other CCC Offenses,Thompson Nicola,RCMP Provincial,Chase Prov,2014,112.0
Other CCC Offenses,Peace River,RCMP Provincial,Chetwynd Prov,2014,153.0
Other CCC Offenses,Fraser Valley,RCMP Municipal,Chilliwack Mun,2014,2430.0
Other CCC Offenses,Fraser Valley,RCMP Provincial,Chilliwack Prov,2014,223.0
Other CCC Offenses,Thompson Nicola,RCMP Provincial,Clearwater Prov,2014,64.0
Other CCC Offenses,Thompson Nicola,RCMP Provincial,Clinton Prov,2014,17.0
Other CCC Offenses,North Okanagan,RCMP Municipal,Coldstream Mun,2014,41.0
Other CCC Offenses,East Kootenay,RCMP Provincial,Columbia Valley Prov,2014,149.0
Other CCC Offenses,Capital,RCMP Municipal,Colwood Mun,2014,95.0
Other CCC Offenses,Comox Valley,RCMP Municipal,Comox Mun,2014,101.0
Other CCC Offenses,Comox Valley,RCMP Provincial,Comox Valley Prov,2014,149.0
Other CCC Offenses,Metro Vancouver,RCMP Municipal,Coquitlam Mun,2014,1766.0
Other CCC Offenses,Metro Vancouver,RCMP Provincial,Coquitlam Prov,2014,18.0
Other CCC Offenses,Comox Valley,RCMP Municipal,Courtenay Mun,2014,703.0
Other CCC Offenses,East Kootenay,RCMP Municipal,Cranbrook Mun,2014,347.0
Other CCC Offenses,East Kootenay,RCMP Provincial,Cranbrook Prov,2014,39.0
Other CCC Offenses,Central Kootenay,RCMP Municipal,Creston Mun,2014,121.0
Other CCC Offenses,Central Kootenay,RCMP Provincial,Creston Prov,2014,92.0
Other CCC Offenses,Peace River,RCMP Municipal,Dawson Creek Mun,2014,654.0
Other CCC Offenses,Peace River,RCMP Provincial,Dawson Creek Prov,2014,60.0
Other CCC Offenses,Kitimat Stikine,RCMP Provincial,Dease Lake Prov,2014,72.0
Other CCC Offenses,Metro Vancouver,Independent Municipal,Delta Mun,2014,1119.0
Other CCC Offenses,Cowichan Valley,RCMP Provincial,Duncan Prov,2014,549.0
Other CCC Offenses,East Kootenay,RCMP Provincial,Elk Valley Prov,2014,166.0
Other CCC Offenses,North Okanagan,RCMP Provincial,Enderby Prov,2014,87.0
Other CCC Offenses,Columbia Shuswap,RCMP Provincial,Falkland Prov,2014,11.0
Other CCC Offenses,Bulkley Nechako,RCMP Provincial,Fort St James Prov,2014,375.0
Other CCC Offenses,Peace River,RCMP Municipal,Fort St John Mun,2014,984.0
Other CCC Offenses,Peace River,RCMP Provincial,Fort St John Prov,2014,135.0
Other CCC Offenses,Bulkley Nechako,RCMP Provincial,Fraser Lake Prov,2014,53.0
Other CCC Offenses,Nanaimo,RCMP Provincial,Gabriola Island Prov,2014,50.0
Other CCC Offenses,Columbia Shuswap,RCMP Provincial,Golden Prov,2014,156.0
Other CCC Offenses,Fraser Valley,RCMP Municipal,Hope Mun,2014,226.0
Other CCC Offenses,Fraser Valley,RCMP Provincial,Hope  Prov,2014,35.0
Other CCC Offenses,Bulkley Nechako,RCMP Provincial,Houston/Granisle Prov,2014,151.0
Other CCC Offenses,Peace River,RCMP Provincial,Hudson's Hope Prov,2014,17.0
Other CCC Offenses,Thompson Nicola,RCMP Municipal,Kamloops Mun,2014,2188.0
Other CCC Offenses,Central Kootenay,RCMP Provincial,Kaslo Prov,2014,26.0
Other CCC Offenses,Central Okanagan,RCMP Municipal,Kelowna Mun,2014,2645.0
Other CCC Offenses,Central Okanagan,RCMP Provincial,Kelowna Prov,2014,114.0
Other CCC Offenses,Fraser Valley,RCMP Municipal,Kent Mun,2014,82.0
Other CCC Offenses,Okanagan Similkameen,RCMP Provincial,Keremeos Prov,2014,102.0
Other CCC Offenses,East Kootenay,RCMP Municipal,Kimberley Mun,2014,23.0
Other CCC Offenses,East Kootenay,RCMP Provincial,Kimberley Prov,2014,4.0
Other CCC Offenses,Kitimat Stikine,RCMP Municipal,Kitimat Mun,2014,270.0
Other CCC Offenses,Kitimat Stikine,RCMP Provincial,Kitimat Prov,2014,11.0
Other CCC Offenses,Cowichan Valley,RCMP Municipal,Ladysmith Mun,2014,101.0
Other CCC Offenses,Cowichan Valley,RCMP Provincial,Ladysmith Prov,2014,46.0
Other CCC Offenses,Central Okanagan,RCMP Municipal,Lake Country Mun,2014,63.0
Other CCC Offenses,Cowichan Valley,RCMP Provincial,Lake Cowichan Prov,2014,78.0
Other CCC Offenses,Capital,RCMP Municipal,Langford Mun,2014,271.0
Other CCC Offenses,Metro Vancouver,RCMP Municipal,Langley City Mun,2014,1075.0
Other CCC Offenses,Metro Vancouver,RCMP Municipal,Langley Township Mun,2014,1418.0
Other CCC Offenses,Squamish Lillooet,RCMP Provincial,Lillooet Prov,2014,88.0
Other CCC Offenses,Kitimat Stikine,RCMP Provincial,Lisims/Nass Valley Prov,2014,74.0
Other CCC Offenses,Thompson Nicola,RCMP Provincial,Logan Lake Prov,2014,37.0
Other CCC Offenses,North Okanagan,RCMP Provincial,Lumby Prov,2014,40.0
Other CCC Offenses,Thompson Nicola,RCMP Provincial,Lytton Prov,2014,51.0
Other CCC Offenses,Fraser Fort George,RCMP Provincial,Mackenzie Prov,2014,160.0
Other CCC Offenses,Metro Vancouver,RCMP Municipal,Maple Ridge Mun,2014,1830.0
Other CCC Offenses,North Coast Regional District (22),RCMP Provincial,Masset Prov,2014,115.0
Other CCC Offenses,Fraser Fort George,RCMP Provincial,McBride Prov,2014,39.0
Other CCC Offenses,Thompson Nicola,RCMP Municipal,Merritt Mun,2014,215.0
Other CCC Offenses,Thompson Nicola,RCMP Provincial,Merritt Prov,2014,54.0
Other CCC Offenses,Fraser Valley,RCMP Municipal,Mission Mun,2014,864.0
Other CCC Offenses,Fraser Valley,RCMP Provincial,Mission Prov,2014,46.0
Other CCC Offenses,Central Kootenay,RCMP Provincial,Nakusp Prov,2014,31.0
Other CCC Offenses,Nanaimo,RCMP Municipal,Nanaimo Mun,2014,1854.0
Other CCC Offenses,Nanaimo,RCMP Provincial,Nanaimo Prov,2014,53.0
Other CCC Offenses,Central Kootenay,Independent Municipal,Nelson Mun,2014,154.0
Other CCC Offenses,Central Kootenay,RCMP Provincial,Nelson Prov,2014,35.0
Other CCC Offenses,Kitimat Stikine,RCMP Provincial,New Hazelton Prov,2014,432.0
Other CCC Offenses,Metro Vancouver,Independent Municipal,New Westminster Mun,2014,1252.0
Other CCC Offenses,Strathcona,RCMP Provincial,Nootka Sound Prov,2014,50.0
Other CCC Offenses,Cowichan Valley,RCMP Municipal,North Cowichan Mun,2014,419.0
Other CCC Offenses,Capital,RCMP Municipal,North Saanich Mun,2014,74.0
Other CCC Offenses,Metro Vancouver,RCMP Municipal,North Vancouver City Mun,2014,1095.0
Other CCC Offenses,Metro Vancouver,RCMP Municipal,North Vancouver District Mun,2014,672.0
Other CCC Offenses,Metro Vancouver,RCMP Provincial,North Vancouver Prov,2014,111.0
Other CCC Offenses,Northern Rockies,RCMP Municipal,Northern Rockies Mun,2014,203.0
Other CCC Offenses,Northern Rockies,RCMP Provincial,Northern Rockies Prov,2014,95.0
Other CCC Offenses,Capital,Independent Municipal,Oak Bay Mun,2014,31.0
Other CCC Offenses,Nanaimo,RCMP Provincial,Oceanside Prov,2014,93.0
Other CCC Offenses,Cariboo,RCMP Provincial,One Hundred Mile House Prov,2014,137.0
Other CCC Offenses,Capital,RCMP Provincial,Outer Gulf  Islands Prov,2014,19.0
Other CCC Offenses,Nanaimo,RCMP Municipal,Parksville Mun,2014,172.0
Other CCC Offenses,Central Okanagan,RCMP Municipal,Peachland Mun,2014,27.0
Other CCC Offenses,Squamish Lillooet,RCMP Provincial,Pemberton Prov,2014,103.0
Other CCC Offenses,Okanagan Similkameen,RCMP Municipal,Penticton Mun,2014,766.0
Other CCC Offenses,Okanagan Similkameen,RCMP Provincial,Penticton Prov,2014,100.0
Other CCC Offenses,Metro Vancouver,RCMP Municipal,Pitt Meadows Mun,2014,413.0
Other CCC Offenses,Alberni Clayoquot,RCMP Municipal,Port Alberni Mun,2014,708.0
Other CCC Offenses,Alberni Clayoquot,RCMP Provincial,Port Alberni Prov,2014,46.0
Other CCC Offenses,Mount Waddington,RCMP Provincial,Port Alice Prov,2014,6.0
Other CCC Offenses,Metro Vancouver,RCMP Municipal,Port Coquitlam Mun,2014,1077.0
Other CCC Offenses,Mount Waddington,RCMP Provincial,Port Hardy Prov,2014,321.0
Other CCC Offenses,Mount Waddington,RCMP Provincial,Port McNeill Prov,2014,45.0
Other CCC Offenses,Metro Vancouver,Independent Municipal,Port Moody Mun,2014,130.0
Other CCC Offenses,Powell River,RCMP Municipal,Powell River Mun,2014,221.0
Other CCC Offenses,Powell River,RCMP Provincial,Powell River Prov,2014,31.0
Other CCC Offenses,Fraser Fort George,RCMP Municipal,Prince George Mun,2014,3929.0
Other CCC Offenses,Fraser Fort George,RCMP Provincial,Prince George Prov,2014,90.0
Other CCC Offenses,North Coast Regional District (22),RCMP Municipal,Prince Rupert Mun,2014,1026.0
Other CCC Offenses,North Coast Regional District (22),RCMP Provincial,Prince Rupert Prov,2014,76.0
Other CCC Offenses,Okanagan Similkameen,RCMP Provincial,Princeton Prov,2014,99.0
Other CCC Offenses,Strathcona,RCMP Provincial,Quadra Island Prov,2014,11.0
Other CCC Offenses,Nanaimo,RCMP Municipal,Qualicum Beach Mun,2014,29.0
Other CCC Offenses,North Coast Regional District (22),RCMP Provincial,Queen Charlotte Prov,2014,26.0
Other CCC Offenses,Cariboo,RCMP Municipal,Quesnel Mun,2014,676.0
Other CCC Offenses,Cariboo,RCMP Provincial,Quesnel Prov,2014,118.0
Other CCC Offenses,Columbia Shuswap,RCMP Municipal,Revelstoke Mun,2014,119.0
Other CCC Offenses,Columbia Shuswap,RCMP Provincial,Revelstoke Prov,2014,9.0
Other CCC Offenses,Metro Vancouver,RCMP Municipal,Richmond Mun,2014,2345.0
Other CCC Offenses,Metro Vancouver,RCMP Provincial,Ridge Meadows Prov,2014,12.0
Other CCC Offenses,Capital,Independent Municipal,Saanich Mun,2014,320.0
Other CCC Offenses,Central Kootenay,RCMP Provincial,Salmo Prov,2014,56.0
Other CCC Offenses,Columbia Shuswap,RCMP Municipal,Salmon Arm Mun,2014,207.0
Other CCC Offenses,Columbia Shuswap,RCMP Provincial,Salmon Arm Prov,2014,46.0
Other CCC Offenses,Capital,RCMP Provincial,Saltspring Island Prov,2014,94.0
Other CCC Offenses,Strathcona,RCMP Provincial,Sayward Prov,2014,7.0
Other CCC Offenses,Sunshine Coast,RCMP Municipal,Sechelt Mun,2014,151.0
Other CCC Offenses,Cowichan Valley,RCMP Provincial,Shawnigan Lake Prov,2014,133.0
Other CCC Offenses,Columbia Shuswap,RCMP Provincial,Sicamous Prov,2014,28.0
Other CCC Offenses,Capital,RCMP Municipal,Sidney Mun,2014,118.0
Other CCC Offenses,Capital,RCMP Provincial,Sidney Prov,2014,126.0
Other CCC Offenses,Central Kootenay,RCMP Provincial,Slocan Lake Prov,2014,33.0
Other CCC Offenses,Bulkley Nechako,RCMP Municipal,Smithers Mun,2014,331.0
Other CCC Offenses,Bulkley Nechako,RCMP Provincial,Smithers Prov,2014,56.0
Other CCC Offenses,Capital,RCMP Municipal,Sooke Mun,2014,85.0
Other CCC Offenses,Capital,RCMP Provincial,Sooke Prov,2014,25.0
Other CCC Offenses,Okanagan Similkameen,RCMP Provincial,South Okanagan/Oliver,2014,134.0
Other CCC Offenses,Okanagan Similkameen,RCMP Provincial,South Okanagan/Osoyoos,2014,122.0
Other CCC Offenses,North Okanagan,RCMP Municipal,Spallumcheen Mun,2014,14.0
Other CCC Offenses,Squamish Lillooet,RCMP Municipal,Squamish Mun,2014,410.0
Other CCC Offenses,Squamish Lillooet,RCMP Provincial,Squamish Prov,2014,39.0
Other CCC Offenses,Kitimat Stikine,RCMP Provincial,Stewart Prov,2014,10.0
Other CCC Offenses,Squamish Lillooet,First Nations Aboriginal Police Service,Stl'atl'imx FNAPS,2014,101.0
Other CCC Offenses,Okanagan Similkameen,RCMP Municipal,Summerland Mun,2014,24.0
Other CCC Offenses,Sunshine Coast,RCMP Provincial,Sunshine Coast Prov,2014,154.0
Other CCC Offenses,Metro Vancouver,RCMP Municipal,Surrey Mun,2014,8947.0
Other CCC Offenses,Bulkley Nechako,RCMP Provincial,Takla Landing Prov,2014,30.0
Other CCC Offenses,Kitimat Stikine,RCMP Municipal,Terrace Mun,2014,963.0
Other CCC Offenses,Kitimat Stikine,RCMP Provincial,Terrace Prov,2014,159.0
Other CCC Offenses,Powell River,RCMP Provincial,Texada Island Prov,2014,3.0
Other CCC Offenses,Thompson Nicola,RCMP Provincial,T'Kumlups Prov,2014,89.0
Other CCC Offenses,Alberni Clayoquot,RCMP Provincial,Tofino Prov,2014,145.0
Other CCC Offenses,Kootenay Boundary,RCMP Municipal,Trail Mun,2014,240.0
Other CCC Offenses,Kootenay Boundary,RCMP Provincial,Trail and Greater District,2014,84.0
Other CCC Offenses,Fraser Fort George,RCMP Provincial,Tsay Keh Dene Prov,2014,85.0
Other CCC Offenses,Peace River,RCMP Provincial,Tumbler Ridge Prov,2014,30.0
Other CCC Offenses,Alberni Clayoquot,RCMP Provincial,Ucluelet Prov,2014,31.0
Other CCC Offenses,Metro Vancouver,RCMP Provincial,University Prov,2014,160.0
Other CCC Offenses,Fraser Fort George,RCMP Provincial,Valemount Prov,2014,38.0
Other CCC Offenses,Metro Vancouver,Independent Municipal,Vancouver Mun,2014,4204.0
Other CCC Offenses,Bulkley Nechako,RCMP Provincial,Vanderhoof Prov,2014,559.0
Other CCC Offenses,North Okanagan,RCMP Municipal,Vernon Mun,2014,1050.0
Other CCC Offenses,North Okanagan,RCMP Provincial,Vernon Prov,2014,59.0
Other CCC Offenses,Capital,Independent Municipal,Victoria Mun,2014,1721.0
Other CCC Offenses,Capital,RCMP Municipal,View Royal Mun,2014,75.0
Other CCC Offenses,Cariboo,RCMP Provincial,Wells Prov,2014,9.0
Other CCC Offenses,Central Okanagan,RCMP Municipal,West Kelowna Mun,2014,165.0
Other CCC Offenses,Capital,RCMP Provincial,West Shore Prov,2014,37.0
Other CCC Offenses,Metro Vancouver,Independent Municipal,West Vancouver Mun,2014,197.0
Other CCC Offenses,Squamish Lillooet,RCMP Municipal,Whistler Mun,2014,383.0
Other CCC Offenses,Squamish Lillooet,RCMP Provincial,Whistler Prov,2014,0.0
Other CCC Offenses,Metro Vancouver,RCMP Municipal,White Rock Mun,2014,231.0
Other CCC Offenses,Cariboo,RCMP Municipal,Williams Lake Mun,2014,1420.0
Other CCC Offenses,Cariboo,RCMP Provincial,Williams Lake Prov,2014,163.0
Homicide,Fraser Valley,Independent Municipal,Abbotsford Mun,2014,3.0
Homicide,Fraser Valley,RCMP Provincial,Agassiz Prov,2014,0.0
Homicide,Mount Waddington,RCMP Provincial,Alert Bay Prov,2014,0.0
Homicide,Cariboo,RCMP Provincial,Alexis Creek Prov,2014,0.0
Homicide,Cariboo,RCMP Provincial,Anahim Lake Prov,2014,2.0
Homicide,North Okanagan,RCMP Provincial,Armstrong Prov,2014,0.0
Homicide,Thompson Nicola,RCMP Provincial,Ashcroft Prov,2014,1.0
Homicide,Kitimat Stikine,RCMP Provincial,Atlin Prov,2014,0.0
Homicide,Thompson Nicola,RCMP Provincial,Barriere Prov,2014,0.0
Homicide,Central Coast,RCMP Provincial,Bella Bella Prov,2014,0.0
Homicide,Central Coast,RCMP Provincial,Bella Coola Prov,2014,0.0
Homicide,Fraser Valley,RCMP Provincial,Boston Bar Prov,2014,0.0
Homicide,Kootenay Boundary,RCMP Provincial,Boundary/Grand Forks Prov,2014,0.0
Homicide,Kootenay Boundary,RCMP Provincial,Boundary/Midway Prov,2014,0.0
Homicide,Metro Vancouver,RCMP Provincial,Bowen Island Prov,2014,0.0
Homicide,Metro Vancouver,RCMP Municipal,Burnaby Mun,2014,5.0
Homicide,Bulkley Nechako,RCMP Provincial,Burns Lake Prov,2014,0.0
Homicide,Strathcona,RCMP Municipal,Campbell River Mun,2014,3.0
Homicide,Strathcona,RCMP Provincial,Campbell River Prov,2014,0.0
Homicide,Central Kootenay,RCMP Municipal,Castlegar Mun,2014,0.0
Homicide,Central Kootenay,RCMP Provincial,Castlegar Prov,2014,0.0
Homicide,Capital,Independent Municipal,Central Saanich Mun,2014,0.0
Homicide,Thompson Nicola,RCMP Provincial,Chase Prov,2014,0.0
Homicide,Peace River,RCMP Provincial,Chetwynd Prov,2014,0.0
Homicide,Fraser Valley,RCMP Municipal,Chilliwack Mun,2014,3.0
Homicide,Fraser Valley,RCMP Provincial,Chilliwack Prov,2014,0.0
Homicide,Thompson Nicola,RCMP Provincial,Clearwater Prov,2014,1.0
Homicide,Thompson Nicola,RCMP Provincial,Clinton Prov,2014,1.0
Homicide,North Okanagan,RCMP Municipal,Coldstream Mun,2014,0.0
Homicide,East Kootenay,RCMP Provincial,Columbia Valley Prov,2014,0.0
Homicide,Capital,RCMP Municipal,Colwood Mun,2014,0.0
Homicide,Comox Valley,RCMP Municipal,Comox Mun,2014,0.0
Homicide,Comox Valley,RCMP Provincial,Comox Valley Prov,2014,0.0
Homicide,Metro Vancouver,RCMP Municipal,Coquitlam Mun,2014,1.0
Homicide,Metro Vancouver,RCMP Provincial,Coquitlam Prov,2014,0.0
Homicide,Comox Valley,RCMP Municipal,Courtenay Mun,2014,0.0
Homicide,East Kootenay,RCMP Municipal,Cranbrook Mun,2014,0.0
Homicide,East Kootenay,RCMP Provincial,Cranbrook Prov,2014,0.0
Homicide,Central Kootenay,RCMP Municipal,Creston Mun,2014,0.0
Homicide,Central Kootenay,RCMP Provincial,Creston Prov,2014,0.0
Homicide,Peace River,RCMP Municipal,Dawson Creek Mun,2014,0.0
Homicide,Peace River,RCMP Provincial,Dawson Creek Prov,2014,0.0
Homicide,Kitimat Stikine,RCMP Provincial,Dease Lake Prov,2014,0.0
Homicide,Metro Vancouver,Independent Municipal,Delta Mun,2014,1.0
Homicide,Cowichan Valley,RCMP Provincial,Duncan Prov,2014,0.0
Homicide,East Kootenay,RCMP Provincial,Elk Valley Prov,2014,0.0
Homicide,North Okanagan,RCMP Provincial,Enderby Prov,2014,0.0
Homicide,Columbia Shuswap,RCMP Provincial,Falkland Prov,2014,0.0
Homicide,Bulkley Nechako,RCMP Provincial,Fort St James Prov,2014,0.0
Homicide,Peace River,RCMP Municipal,Fort St John Mun,2014,1.0
Homicide,Peace River,RCMP Provincial,Fort St John Prov,2014,1.0
Homicide,Bulkley Nechako,RCMP Provincial,Fraser Lake Prov,2014,0.0
Homicide,Nanaimo,RCMP Provincial,Gabriola Island Prov,2014,0.0
Homicide,Columbia Shuswap,RCMP Provincial,Golden Prov,2014,0.0
Homicide,Fraser Valley,RCMP Municipal,Hope Mun,2014,0.0
Homicide,Fraser Valley,RCMP Provincial,Hope  Prov,2014,1.0
Homicide,Bulkley Nechako,RCMP Provincial,Houston/Granisle Prov,2014,0.0
Homicide,Peace River,RCMP Provincial,Hudson's Hope Prov,2014,0.0
Homicide,Thompson Nicola,RCMP Municipal,Kamloops Mun,2014,1.0
Homicide,Central Kootenay,RCMP Provincial,Kaslo Prov,2014,0.0
Homicide,Central Okanagan,RCMP Municipal,Kelowna Mun,2014,3.0
Homicide,Central Okanagan,RCMP Provincial,Kelowna Prov,2014,0.0
Homicide,Fraser Valley,RCMP Municipal,Kent Mun,2014,0.0
Homicide,Okanagan Similkameen,RCMP Provincial,Keremeos Prov,2014,0.0
Homicide,East Kootenay,RCMP Municipal,Kimberley Mun,2014,0.0
Homicide,East Kootenay,RCMP Provincial,Kimberley Prov,2014,0.0
Homicide,Kitimat Stikine,RCMP Municipal,Kitimat Mun,2014,0.0
Homicide,Kitimat Stikine,RCMP Provincial,Kitimat Prov,2014,0.0
Homicide,Cowichan Valley,RCMP Municipal,Ladysmith Mun,2014,0.0
Homicide,Cowichan Valley,RCMP Provincial,Ladysmith Prov,2014,0.0
Homicide,Central Okanagan,RCMP Municipal,Lake Country Mun,2014,0.0
Homicide,Cowichan Valley,RCMP Provincial,Lake Cowichan Prov,2014,0.0
Homicide,Capital,RCMP Municipal,Langford Mun,2014,0.0
Homicide,Metro Vancouver,RCMP Municipal,Langley City Mun,2014,0.0
Homicide,Metro Vancouver,RCMP Municipal,Langley Township Mun,2014,1.0
Homicide,Squamish Lillooet,RCMP Provincial,Lillooet Prov,2014,0.0
Homicide,Kitimat Stikine,RCMP Provincial,Lisims/Nass Valley Prov,2014,0.0
Homicide,Thompson Nicola,RCMP Provincial,Logan Lake Prov,2014,0.0
Homicide,North Okanagan,RCMP Provincial,Lumby Prov,2014,1.0
Homicide,Thompson Nicola,RCMP Provincial,Lytton Prov,2014,0.0
Homicide,Fraser Fort George,RCMP Provincial,Mackenzie Prov,2014,2.0
Homicide,Metro Vancouver,RCMP Municipal,Maple Ridge Mun,2014,3.0
Homicide,North Coast Regional District (22),RCMP Provincial,Masset Prov,2014,0.0
Homicide,Fraser Fort George,RCMP Provincial,McBride Prov,2014,0.0
Homicide,Thompson Nicola,RCMP Municipal,Merritt Mun,2014,0.0
Homicide,Thompson Nicola,RCMP Provincial,Merritt Prov,2014,0.0
Homicide,Fraser Valley,RCMP Municipal,Mission Mun,2014,1.0
Homicide,Fraser Valley,RCMP Provincial,Mission Prov,2014,1.0
Homicide,Central Kootenay,RCMP Provincial,Nakusp Prov,2014,0.0
Homicide,Nanaimo,RCMP Municipal,Nanaimo Mun,2014,2.0
Homicide,Nanaimo,RCMP Provincial,Nanaimo Prov,2014,0.0
Homicide,Central Kootenay,Independent Municipal,Nelson Mun,2014,0.0
Homicide,Central Kootenay,RCMP Provincial,Nelson Prov,2014,0.0
Homicide,Kitimat Stikine,RCMP Provincial,New Hazelton Prov,2014,0.0
Homicide,Metro Vancouver,Independent Municipal,New Westminster Mun,2014,2.0
Homicide,Strathcona,RCMP Provincial,Nootka Sound Prov,2014,0.0
Homicide,Cowichan Valley,RCMP Municipal,North Cowichan Mun,2014,0.0
Homicide,Capital,RCMP Municipal,North Saanich Mun,2014,0.0
Homicide,Metro Vancouver,RCMP Municipal,North Vancouver City Mun,2014,0.0
Homicide,Metro Vancouver,RCMP Municipal,North Vancouver District Mun,2014,0.0
Homicide,Metro Vancouver,RCMP Provincial,North Vancouver Prov,2014,0.0
Homicide,Northern Rockies,RCMP Municipal,Northern Rockies Mun,2014,0.0
Homicide,Northern Rockies,RCMP Provincial,Northern Rockies Prov,2014,0.0
Homicide,Capital,Independent Municipal,Oak Bay Mun,2014,0.0
Homicide,Nanaimo,RCMP Provincial,Oceanside Prov,2014,0.0
Homicide,Cariboo,RCMP Provincial,One Hundred Mile House Prov,2014,0.0
Homicide,Capital,RCMP Provincial,Outer Gulf  Islands Prov,2014,0.0
Homicide,Nanaimo,RCMP Municipal,Parksville Mun,2014,0.0
Homicide,Central Okanagan,RCMP Municipal,Peachland Mun,2014,0.0
Homicide,Squamish Lillooet,RCMP Provincial,Pemberton Prov,2014,0.0
Homicide,Okanagan Similkameen,RCMP Municipal,Penticton Mun,2014,0.0
Homicide,Okanagan Similkameen,RCMP Provincial,Penticton Prov,2014,0.0
Homicide,Metro Vancouver,RCMP Municipal,Pitt Meadows Mun,2014,0.0
Homicide,Alberni Clayoquot,RCMP Municipal,Port Alberni Mun,2014,0.0
Homicide,Alberni Clayoquot,RCMP Provincial,Port Alberni Prov,2014,0.0
Homicide,Mount Waddington,RCMP Provincial,Port Alice Prov,2014,1.0
Homicide,Metro Vancouver,RCMP Municipal,Port Coquitlam Mun,2014,1.0
Homicide,Mount Waddington,RCMP Provincial,Port Hardy Prov,2014,0.0
Homicide,Mount Waddington,RCMP Provincial,Port McNeill Prov,2014,0.0
Homicide,Metro Vancouver,Independent Municipal,Port Moody Mun,2014,0.0
Homicide,Powell River,RCMP Municipal,Powell River Mun,2014,0.0
Homicide,Powell River,RCMP Provincial,Powell River Prov,2014,0.0
Homicide,Fraser Fort George,RCMP Municipal,Prince George Mun,2014,0.0
Homicide,Fraser Fort George,RCMP Provincial,Prince George Prov,2014,1.0
Homicide,North Coast Regional District (22),RCMP Municipal,Prince Rupert Mun,2014,1.0
Homicide,North Coast Regional District (22),RCMP Provincial,Prince Rupert Prov,2014,0.0
Homicide,Okanagan Similkameen,RCMP Provincial,Princeton Prov,2014,0.0
Homicide,Strathcona,RCMP Provincial,Quadra Island Prov,2014,0.0
Homicide,Nanaimo,RCMP Municipal,Qualicum Beach Mun,2014,0.0
Homicide,North Coast Regional District (22),RCMP Provincial,Queen Charlotte Prov,2014,0.0
Homicide,Cariboo,RCMP Municipal,Quesnel Mun,2014,0.0
Homicide,Cariboo,RCMP Provincial,Quesnel Prov,2014,1.0
Homicide,Columbia Shuswap,RCMP Municipal,Revelstoke Mun,2014,0.0
Homicide,Columbia Shuswap,RCMP Provincial,Revelstoke Prov,2014,0.0
Homicide,Metro Vancouver,RCMP Municipal,Richmond Mun,2014,4.0
Homicide,Metro Vancouver,RCMP Provincial,Ridge Meadows Prov,2014,0.0
Homicide,Capital,Independent Municipal,Saanich Mun,2014,2.0
Homicide,Central Kootenay,RCMP Provincial,Salmo Prov,2014,0.0
Homicide,Columbia Shuswap,RCMP Municipal,Salmon Arm Mun,2014,0.0
Homicide,Columbia Shuswap,RCMP Provincial,Salmon Arm Prov,2014,0.0
Homicide,Capital,RCMP Provincial,Saltspring Island Prov,2014,0.0
Homicide,Strathcona,RCMP Provincial,Sayward Prov,2014,0.0
Homicide,Sunshine Coast,RCMP Municipal,Sechelt Mun,2014,1.0
Homicide,Cowichan Valley,RCMP Provincial,Shawnigan Lake Prov,2014,0.0
Homicide,Columbia Shuswap,RCMP Provincial,Sicamous Prov,2014,0.0
Homicide,Capital,RCMP Municipal,Sidney Mun,2014,0.0
Homicide,Capital,RCMP Provincial,Sidney Prov,2014,0.0
Homicide,Central Kootenay,RCMP Provincial,Slocan Lake Prov,2014,0.0
Homicide,Bulkley Nechako,RCMP Municipal,Smithers Mun,2014,1.0
Homicide,Bulkley Nechako,RCMP Provincial,Smithers Prov,2014,0.0
Homicide,Capital,RCMP Municipal,Sooke Mun,2014,1.0
Homicide,Capital,RCMP Provincial,Sooke Prov,2014,0.0
Homicide,Okanagan Similkameen,RCMP Provincial,South Okanagan/Oliver,2014,0.0
Homicide,Okanagan Similkameen,RCMP Provincial,South Okanagan/Osoyoos,2014,0.0
Homicide,North Okanagan,RCMP Municipal,Spallumcheen Mun,2014,0.0
Homicide,Squamish Lillooet,RCMP Municipal,Squamish Mun,2014,0.0
Homicide,Squamish Lillooet,RCMP Provincial,Squamish Prov,2014,0.0
Homicide,Kitimat Stikine,RCMP Provincial,Stewart Prov,2014,0.0
Homicide,Squamish Lillooet,First Nations Aboriginal Police Service,Stl'atl'imx FNAPS,2014,0.0
Homicide,Okanagan Similkameen,RCMP Municipal,Summerland Mun,2014,0.0
Homicide,Sunshine Coast,RCMP Provincial,Sunshine Coast Prov,2014,0.0
Homicide,Metro Vancouver,RCMP Municipal,Surrey Mun,2014,17.0
Homicide,Bulkley Nechako,RCMP Provincial,Takla Landing Prov,2014,0.0
Homicide,Kitimat Stikine,RCMP Municipal,Terrace Mun,2014,1.0
Homicide,Kitimat Stikine,RCMP Provincial,Terrace Prov,2014,0.0
Homicide,Powell River,RCMP Provincial,Texada Island Prov,2014,0.0
Homicide,Thompson Nicola,RCMP Provincial,T'Kumlups Prov,2014,0.0
Homicide,Alberni Clayoquot,RCMP Provincial,Tofino Prov,2014,0.0
Homicide,Kootenay Boundary,RCMP Municipal,Trail Mun,2014,0.0
Homicide,Kootenay Boundary,RCMP Provincial,Trail and Greater District,2014,2.0
Homicide,Fraser Fort George,RCMP Provincial,Tsay Keh Dene Prov,2014,0.0
Homicide,Peace River,RCMP Provincial,Tumbler Ridge Prov,2014,0.0
Homicide,Alberni Clayoquot,RCMP Provincial,Ucluelet Prov,2014,0.0
Homicide,Metro Vancouver,RCMP Provincial,University Prov,2014,0.0
Homicide,Fraser Fort George,RCMP Provincial,Valemount Prov,2014,0.0
Homicide,Metro Vancouver,Independent Municipal,Vancouver Mun,2014,10.0
Homicide,Bulkley Nechako,RCMP Provincial,Vanderhoof Prov,2014,0.0
Homicide,North Okanagan,RCMP Municipal,Vernon Mun,2014,0.0
Homicide,North Okanagan,RCMP Provincial,Vernon Prov,2014,0.0
Homicide,Capital,Independent Municipal,Victoria Mun,2014,1.0
Homicide,Capital,RCMP Municipal,View Royal Mun,2014,0.0
Homicide,Cariboo,RCMP Provincial,Wells Prov,2014,0.0
Homicide,Central Okanagan,RCMP Municipal,West Kelowna Mun,2014,0.0
Homicide,Capital,RCMP Provincial,West Shore Prov,2014,0.0
Homicide,Metro Vancouver,Independent Municipal,West Vancouver Mun,2014,0.0
Homicide,Squamish Lillooet,RCMP Municipal,Whistler Mun,2014,0.0
Homicide,Squamish Lillooet,RCMP Provincial,Whistler Prov,2014,0.0
Homicide,Metro Vancouver,RCMP Municipal,White Rock Mun,2014,1.0
Homicide,Cariboo,RCMP Municipal,Williams Lake Mun,2014,1.0
Homicide,Cariboo,RCMP Provincial,Williams Lake Prov,2014,1.0
Motor Vehicle Theft,Fraser Valley,Independent Municipal,Abbotsford Mun,2014,468.0
Motor Vehicle Theft,Fraser Valley,RCMP Provincial,Agassiz Prov,2014,16.0
Motor Vehicle Theft,Mount Waddington,RCMP Provincial,Alert Bay Prov,2014,1.0
Motor Vehicle Theft,Cariboo,RCMP Provincial,Alexis Creek Prov,2014,24.0
Motor Vehicle Theft,Cariboo,RCMP Provincial,Anahim Lake Prov,2014,1.0
Motor Vehicle Theft,North Okanagan,RCMP Provincial,Armstrong Prov,2014,12.0
Motor Vehicle Theft,Thompson Nicola,RCMP Provincial,Ashcroft Prov,2014,5.0
Motor Vehicle Theft,Kitimat Stikine,RCMP Provincial,Atlin Prov,2014,0.0
Motor Vehicle Theft,Thompson Nicola,RCMP Provincial,Barriere Prov,2014,12.0
Motor Vehicle Theft,Central Coast,RCMP Provincial,Bella Bella Prov,2014,1.0
Motor Vehicle Theft,Central Coast,RCMP Provincial,Bella Coola Prov,2014,1.0
Motor Vehicle Theft,Fraser Valley,RCMP Provincial,Boston Bar Prov,2014,3.0
Motor Vehicle Theft,Kootenay Boundary,RCMP Provincial,Boundary/Grand Forks Prov,2014,12.0
Motor Vehicle Theft,Kootenay Boundary,RCMP Provincial,Boundary/Midway Prov,2014,7.0
Motor Vehicle Theft,Metro Vancouver,RCMP Provincial,Bowen Island Prov,2014,0.0
Motor Vehicle Theft,Metro Vancouver,RCMP Municipal,Burnaby Mun,2014,873.0
Motor Vehicle Theft,Bulkley Nechako,RCMP Provincial,Burns Lake Prov,2014,5.0
Motor Vehicle Theft,Strathcona,RCMP Municipal,Campbell River Mun,2014,61.0
Motor Vehicle Theft,Strathcona,RCMP Provincial,Campbell River Prov,2014,11.0
Motor Vehicle Theft,Central Kootenay,RCMP Municipal,Castlegar Mun,2014,12.0
Motor Vehicle Theft,Central Kootenay,RCMP Provincial,Castlegar Prov,2014,5.0
Motor Vehicle Theft,Capital,Independent Municipal,Central Saanich Mun,2014,5.0
Motor Vehicle Theft,Thompson Nicola,RCMP Provincial,Chase Prov,2014,32.0
Motor Vehicle Theft,Peace River,RCMP Provincial,Chetwynd Prov,2014,16.0
Motor Vehicle Theft,Fraser Valley,RCMP Municipal,Chilliwack Mun,2014,362.0
Motor Vehicle Theft,Fraser Valley,RCMP Provincial,Chilliwack Prov,2014,35.0
Motor Vehicle Theft,Thompson Nicola,RCMP Provincial,Clearwater Prov,2014,18.0
Motor Vehicle Theft,Thompson Nicola,RCMP Provincial,Clinton Prov,2014,8.0
Motor Vehicle Theft,North Okanagan,RCMP Municipal,Coldstream Mun,2014,13.0
Motor Vehicle Theft,East Kootenay,RCMP Provincial,Columbia Valley Prov,2014,12.0
Motor Vehicle Theft,Capital,RCMP Municipal,Colwood Mun,2014,7.0
Motor Vehicle Theft,Comox Valley,RCMP Municipal,Comox Mun,2014,4.0
Motor Vehicle Theft,Comox Valley,RCMP Provincial,Comox Valley Prov,2014,43.0
Motor Vehicle Theft,Metro Vancouver,RCMP Municipal,Coquitlam Mun,2014,300.0
Motor Vehicle Theft,Metro Vancouver,RCMP Provincial,Coquitlam Prov,2014,1.0
Motor Vehicle Theft,Comox Valley,RCMP Municipal,Courtenay Mun,2014,28.0
Motor Vehicle Theft,East Kootenay,RCMP Municipal,Cranbrook Mun,2014,17.0
Motor Vehicle Theft,East Kootenay,RCMP Provincial,Cranbrook Prov,2014,6.0
Motor Vehicle Theft,Central Kootenay,RCMP Municipal,Creston Mun,2014,7.0
Motor Vehicle Theft,Central Kootenay,RCMP Provincial,Creston Prov,2014,10.0
Motor Vehicle Theft,Peace River,RCMP Municipal,Dawson Creek Mun,2014,50.0
Motor Vehicle Theft,Peace River,RCMP Provincial,Dawson Creek Prov,2014,32.0
Motor Vehicle Theft,Kitimat Stikine,RCMP Provincial,Dease Lake Prov,2014,2.0
Motor Vehicle Theft,Metro Vancouver,Independent Municipal,Delta Mun,2014,294.0
Motor Vehicle Theft,Cowichan Valley,RCMP Provincial,Duncan Prov,2014,32.0
Motor Vehicle Theft,East Kootenay,RCMP Provincial,Elk Valley Prov,2014,25.0
Motor Vehicle Theft,North Okanagan,RCMP Provincial,Enderby Prov,2014,21.0
Motor Vehicle Theft,Columbia Shuswap,RCMP Provincial,Falkland Prov,2014,13.0
Motor Vehicle Theft,Bulkley Nechako,RCMP Provincial,Fort St James Prov,2014,14.0
Motor Vehicle Theft,Peace River,RCMP Municipal,Fort St John Mun,2014,100.0
Motor Vehicle Theft,Peace River,RCMP Provincial,Fort St John Prov,2014,73.0
Motor Vehicle Theft,Bulkley Nechako,RCMP Provincial,Fraser Lake Prov,2014,5.0
Motor Vehicle Theft,Nanaimo,RCMP Provincial,Gabriola Island Prov,2014,2.0
Motor Vehicle Theft,Columbia Shuswap,RCMP Provincial,Golden Prov,2014,14.0
Motor Vehicle Theft,Fraser Valley,RCMP Municipal,Hope Mun,2014,38.0
Motor Vehicle Theft,Fraser Valley,RCMP Provincial,Hope  Prov,2014,10.0
Motor Vehicle Theft,Bulkley Nechako,RCMP Provincial,Houston/Granisle Prov,2014,3.0
Motor Vehicle Theft,Peace River,RCMP Provincial,Hudson's Hope Prov,2014,2.0
Motor Vehicle Theft,Thompson Nicola,RCMP Municipal,Kamloops Mun,2014,277.0
Motor Vehicle Theft,Central Kootenay,RCMP Provincial,Kaslo Prov,2014,6.0
Motor Vehicle Theft,Central Okanagan,RCMP Municipal,Kelowna Mun,2014,417.0
Motor Vehicle Theft,Central Okanagan,RCMP Provincial,Kelowna Prov,2014,57.0
Motor Vehicle Theft,Fraser Valley,RCMP Municipal,Kent Mun,2014,10.0
Motor Vehicle Theft,Okanagan Similkameen,RCMP Provincial,Keremeos Prov,2014,19.0
Motor Vehicle Theft,East Kootenay,RCMP Municipal,Kimberley Mun,2014,6.0
Motor Vehicle Theft,East Kootenay,RCMP Provincial,Kimberley Prov,2014,3.0
Motor Vehicle Theft,Kitimat Stikine,RCMP Municipal,Kitimat Mun,2014,27.0
Motor Vehicle Theft,Kitimat Stikine,RCMP Provincial,Kitimat Prov,2014,3.0
Motor Vehicle Theft,Cowichan Valley,RCMP Municipal,Ladysmith Mun,2014,16.0
Motor Vehicle Theft,Cowichan Valley,RCMP Provincial,Ladysmith Prov,2014,15.0
Motor Vehicle Theft,Central Okanagan,RCMP Municipal,Lake Country Mun,2014,29.0
Motor Vehicle Theft,Cowichan Valley,RCMP Provincial,Lake Cowichan Prov,2014,9.0
Motor Vehicle Theft,Capital,RCMP Municipal,Langford Mun,2014,30.0
Motor Vehicle Theft,Metro Vancouver,RCMP Municipal,Langley City Mun,2014,224.0
Motor Vehicle Theft,Metro Vancouver,RCMP Municipal,Langley Township Mun,2014,616.0
Motor Vehicle Theft,Squamish Lillooet,RCMP Provincial,Lillooet Prov,2014,9.0
Motor Vehicle Theft,Kitimat Stikine,RCMP Provincial,Lisims/Nass Valley Prov,2014,3.0
Motor Vehicle Theft,Thompson Nicola,RCMP Provincial,Logan Lake Prov,2014,1.0
Motor Vehicle Theft,North Okanagan,RCMP Provincial,Lumby Prov,2014,13.0
Motor Vehicle Theft,Thompson Nicola,RCMP Provincial,Lytton Prov,2014,3.0
Motor Vehicle Theft,Fraser Fort George,RCMP Provincial,Mackenzie Prov,2014,10.0
Motor Vehicle Theft,Metro Vancouver,RCMP Municipal,Maple Ridge Mun,2014,312.0
Motor Vehicle Theft,North Coast Regional District (22),RCMP Provincial,Masset Prov,2014,7.0
Motor Vehicle Theft,Fraser Fort George,RCMP Provincial,McBride Prov,2014,5.0
Motor Vehicle Theft,Thompson Nicola,RCMP Municipal,Merritt Mun,2014,19.0
Motor Vehicle Theft,Thompson Nicola,RCMP Provincial,Merritt Prov,2014,7.0
Motor Vehicle Theft,Fraser Valley,RCMP Municipal,Mission Mun,2014,228.0
Motor Vehicle Theft,Fraser Valley,RCMP Provincial,Mission Prov,2014,16.0
Motor Vehicle Theft,Central Kootenay,RCMP Provincial,Nakusp Prov,2014,5.0
Motor Vehicle Theft,Nanaimo,RCMP Municipal,Nanaimo Mun,2014,314.0
Motor Vehicle Theft,Nanaimo,RCMP Provincial,Nanaimo Prov,2014,33.0
Motor Vehicle Theft,Central Kootenay,Independent Municipal,Nelson Mun,2014,7.0
Motor Vehicle Theft,Central Kootenay,RCMP Provincial,Nelson Prov,2014,11.0
Motor Vehicle Theft,Kitimat Stikine,RCMP Provincial,New Hazelton Prov,2014,11.0
Motor Vehicle Theft,Metro Vancouver,Independent Municipal,New Westminster Mun,2014,318.0
Motor Vehicle Theft,Strathcona,RCMP Provincial,Nootka Sound Prov,2014,1.0
Motor Vehicle Theft,Cowichan Valley,RCMP Municipal,North Cowichan Mun,2014,47.0
Motor Vehicle Theft,Capital,RCMP Municipal,North Saanich Mun,2014,4.0
Motor Vehicle Theft,Metro Vancouver,RCMP Municipal,North Vancouver City Mun,2014,56.0
Motor Vehicle Theft,Metro Vancouver,RCMP Municipal,North Vancouver District Mun,2014,60.0
Motor Vehicle Theft,Metro Vancouver,RCMP Provincial,North Vancouver Prov,2014,9.0
Motor Vehicle Theft,Northern Rockies,RCMP Municipal,Northern Rockies Mun,2014,14.0
Motor Vehicle Theft,Northern Rockies,RCMP Provincial,Northern Rockies Prov,2014,5.0
Motor Vehicle Theft,Capital,Independent Municipal,Oak Bay Mun,2014,6.0
Motor Vehicle Theft,Nanaimo,RCMP Provincial,Oceanside Prov,2014,32.0
Motor Vehicle Theft,Cariboo,RCMP Provincial,One Hundred Mile House Prov,2014,13.0
Motor Vehicle Theft,Capital,RCMP Provincial,Outer Gulf  Islands Prov,2014,3.0
Motor Vehicle Theft,Nanaimo,RCMP Municipal,Parksville Mun,2014,15.0
Motor Vehicle Theft,Central Okanagan,RCMP Municipal,Peachland Mun,2014,18.0
Motor Vehicle Theft,Squamish Lillooet,RCMP Provincial,Pemberton Prov,2014,5.0
Motor Vehicle Theft,Okanagan Similkameen,RCMP Municipal,Penticton Mun,2014,144.0
Motor Vehicle Theft,Okanagan Similkameen,RCMP Provincial,Penticton Prov,2014,51.0
Motor Vehicle Theft,Metro Vancouver,RCMP Municipal,Pitt Meadows Mun,2014,68.0
Motor Vehicle Theft,Alberni Clayoquot,RCMP Municipal,Port Alberni Mun,2014,16.0
Motor Vehicle Theft,Alberni Clayoquot,RCMP Provincial,Port Alberni Prov,2014,6.0
Motor Vehicle Theft,Mount Waddington,RCMP Provincial,Port Alice Prov,2014,0.0
Motor Vehicle Theft,Metro Vancouver,RCMP Municipal,Port Coquitlam Mun,2014,165.0
Motor Vehicle Theft,Mount Waddington,RCMP Provincial,Port Hardy Prov,2014,4.0
Motor Vehicle Theft,Mount Waddington,RCMP Provincial,Port McNeill Prov,2014,4.0
Motor Vehicle Theft,Metro Vancouver,Independent Municipal,Port Moody Mun,2014,21.0
Motor Vehicle Theft,Powell River,RCMP Municipal,Powell River Mun,2014,9.0
Motor Vehicle Theft,Powell River,RCMP Provincial,Powell River Prov,2014,3.0
Motor Vehicle Theft,Fraser Fort George,RCMP Municipal,Prince George Mun,2014,296.0
Motor Vehicle Theft,Fraser Fort George,RCMP Provincial,Prince George Prov,2014,33.0
Motor Vehicle Theft,North Coast Regional District (22),RCMP Municipal,Prince Rupert Mun,2014,14.0
Motor Vehicle Theft,North Coast Regional District (22),RCMP Provincial,Prince Rupert Prov,2014,1.0
Motor Vehicle Theft,Okanagan Similkameen,RCMP Provincial,Princeton Prov,2014,15.0
Motor Vehicle Theft,Strathcona,RCMP Provincial,Quadra Island Prov,2014,2.0
Motor Vehicle Theft,Nanaimo,RCMP Municipal,Qualicum Beach Mun,2014,10.0
Motor Vehicle Theft,North Coast Regional District (22),RCMP Provincial,Queen Charlotte Prov,2014,3.0
Motor Vehicle Theft,Cariboo,RCMP Municipal,Quesnel Mun,2014,25.0
Motor Vehicle Theft,Cariboo,RCMP Provincial,Quesnel Prov,2014,21.0
Motor Vehicle Theft,Columbia Shuswap,RCMP Municipal,Revelstoke Mun,2014,28.0
Motor Vehicle Theft,Columbia Shuswap,RCMP Provincial,Revelstoke Prov,2014,2.0
Motor Vehicle Theft,Metro Vancouver,RCMP Municipal,Richmond Mun,2014,364.0
Motor Vehicle Theft,Metro Vancouver,RCMP Provincial,Ridge Meadows Prov,2014,0.0
Motor Vehicle Theft,Capital,Independent Municipal,Saanich Mun,2014,93.0
Motor Vehicle Theft,Central Kootenay,RCMP Provincial,Salmo Prov,2014,7.0
Motor Vehicle Theft,Columbia Shuswap,RCMP Municipal,Salmon Arm Mun,2014,32.0
Motor Vehicle Theft,Columbia Shuswap,RCMP Provincial,Salmon Arm Prov,2014,19.0
Motor Vehicle Theft,Capital,RCMP Provincial,Saltspring Island Prov,2014,2.0
Motor Vehicle Theft,Strathcona,RCMP Provincial,Sayward Prov,2014,2.0
Motor Vehicle Theft,Sunshine Coast,RCMP Municipal,Sechelt Mun,2014,12.0
Motor Vehicle Theft,Cowichan Valley,RCMP Provincial,Shawnigan Lake Prov,2014,28.0
Motor Vehicle Theft,Columbia Shuswap,RCMP Provincial,Sicamous Prov,2014,15.0
Motor Vehicle Theft,Capital,RCMP Municipal,Sidney Mun,2014,5.0
Motor Vehicle Theft,Capital,RCMP Provincial,Sidney Prov,2014,5.0
Motor Vehicle Theft,Central Kootenay,RCMP Provincial,Slocan Lake Prov,2014,1.0
Motor Vehicle Theft,Bulkley Nechako,RCMP Municipal,Smithers Mun,2014,4.0
Motor Vehicle Theft,Bulkley Nechako,RCMP Provincial,Smithers Prov,2014,4.0
Motor Vehicle Theft,Capital,RCMP Municipal,Sooke Mun,2014,14.0
Motor Vehicle Theft,Capital,RCMP Provincial,Sooke Prov,2014,7.0
Motor Vehicle Theft,Okanagan Similkameen,RCMP Provincial,South Okanagan/Oliver,2014,63.0
Motor Vehicle Theft,Okanagan Similkameen,RCMP Provincial,South Okanagan/Osoyoos,2014,42.0
Motor Vehicle Theft,North Okanagan,RCMP Municipal,Spallumcheen Mun,2014,9.0
Motor Vehicle Theft,Squamish Lillooet,RCMP Municipal,Squamish Mun,2014,25.0
Motor Vehicle Theft,Squamish Lillooet,RCMP Provincial,Squamish Prov,2014,9.0
Motor Vehicle Theft,Kitimat Stikine,RCMP Provincial,Stewart Prov,2014,3.0
Motor Vehicle Theft,Squamish Lillooet,First Nations Aboriginal Police Service,Stl'atl'imx FNAPS,2014,5.0
Motor Vehicle Theft,Okanagan Similkameen,RCMP Municipal,Summerland Mun,2014,44.0
Motor Vehicle Theft,Sunshine Coast,RCMP Provincial,Sunshine Coast Prov,2014,13.0
Motor Vehicle Theft,Metro Vancouver,RCMP Municipal,Surrey Mun,2014,4447.0
Motor Vehicle Theft,Bulkley Nechako,RCMP Provincial,Takla Landing Prov,2014,2.0
Motor Vehicle Theft,Kitimat Stikine,RCMP Municipal,Terrace Mun,2014,13.0
Motor Vehicle Theft,Kitimat Stikine,RCMP Provincial,Terrace Prov,2014,13.0
Motor Vehicle Theft,Powell River,RCMP Provincial,Texada Island Prov,2014,0.0
Motor Vehicle Theft,Thompson Nicola,RCMP Provincial,T'Kumlups Prov,2014,37.0
Motor Vehicle Theft,Alberni Clayoquot,RCMP Provincial,Tofino Prov,2014,0.0
Motor Vehicle Theft,Kootenay Boundary,RCMP Municipal,Trail Mun,2014,9.0
Motor Vehicle Theft,Kootenay Boundary,RCMP Provincial,Trail and Greater District,2014,6.0
Motor Vehicle Theft,Fraser Fort George,RCMP Provincial,Tsay Keh Dene Prov,2014,0.0
Motor Vehicle Theft,Peace River,RCMP Provincial,Tumbler Ridge Prov,2014,4.0
Motor Vehicle Theft,Alberni Clayoquot,RCMP Provincial,Ucluelet Prov,2014,1.0
Motor Vehicle Theft,Metro Vancouver,RCMP Provincial,University Prov,2014,7.0
Motor Vehicle Theft,Fraser Fort George,RCMP Provincial,Valemount Prov,2014,9.0
Motor Vehicle Theft,Metro Vancouver,Independent Municipal,Vancouver Mun,2014,1329.0
Motor Vehicle Theft,Bulkley Nechako,RCMP Provincial,Vanderhoof Prov,2014,16.0
Motor Vehicle Theft,North Okanagan,RCMP Municipal,Vernon Mun,2014,226.0
Motor Vehicle Theft,North Okanagan,RCMP Provincial,Vernon Prov,2014,21.0
Motor Vehicle Theft,Capital,Independent Municipal,Victoria Mun,2014,207.0
Motor Vehicle Theft,Capital,RCMP Municipal,View Royal Mun,2014,11.0
Motor Vehicle Theft,Cariboo,RCMP Provincial,Wells Prov,2014,1.0
Motor Vehicle Theft,Central Okanagan,RCMP Municipal,West Kelowna Mun,2014,83.0
Motor Vehicle Theft,Capital,RCMP Provincial,West Shore Prov,2014,2.0
Motor Vehicle Theft,Metro Vancouver,Independent Municipal,West Vancouver Mun,2014,22.0
Motor Vehicle Theft,Squamish Lillooet,RCMP Municipal,Whistler Mun,2014,6.0
Motor Vehicle Theft,Squamish Lillooet,RCMP Provincial,Whistler Prov,2014,1.0
Motor Vehicle Theft,Metro Vancouver,RCMP Municipal,White Rock Mun,2014,62.0
Motor Vehicle Theft,Cariboo,RCMP Municipal,Williams Lake Mun,2014,101.0
Motor Vehicle Theft,Cariboo,RCMP Provincial,Williams Lake Prov,2014,32.0
Administration of Justice Offenses,Fraser Valley,Independent Municipal,Abbotsford Mun,2014,380.0
Administration of Justice Offenses,Fraser Valley,RCMP Provincial,Agassiz Prov,2014,25.0
Administration of Justice Offenses,Mount Waddington,RCMP Provincial,Alert Bay Prov,2014,21.0
Administration of Justice Offenses,Cariboo,RCMP Provincial,Alexis Creek Prov,2014,21.0
Administration of Justice Offenses,Cariboo,RCMP Provincial,Anahim Lake Prov,2014,9.0
Administration of Justice Offenses,North Okanagan,RCMP Provincial,Armstrong Prov,2014,8.0
Administration of Justice Offenses,Thompson Nicola,RCMP Provincial,Ashcroft Prov,2014,10.0
Administration of Justice Offenses,Kitimat Stikine,RCMP Provincial,Atlin Prov,2014,3.0
Administration of Justice Offenses,Thompson Nicola,RCMP Provincial,Barriere Prov,2014,12.0
Administration of Justice Offenses,Central Coast,RCMP Provincial,Bella Bella Prov,2014,22.0
Administration of Justice Offenses,Central Coast,RCMP Provincial,Bella Coola Prov,2014,11.0
Administration of Justice Offenses,Fraser Valley,RCMP Provincial,Boston Bar Prov,2014,4.0
Administration of Justice Offenses,Kootenay Boundary,RCMP Provincial,Boundary/Grand Forks Prov,2014,29.0
Administration of Justice Offenses,Kootenay Boundary,RCMP Provincial,Boundary/Midway Prov,2014,5.0
Administration of Justice Offenses,Metro Vancouver,RCMP Provincial,Bowen Island Prov,2014,1.0
Administration of Justice Offenses,Metro Vancouver,RCMP Municipal,Burnaby Mun,2014,316.0
Administration of Justice Offenses,Bulkley Nechako,RCMP Provincial,Burns Lake Prov,2014,49.0
Administration of Justice Offenses,Strathcona,RCMP Municipal,Campbell River Mun,2014,453.0
Administration of Justice Offenses,Strathcona,RCMP Provincial,Campbell River Prov,2014,40.0
Administration of Justice Offenses,Central Kootenay,RCMP Municipal,Castlegar Mun,2014,30.0
Administration of Justice Offenses,Central Kootenay,RCMP Provincial,Castlegar Prov,2014,7.0
Administration of Justice Offenses,Capital,Independent Municipal,Central Saanich Mun,2014,9.0
Administration of Justice Offenses,Thompson Nicola,RCMP Provincial,Chase Prov,2014,37.0
Administration of Justice Offenses,Peace River,RCMP Provincial,Chetwynd Prov,2014,56.0
Administration of Justice Offenses,Fraser Valley,RCMP Municipal,Chilliwack Mun,2014,261.0
Administration of Justice Offenses,Fraser Valley,RCMP Provincial,Chilliwack Prov,2014,60.0
Administration of Justice Offenses,Thompson Nicola,RCMP Provincial,Clearwater Prov,2014,2.0
Administration of Justice Offenses,Thompson Nicola,RCMP Provincial,Clinton Prov,2014,3.0
Administration of Justice Offenses,North Okanagan,RCMP Municipal,Coldstream Mun,2014,17.0
Administration of Justice Offenses,East Kootenay,RCMP Provincial,Columbia Valley Prov,2014,30.0
Administration of Justice Offenses,Capital,RCMP Municipal,Colwood Mun,2014,29.0
Administration of Justice Offenses,Comox Valley,RCMP Municipal,Comox Mun,2014,12.0
Administration of Justice Offenses,Comox Valley,RCMP Provincial,Comox Valley Prov,2014,35.0
Administration of Justice Offenses,Metro Vancouver,RCMP Municipal,Coquitlam Mun,2014,256.0
Administration of Justice Offenses,Metro Vancouver,RCMP Provincial,Coquitlam Prov,2014,1.0
Administration of Justice Offenses,Comox Valley,RCMP Municipal,Courtenay Mun,2014,196.0
Administration of Justice Offenses,East Kootenay,RCMP Municipal,Cranbrook Mun,2014,124.0
Administration of Justice Offenses,East Kootenay,RCMP Provincial,Cranbrook Prov,2014,14.0
Administration of Justice Offenses,Central Kootenay,RCMP Municipal,Creston Mun,2014,29.0
Administration of Justice Offenses,Central Kootenay,RCMP Provincial,Creston Prov,2014,10.0
Administration of Justice Offenses,Peace River,RCMP Municipal,Dawson Creek Mun,2014,133.0
Administration of Justice Offenses,Peace River,RCMP Provincial,Dawson Creek Prov,2014,12.0
Administration of Justice Offenses,Kitimat Stikine,RCMP Provincial,Dease Lake Prov,2014,16.0
Administration of Justice Offenses,Metro Vancouver,Independent Municipal,Delta Mun,2014,168.0
Administration of Justice Offenses,Cowichan Valley,RCMP Provincial,Duncan Prov,2014,123.0
Administration of Justice Offenses,East Kootenay,RCMP Provincial,Elk Valley Prov,2014,18.0
Administration of Justice Offenses,North Okanagan,RCMP Provincial,Enderby Prov,2014,31.0
Administration of Justice Offenses,Columbia Shuswap,RCMP Provincial,Falkland Prov,2014,3.0
Administration of Justice Offenses,Bulkley Nechako,RCMP Provincial,Fort St James Prov,2014,147.0
Administration of Justice Offenses,Peace River,RCMP Municipal,Fort St John Mun,2014,216.0
Administration of Justice Offenses,Peace River,RCMP Provincial,Fort St John Prov,2014,46.0
Administration of Justice Offenses,Bulkley Nechako,RCMP Provincial,Fraser Lake Prov,2014,10.0
Administration of Justice Offenses,Nanaimo,RCMP Provincial,Gabriola Island Prov,2014,13.0
Administration of Justice Offenses,Columbia Shuswap,RCMP Provincial,Golden Prov,2014,11.0
Administration of Justice Offenses,Fraser Valley,RCMP Municipal,Hope Mun,2014,50.0
Administration of Justice Offenses,Fraser Valley,RCMP Provincial,Hope  Prov,2014,12.0
Administration of Justice Offenses,Bulkley Nechako,RCMP Provincial,Houston/Granisle Prov,2014,81.0
Administration of Justice Offenses,Peace River,RCMP Provincial,Hudson's Hope Prov,2014,6.0
Administration of Justice Offenses,Thompson Nicola,RCMP Municipal,Kamloops Mun,2014,419.0
Administration of Justice Offenses,Central Kootenay,RCMP Provincial,Kaslo Prov,2014,3.0
Administration of Justice Offenses,Central Okanagan,RCMP Municipal,Kelowna Mun,2014,701.0
Administration of Justice Offenses,Central Okanagan,RCMP Provincial,Kelowna Prov,2014,25.0
Administration of Justice Offenses,Fraser Valley,RCMP Municipal,Kent Mun,2014,18.0
Administration of Justice Offenses,Okanagan Similkameen,RCMP Provincial,Keremeos Prov,2014,12.0
Administration of Justice Offenses,East Kootenay,RCMP Municipal,Kimberley Mun,2014,4.0
Administration of Justice Offenses,East Kootenay,RCMP Provincial,Kimberley Prov,2014,0.0
Administration of Justice Offenses,Kitimat Stikine,RCMP Municipal,Kitimat Mun,2014,112.0
Administration of Justice Offenses,Kitimat Stikine,RCMP Provincial,Kitimat Prov,2014,0.0
Administration of Justice Offenses,Cowichan Valley,RCMP Municipal,Ladysmith Mun,2014,20.0
Administration of Justice Offenses,Cowichan Valley,RCMP Provincial,Ladysmith Prov,2014,8.0
Administration of Justice Offenses,Central Okanagan,RCMP Municipal,Lake Country Mun,2014,13.0
Administration of Justice Offenses,Cowichan Valley,RCMP Provincial,Lake Cowichan Prov,2014,49.0
Administration of Justice Offenses,Capital,RCMP Municipal,Langford Mun,2014,116.0
Administration of Justice Offenses,Metro Vancouver,RCMP Municipal,Langley City Mun,2014,65.0
Administration of Justice Offenses,Metro Vancouver,RCMP Municipal,Langley Township Mun,2014,140.0
Administration of Justice Offenses,Squamish Lillooet,RCMP Provincial,Lillooet Prov,2014,20.0
Administration of Justice Offenses,Kitimat Stikine,RCMP Provincial,Lisims/Nass Valley Prov,2014,6.0
Administration of Justice Offenses,Thompson Nicola,RCMP Provincial,Logan Lake Prov,2014,2.0
Administration of Justice Offenses,North Okanagan,RCMP Provincial,Lumby Prov,2014,12.0
Administration of Justice Offenses,Thompson Nicola,RCMP Provincial,Lytton Prov,2014,14.0
Administration of Justice Offenses,Fraser Fort George,RCMP Provincial,Mackenzie Prov,2014,79.0
Administration of Justice Offenses,Metro Vancouver,RCMP Municipal,Maple Ridge Mun,2014,141.0
Administration of Justice Offenses,North Coast Regional District (22),RCMP Provincial,Masset Prov,2014,59.0
Administration of Justice Offenses,Fraser Fort George,RCMP Provincial,McBride Prov,2014,22.0
Administration of Justice Offenses,Thompson Nicola,RCMP Municipal,Merritt Mun,2014,88.0
Administration of Justice Offenses,Thompson Nicola,RCMP Provincial,Merritt Prov,2014,22.0
Administration of Justice Offenses,Fraser Valley,RCMP Municipal,Mission Mun,2014,119.0
Administration of Justice Offenses,Fraser Valley,RCMP Provincial,Mission Prov,2014,12.0
Administration of Justice Offenses,Central Kootenay,RCMP Provincial,Nakusp Prov,2014,3.0
Administration of Justice Offenses,Nanaimo,RCMP Municipal,Nanaimo Mun,2014,428.0
Administration of Justice Offenses,Nanaimo,RCMP Provincial,Nanaimo Prov,2014,13.0
Administration of Justice Offenses,Central Kootenay,Independent Municipal,Nelson Mun,2014,78.0
Administration of Justice Offenses,Central Kootenay,RCMP Provincial,Nelson Prov,2014,19.0
Administration of Justice Offenses,Kitimat Stikine,RCMP Provincial,New Hazelton Prov,2014,157.0
Administration of Justice Offenses,Metro Vancouver,Independent Municipal,New Westminster Mun,2014,248.0
Administration of Justice Offenses,Strathcona,RCMP Provincial,Nootka Sound Prov,2014,14.0
Administration of Justice Offenses,Cowichan Valley,RCMP Municipal,North Cowichan Mun,2014,116.0
Administration of Justice Offenses,Capital,RCMP Municipal,North Saanich Mun,2014,9.0
Administration of Justice Offenses,Metro Vancouver,RCMP Municipal,North Vancouver City Mun,2014,171.0
Administration of Justice Offenses,Metro Vancouver,RCMP Municipal,North Vancouver District Mun,2014,77.0
Administration of Justice Offenses,Metro Vancouver,RCMP Provincial,North Vancouver Prov,2014,29.0
Administration of Justice Offenses,Northern Rockies,RCMP Municipal,Northern Rockies Mun,2014,56.0
Administration of Justice Offenses,Northern Rockies,RCMP Provincial,Northern Rockies Prov,2014,42.0
Administration of Justice Offenses,Capital,Independent Municipal,Oak Bay Mun,2014,4.0
Administration of Justice Offenses,Nanaimo,RCMP Provincial,Oceanside Prov,2014,30.0
Administration of Justice Offenses,Cariboo,RCMP Provincial,One Hundred Mile House Prov,2014,26.0
Administration of Justice Offenses,Capital,RCMP Provincial,Outer Gulf  Islands Prov,2014,0.0
Administration of Justice Offenses,Nanaimo,RCMP Municipal,Parksville Mun,2014,62.0
Administration of Justice Offenses,Central Okanagan,RCMP Municipal,Peachland Mun,2014,4.0
Administration of Justice Offenses,Squamish Lillooet,RCMP Provincial,Pemberton Prov,2014,14.0
Administration of Justice Offenses,Okanagan Similkameen,RCMP Municipal,Penticton Mun,2014,149.0
Administration of Justice Offenses,Okanagan Similkameen,RCMP Provincial,Penticton Prov,2014,23.0
Administration of Justice Offenses,Metro Vancouver,RCMP Municipal,Pitt Meadows Mun,2014,17.0
Administration of Justice Offenses,Alberni Clayoquot,RCMP Municipal,Port Alberni Mun,2014,383.0
Administration of Justice Offenses,Alberni Clayoquot,RCMP Provincial,Port Alberni Prov,2014,16.0
Administration of Justice Offenses,Mount Waddington,RCMP Provincial,Port Alice Prov,2014,0.0
Administration of Justice Offenses,Metro Vancouver,RCMP Municipal,Port Coquitlam Mun,2014,113.0
Administration of Justice Offenses,Mount Waddington,RCMP Provincial,Port Hardy Prov,2014,214.0
Administration of Justice Offenses,Mount Waddington,RCMP Provincial,Port McNeill Prov,2014,5.0
Administration of Justice Offenses,Metro Vancouver,Independent Municipal,Port Moody Mun,2014,47.0
Administration of Justice Offenses,Powell River,RCMP Municipal,Powell River Mun,2014,32.0
Administration of Justice Offenses,Powell River,RCMP Provincial,Powell River Prov,2014,9.0
Administration of Justice Offenses,Fraser Fort George,RCMP Municipal,Prince George Mun,2014,1040.0
Administration of Justice Offenses,Fraser Fort George,RCMP Provincial,Prince George Prov,2014,16.0
Administration of Justice Offenses,North Coast Regional District (22),RCMP Municipal,Prince Rupert Mun,2014,177.0
Administration of Justice Offenses,North Coast Regional District (22),RCMP Provincial,Prince Rupert Prov,2014,17.0
Administration of Justice Offenses,Okanagan Similkameen,RCMP Provincial,Princeton Prov,2014,21.0
Administration of Justice Offenses,Strathcona,RCMP Provincial,Quadra Island Prov,2014,0.0
Administration of Justice Offenses,Nanaimo,RCMP Municipal,Qualicum Beach Mun,2014,6.0
Administration of Justice Offenses,North Coast Regional District (22),RCMP Provincial,Queen Charlotte Prov,2014,7.0
Administration of Justice Offenses,Cariboo,RCMP Municipal,Quesnel Mun,2014,100.0
Administration of Justice Offenses,Cariboo,RCMP Provincial,Quesnel Prov,2014,25.0
Administration of Justice Offenses,Columbia Shuswap,RCMP Municipal,Revelstoke Mun,2014,23.0
Administration of Justice Offenses,Columbia Shuswap,RCMP Provincial,Revelstoke Prov,2014,5.0
Administration of Justice Offenses,Metro Vancouver,RCMP Municipal,Richmond Mun,2014,209.0
Administration of Justice Offenses,Metro Vancouver,RCMP Provincial,Ridge Meadows Prov,2014,3.0
Administration of Justice Offenses,Capital,Independent Municipal,Saanich Mun,2014,176.0
Administration of Justice Offenses,Central Kootenay,RCMP Provincial,Salmo Prov,2014,31.0
Administration of Justice Offenses,Columbia Shuswap,RCMP Municipal,Salmon Arm Mun,2014,44.0
Administration of Justice Offenses,Columbia Shuswap,RCMP Provincial,Salmon Arm Prov,2014,15.0
Administration of Justice Offenses,Capital,RCMP Provincial,Saltspring Island Prov,2014,16.0
Administration of Justice Offenses,Strathcona,RCMP Provincial,Sayward Prov,2014,2.0
Administration of Justice Offenses,Sunshine Coast,RCMP Municipal,Sechelt Mun,2014,47.0
Administration of Justice Offenses,Cowichan Valley,RCMP Provincial,Shawnigan Lake Prov,2014,29.0
Administration of Justice Offenses,Columbia Shuswap,RCMP Provincial,Sicamous Prov,2014,7.0
Administration of Justice Offenses,Capital,RCMP Municipal,Sidney Mun,2014,17.0
Administration of Justice Offenses,Capital,RCMP Provincial,Sidney Prov,2014,33.0
Administration of Justice Offenses,Central Kootenay,RCMP Provincial,Slocan Lake Prov,2014,11.0
Administration of Justice Offenses,Bulkley Nechako,RCMP Municipal,Smithers Mun,2014,66.0
Administration of Justice Offenses,Bulkley Nechako,RCMP Provincial,Smithers Prov,2014,18.0
Administration of Justice Offenses,Capital,RCMP Municipal,Sooke Mun,2014,34.0
Administration of Justice Offenses,Capital,RCMP Provincial,Sooke Prov,2014,13.0
Administration of Justice Offenses,Okanagan Similkameen,RCMP Provincial,South Okanagan/Oliver,2014,34.0
Administration of Justice Offenses,Okanagan Similkameen,RCMP Provincial,South Okanagan/Osoyoos,2014,23.0
Administration of Justice Offenses,North Okanagan,RCMP Municipal,Spallumcheen Mun,2014,3.0
Administration of Justice Offenses,Squamish Lillooet,RCMP Municipal,Squamish Mun,2014,65.0
Administration of Justice Offenses,Squamish Lillooet,RCMP Provincial,Squamish Prov,2014,4.0
Administration of Justice Offenses,Kitimat Stikine,RCMP Provincial,Stewart Prov,2014,2.0
Administration of Justice Offenses,Squamish Lillooet,First Nations Aboriginal Police Service,Stl'atl'imx FNAPS,2014,22.0
Administration of Justice Offenses,Okanagan Similkameen,RCMP Municipal,Summerland Mun,2014,4.0
Administration of Justice Offenses,Sunshine Coast,RCMP Provincial,Sunshine Coast Prov,2014,52.0
Administration of Justice Offenses,Metro Vancouver,RCMP Municipal,Surrey Mun,2014,1246.0
Administration of Justice Offenses,Bulkley Nechako,RCMP Provincial,Takla Landing Prov,2014,13.0
Administration of Justice Offenses,Kitimat Stikine,RCMP Municipal,Terrace Mun,2014,384.0
Administration of Justice Offenses,Kitimat Stikine,RCMP Provincial,Terrace Prov,2014,31.0
Administration of Justice Offenses,Powell River,RCMP Provincial,Texada Island Prov,2014,0.0
Administration of Justice Offenses,Thompson Nicola,RCMP Provincial,T'Kumlups Prov,2014,22.0
Administration of Justice Offenses,Alberni Clayoquot,RCMP Provincial,Tofino Prov,2014,54.0
Administration of Justice Offenses,Kootenay Boundary,RCMP Municipal,Trail Mun,2014,67.0
Administration of Justice Offenses,Kootenay Boundary,RCMP Provincial,Trail and Greater District,2014,48.0
Administration of Justice Offenses,Fraser Fort George,RCMP Provincial,Tsay Keh Dene Prov,2014,34.0
Administration of Justice Offenses,Peace River,RCMP Provincial,Tumbler Ridge Prov,2014,5.0
Administration of Justice Offenses,Alberni Clayoquot,RCMP Provincial,Ucluelet Prov,2014,20.0
Administration of Justice Offenses,Metro Vancouver,RCMP Provincial,University Prov,2014,16.0
Administration of Justice Offenses,Fraser Fort George,RCMP Provincial,Valemount Prov,2014,3.0
Administration of Justice Offenses,Metro Vancouver,Independent Municipal,Vancouver Mun,2014,2031.0
Administration of Justice Offenses,Bulkley Nechako,RCMP Provincial,Vanderhoof Prov,2014,82.0
Administration of Justice Offenses,North Okanagan,RCMP Municipal,Vernon Mun,2014,346.0
Administration of Justice Offenses,North Okanagan,RCMP Provincial,Vernon Prov,2014,21.0
Administration of Justice Offenses,Capital,Independent Municipal,Victoria Mun,2014,742.0
Administration of Justice Offenses,Capital,RCMP Municipal,View Royal Mun,2014,26.0
Administration of Justice Offenses,Cariboo,RCMP Provincial,Wells Prov,2014,2.0
Administration of Justice Offenses,Central Okanagan,RCMP Municipal,West Kelowna Mun,2014,33.0
Administration of Justice Offenses,Capital,RCMP Provincial,West Shore Prov,2014,14.0
Administration of Justice Offenses,Metro Vancouver,Independent Municipal,West Vancouver Mun,2014,80.0
Administration of Justice Offenses,Squamish Lillooet,RCMP Municipal,Whistler Mun,2014,19.0
Administration of Justice Offenses,Squamish Lillooet,RCMP Provincial,Whistler Prov,2014,0.0
Administration of Justice Offenses,Metro Vancouver,RCMP Municipal,White Rock Mun,2014,22.0
Administration of Justice Offenses,Cariboo,RCMP Municipal,Williams Lake Mun,2014,277.0
Administration of Justice Offenses,Cariboo,RCMP Provincial,Williams Lake Prov,2014,31.0
Drug Offenses,Fraser Valley,Independent Municipal,Abbotsford Mun,2014,336.0
Drug Offenses,Fraser Valley,RCMP Provincial,Agassiz Prov,2014,38.0
Drug Offenses,Mount Waddington,RCMP Provincial,Alert Bay Prov,2014,13.0
Drug Offenses,Cariboo,RCMP Provincial,Alexis Creek Prov,2014,10.0
Drug Offenses,Cariboo,RCMP Provincial,Anahim Lake Prov,2014,10.0
Drug Offenses,North Okanagan,RCMP Provincial,Armstrong Prov,2014,18.0
Drug Offenses,Thompson Nicola,RCMP Provincial,Ashcroft Prov,2014,22.0
Drug Offenses,Kitimat Stikine,RCMP Provincial,Atlin Prov,2014,6.0
Drug Offenses,Thompson Nicola,RCMP Provincial,Barriere Prov,2014,46.0
Drug Offenses,Central Coast,RCMP Provincial,Bella Bella Prov,2014,6.0
Drug Offenses,Central Coast,RCMP Provincial,Bella Coola Prov,2014,14.0
Drug Offenses,Fraser Valley,RCMP Provincial,Boston Bar Prov,2014,22.0
Drug Offenses,Kootenay Boundary,RCMP Provincial,Boundary/Grand Forks Prov,2014,82.0
Drug Offenses,Kootenay Boundary,RCMP Provincial,Boundary/Midway Prov,2014,38.0
Drug Offenses,Metro Vancouver,RCMP Provincial,Bowen Island Prov,2014,3.0
Drug Offenses,Metro Vancouver,RCMP Municipal,Burnaby Mun,2014,787.0
Drug Offenses,Bulkley Nechako,RCMP Provincial,Burns Lake Prov,2014,15.0
Drug Offenses,Strathcona,RCMP Municipal,Campbell River Mun,2014,194.0
Drug Offenses,Strathcona,RCMP Provincial,Campbell River Prov,2014,26.0
Drug Offenses,Central Kootenay,RCMP Municipal,Castlegar Mun,2014,51.0
Drug Offenses,Central Kootenay,RCMP Provincial,Castlegar Prov,2014,42.0
Drug Offenses,Capital,Independent Municipal,Central Saanich Mun,2014,59.0
Drug Offenses,Thompson Nicola,RCMP Provincial,Chase Prov,2014,34.0
Drug Offenses,Peace River,RCMP Provincial,Chetwynd Prov,2014,32.0
Drug Offenses,Fraser Valley,RCMP Municipal,Chilliwack Mun,2014,340.0
Drug Offenses,Fraser Valley,RCMP Provincial,Chilliwack Prov,2014,32.0
Drug Offenses,Thompson Nicola,RCMP Provincial,Clearwater Prov,2014,91.0
Drug Offenses,Thompson Nicola,RCMP Provincial,Clinton Prov,2014,26.0
Drug Offenses,North Okanagan,RCMP Municipal,Coldstream Mun,2014,20.0
Drug Offenses,East Kootenay,RCMP Provincial,Columbia Valley Prov,2014,69.0
Drug Offenses,Capital,RCMP Municipal,Colwood Mun,2014,70.0
Drug Offenses,Comox Valley,RCMP Municipal,Comox Mun,2014,46.0
Drug Offenses,Comox Valley,RCMP Provincial,Comox Valley Prov,2014,91.0
Drug Offenses,Metro Vancouver,RCMP Municipal,Coquitlam Mun,2014,499.0
Drug Offenses,Metro Vancouver,RCMP Provincial,Coquitlam Prov,2014,7.0
Drug Offenses,Comox Valley,RCMP Municipal,Courtenay Mun,2014,116.0
Drug Offenses,East Kootenay,RCMP Municipal,Cranbrook Mun,2014,131.0
Drug Offenses,East Kootenay,RCMP Provincial,Cranbrook Prov,2014,36.0
Drug Offenses,Central Kootenay,RCMP Municipal,Creston Mun,2014,33.0
Drug Offenses,Central Kootenay,RCMP Provincial,Creston Prov,2014,103.0
Drug Offenses,Peace River,RCMP Municipal,Dawson Creek Mun,2014,86.0
Drug Offenses,Peace River,RCMP Provincial,Dawson Creek Prov,2014,22.0
Drug Offenses,Kitimat Stikine,RCMP Provincial,Dease Lake Prov,2014,44.0
Drug Offenses,Metro Vancouver,Independent Municipal,Delta Mun,2014,447.0
Drug Offenses,Cowichan Valley,RCMP Provincial,Duncan Prov,2014,140.0
Drug Offenses,East Kootenay,RCMP Provincial,Elk Valley Prov,2014,57.0
Drug Offenses,North Okanagan,RCMP Provincial,Enderby Prov,2014,26.0
Drug Offenses,Columbia Shuswap,RCMP Provincial,Falkland Prov,2014,3.0
Drug Offenses,Bulkley Nechako,RCMP Provincial,Fort St James Prov,2014,28.0
Drug Offenses,Peace River,RCMP Municipal,Fort St John Mun,2014,163.0
Drug Offenses,Peace River,RCMP Provincial,Fort St John Prov,2014,37.0
Drug Offenses,Bulkley Nechako,RCMP Provincial,Fraser Lake Prov,2014,19.0
Drug Offenses,Nanaimo,RCMP Provincial,Gabriola Island Prov,2014,7.0
Drug Offenses,Columbia Shuswap,RCMP Provincial,Golden Prov,2014,104.0
Drug Offenses,Fraser Valley,RCMP Municipal,Hope Mun,2014,74.0
Drug Offenses,Fraser Valley,RCMP Provincial,Hope  Prov,2014,25.0
Drug Offenses,Bulkley Nechako,RCMP Provincial,Houston/Granisle Prov,2014,13.0
Drug Offenses,Peace River,RCMP Provincial,Hudson's Hope Prov,2014,11.0
Drug Offenses,Thompson Nicola,RCMP Municipal,Kamloops Mun,2014,736.0
Drug Offenses,Central Kootenay,RCMP Provincial,Kaslo Prov,2014,4.0
Drug Offenses,Central Okanagan,RCMP Municipal,Kelowna Mun,2014,1380.0
Drug Offenses,Central Okanagan,RCMP Provincial,Kelowna Prov,2014,70.0
Drug Offenses,Fraser Valley,RCMP Municipal,Kent Mun,2014,25.0
Drug Offenses,Okanagan Similkameen,RCMP Provincial,Keremeos Prov,2014,27.0
Drug Offenses,East Kootenay,RCMP Municipal,Kimberley Mun,2014,25.0
Drug Offenses,East Kootenay,RCMP Provincial,Kimberley Prov,2014,9.0
Drug Offenses,Kitimat Stikine,RCMP Municipal,Kitimat Mun,2014,54.0
Drug Offenses,Kitimat Stikine,RCMP Provincial,Kitimat Prov,2014,5.0
Drug Offenses,Cowichan Valley,RCMP Municipal,Ladysmith Mun,2014,60.0
Drug Offenses,Cowichan Valley,RCMP Provincial,Ladysmith Prov,2014,33.0
Drug Offenses,Central Okanagan,RCMP Municipal,Lake Country Mun,2014,43.0
Drug Offenses,Cowichan Valley,RCMP Provincial,Lake Cowichan Prov,2014,36.0
Drug Offenses,Capital,RCMP Municipal,Langford Mun,2014,142.0
Drug Offenses,Metro Vancouver,RCMP Municipal,Langley City Mun,2014,259.0
Drug Offenses,Metro Vancouver,RCMP Municipal,Langley Township Mun,2014,483.0
Drug Offenses,Squamish Lillooet,RCMP Provincial,Lillooet Prov,2014,50.0
Drug Offenses,Kitimat Stikine,RCMP Provincial,Lisims/Nass Valley Prov,2014,11.0
Drug Offenses,Thompson Nicola,RCMP Provincial,Logan Lake Prov,2014,13.0
Drug Offenses,North Okanagan,RCMP Provincial,Lumby Prov,2014,23.0
Drug Offenses,Thompson Nicola,RCMP Provincial,Lytton Prov,2014,30.0
Drug Offenses,Fraser Fort George,RCMP Provincial,Mackenzie Prov,2014,61.0
Drug Offenses,Metro Vancouver,RCMP Municipal,Maple Ridge Mun,2014,205.0
Drug Offenses,North Coast Regional District (22),RCMP Provincial,Masset Prov,2014,7.0
Drug Offenses,Fraser Fort George,RCMP Provincial,McBride Prov,2014,19.0
Drug Offenses,Thompson Nicola,RCMP Municipal,Merritt Mun,2014,140.0
Drug Offenses,Thompson Nicola,RCMP Provincial,Merritt Prov,2014,73.0
Drug Offenses,Fraser Valley,RCMP Municipal,Mission Mun,2014,222.0
Drug Offenses,Fraser Valley,RCMP Provincial,Mission Prov,2014,13.0
Drug Offenses,Central Kootenay,RCMP Provincial,Nakusp Prov,2014,16.0
Drug Offenses,Nanaimo,RCMP Municipal,Nanaimo Mun,2014,604.0
Drug Offenses,Nanaimo,RCMP Provincial,Nanaimo Prov,2014,38.0
Drug Offenses,Central Kootenay,Independent Municipal,Nelson Mun,2014,74.0
Drug Offenses,Central Kootenay,RCMP Provincial,Nelson Prov,2014,58.0
Drug Offenses,Kitimat Stikine,RCMP Provincial,New Hazelton Prov,2014,58.0
Drug Offenses,Metro Vancouver,Independent Municipal,New Westminster Mun,2014,312.0
Drug Offenses,Strathcona,RCMP Provincial,Nootka Sound Prov,2014,14.0
Drug Offenses,Cowichan Valley,RCMP Municipal,North Cowichan Mun,2014,166.0
Drug Offenses,Capital,RCMP Municipal,North Saanich Mun,2014,64.0
Drug Offenses,Metro Vancouver,RCMP Municipal,North Vancouver City Mun,2014,264.0
Drug Offenses,Metro Vancouver,RCMP Municipal,North Vancouver District Mun,2014,215.0
Drug Offenses,Metro Vancouver,RCMP Provincial,North Vancouver Prov,2014,33.0
Drug Offenses,Northern Rockies,RCMP Municipal,Northern Rockies Mun,2014,42.0
Drug Offenses,Northern Rockies,RCMP Provincial,Northern Rockies Prov,2014,8.0
Drug Offenses,Capital,Independent Municipal,Oak Bay Mun,2014,47.0
Drug Offenses,Nanaimo,RCMP Provincial,Oceanside Prov,2014,124.0
Drug Offenses,Cariboo,RCMP Provincial,One Hundred Mile House Prov,2014,73.0
Drug Offenses,Capital,RCMP Provincial,Outer Gulf  Islands Prov,2014,6.0
Drug Offenses,Nanaimo,RCMP Municipal,Parksville Mun,2014,54.0
Drug Offenses,Central Okanagan,RCMP Municipal,Peachland Mun,2014,6.0
Drug Offenses,Squamish Lillooet,RCMP Provincial,Pemberton Prov,2014,55.0
Drug Offenses,Okanagan Similkameen,RCMP Municipal,Penticton Mun,2014,228.0
Drug Offenses,Okanagan Similkameen,RCMP Provincial,Penticton Prov,2014,38.0
Drug Offenses,Metro Vancouver,RCMP Municipal,Pitt Meadows Mun,2014,18.0
Drug Offenses,Alberni Clayoquot,RCMP Municipal,Port Alberni Mun,2014,120.0
Drug Offenses,Alberni Clayoquot,RCMP Provincial,Port Alberni Prov,2014,27.0
Drug Offenses,Mount Waddington,RCMP Provincial,Port Alice Prov,2014,6.0
Drug Offenses,Metro Vancouver,RCMP Municipal,Port Coquitlam Mun,2014,223.0
Drug Offenses,Mount Waddington,RCMP Provincial,Port Hardy Prov,2014,63.0
Drug Offenses,Mount Waddington,RCMP Provincial,Port McNeill Prov,2014,35.0
Drug Offenses,Metro Vancouver,Independent Municipal,Port Moody Mun,2014,154.0
Drug Offenses,Powell River,RCMP Municipal,Powell River Mun,2014,87.0
Drug Offenses,Powell River,RCMP Provincial,Powell River Prov,2014,23.0
Drug Offenses,Fraser Fort George,RCMP Municipal,Prince George Mun,2014,647.0
Drug Offenses,Fraser Fort George,RCMP Provincial,Prince George Prov,2014,65.0
Drug Offenses,North Coast Regional District (22),RCMP Municipal,Prince Rupert Mun,2014,137.0
Drug Offenses,North Coast Regional District (22),RCMP Provincial,Prince Rupert Prov,2014,9.0
Drug Offenses,Okanagan Similkameen,RCMP Provincial,Princeton Prov,2014,43.0
Drug Offenses,Strathcona,RCMP Provincial,Quadra Island Prov,2014,14.0
Drug Offenses,Nanaimo,RCMP Municipal,Qualicum Beach Mun,2014,12.0
Drug Offenses,North Coast Regional District (22),RCMP Provincial,Queen Charlotte Prov,2014,33.0
Drug Offenses,Cariboo,RCMP Municipal,Quesnel Mun,2014,152.0
Drug Offenses,Cariboo,RCMP Provincial,Quesnel Prov,2014,52.0
Drug Offenses,Columbia Shuswap,RCMP Municipal,Revelstoke Mun,2014,120.0
Drug Offenses,Columbia Shuswap,RCMP Provincial,Revelstoke Prov,2014,117.0
Drug Offenses,Metro Vancouver,RCMP Municipal,Richmond Mun,2014,779.0
Drug Offenses,Metro Vancouver,RCMP Provincial,Ridge Meadows Prov,2014,61.0
Drug Offenses,Capital,Independent Municipal,Saanich Mun,2014,146.0
Drug Offenses,Central Kootenay,RCMP Provincial,Salmo Prov,2014,106.0
Drug Offenses,Columbia Shuswap,RCMP Municipal,Salmon Arm Mun,2014,134.0
Drug Offenses,Columbia Shuswap,RCMP Provincial,Salmon Arm Prov,2014,35.0
Drug Offenses,Capital,RCMP Provincial,Saltspring Island Prov,2014,21.0
Drug Offenses,Strathcona,RCMP Provincial,Sayward Prov,2014,14.0
Drug Offenses,Sunshine Coast,RCMP Municipal,Sechelt Mun,2014,46.0
Drug Offenses,Cowichan Valley,RCMP Provincial,Shawnigan Lake Prov,2014,74.0
Drug Offenses,Columbia Shuswap,RCMP Provincial,Sicamous Prov,2014,15.0
Drug Offenses,Capital,RCMP Municipal,Sidney Mun,2014,67.0
Drug Offenses,Capital,RCMP Provincial,Sidney Prov,2014,19.0
Drug Offenses,Central Kootenay,RCMP Provincial,Slocan Lake Prov,2014,3.0
Drug Offenses,Bulkley Nechako,RCMP Municipal,Smithers Mun,2014,40.0
Drug Offenses,Bulkley Nechako,RCMP Provincial,Smithers Prov,2014,16.0
Drug Offenses,Capital,RCMP Municipal,Sooke Mun,2014,76.0
Drug Offenses,Capital,RCMP Provincial,Sooke Prov,2014,18.0
Drug Offenses,Okanagan Similkameen,RCMP Provincial,South Okanagan/Oliver,2014,44.0
Drug Offenses,Okanagan Similkameen,RCMP Provincial,South Okanagan/Osoyoos,2014,98.0
Drug Offenses,North Okanagan,RCMP Municipal,Spallumcheen Mun,2014,11.0
Drug Offenses,Squamish Lillooet,RCMP Municipal,Squamish Mun,2014,185.0
Drug Offenses,Squamish Lillooet,RCMP Provincial,Squamish Prov,2014,17.0
Drug Offenses,Kitimat Stikine,RCMP Provincial,Stewart Prov,2014,12.0
Drug Offenses,Squamish Lillooet,First Nations Aboriginal Police Service,Stl'atl'imx FNAPS,2014,24.0
Drug Offenses,Okanagan Similkameen,RCMP Municipal,Summerland Mun,2014,78.0
Drug Offenses,Sunshine Coast,RCMP Provincial,Sunshine Coast Prov,2014,64.0
Drug Offenses,Metro Vancouver,RCMP Municipal,Surrey Mun,2014,2560.0
Drug Offenses,Bulkley Nechako,RCMP Provincial,Takla Landing Prov,2014,4.0
Drug Offenses,Kitimat Stikine,RCMP Municipal,Terrace Mun,2014,115.0
Drug Offenses,Kitimat Stikine,RCMP Provincial,Terrace Prov,2014,32.0
Drug Offenses,Powell River,RCMP Provincial,Texada Island Prov,2014,12.0
Drug Offenses,Thompson Nicola,RCMP Provincial,T'Kumlups Prov,2014,100.0
Drug Offenses,Alberni Clayoquot,RCMP Provincial,Tofino Prov,2014,14.0
Drug Offenses,Kootenay Boundary,RCMP Municipal,Trail Mun,2014,54.0
Drug Offenses,Kootenay Boundary,RCMP Provincial,Trail and Greater District,2014,30.0
Drug Offenses,Fraser Fort George,RCMP Provincial,Tsay Keh Dene Prov,2014,5.0
Drug Offenses,Peace River,RCMP Provincial,Tumbler Ridge Prov,2014,7.0
Drug Offenses,Alberni Clayoquot,RCMP Provincial,Ucluelet Prov,2014,20.0
Drug Offenses,Metro Vancouver,RCMP Provincial,University Prov,2014,94.0
Drug Offenses,Fraser Fort George,RCMP Provincial,Valemount Prov,2014,81.0
Drug Offenses,Metro Vancouver,Independent Municipal,Vancouver Mun,2014,3042.0
Drug Offenses,Bulkley Nechako,RCMP Provincial,Vanderhoof Prov,2014,41.0
Drug Offenses,North Okanagan,RCMP Municipal,Vernon Mun,2014,348.0
Drug Offenses,North Okanagan,RCMP Provincial,Vernon Prov,2014,33.0
Drug Offenses,Capital,Independent Municipal,Victoria Mun,2014,700.0
Drug Offenses,Capital,RCMP Municipal,View Royal Mun,2014,22.0
Drug Offenses,Cariboo,RCMP Provincial,Wells Prov,2014,5.0
Drug Offenses,Central Okanagan,RCMP Municipal,West Kelowna Mun,2014,80.0
Drug Offenses,Capital,RCMP Provincial,West Shore Prov,2014,29.0
Drug Offenses,Metro Vancouver,Independent Municipal,West Vancouver Mun,2014,168.0
Drug Offenses,Squamish Lillooet,RCMP Municipal,Whistler Mun,2014,192.0
Drug Offenses,Squamish Lillooet,RCMP Provincial,Whistler Prov,2014,4.0
Drug Offenses,Metro Vancouver,RCMP Municipal,White Rock Mun,2014,90.0
Drug Offenses,Cariboo,RCMP Municipal,Williams Lake Mun,2014,185.0
Drug Offenses,Cariboo,RCMP Provincial,Williams Lake Prov,2014,112.0
Population,Fraser Valley,Independent Municipal,Abbotsford Mun,2014,139709.0
Population,Fraser Valley,RCMP Provincial,Agassiz Prov,2014,3851.0
Population,Mount Waddington,RCMP Provincial,Alert Bay Prov,2014,1359.0
Population,Cariboo,RCMP Provincial,Alexis Creek Prov,2014,1727.0
Population,Cariboo,RCMP Provincial,Anahim Lake Prov,2014,714.0
Population,North Okanagan,RCMP Provincial,Armstrong Prov,2014,5399.0
Population,Thompson Nicola,RCMP Provincial,Ashcroft Prov,2014,3725.0
Population,Kitimat Stikine,RCMP Provincial,Atlin Prov,2014,429.0
Population,Thompson Nicola,RCMP Provincial,Barriere Prov,2014,3969.0
Population,Central Coast,RCMP Provincial,Bella Bella Prov,2014,1638.0
Population,Central Coast,RCMP Provincial,Bella Coola Prov,2014,1912.0
Population,Fraser Valley,RCMP Provincial,Boston Bar Prov,2014,633.0
Population,Kootenay Boundary,RCMP Provincial,Boundary/Grand Forks Prov,2014,8178.0
Population,Kootenay Boundary,RCMP Provincial,Boundary/Midway Prov,2014,2724.0
Population,Metro Vancouver,RCMP Provincial,Bowen Island Prov,2014,3487.0
Population,Metro Vancouver,RCMP Municipal,Burnaby Mun,2014,234774.0
Population,Bulkley Nechako,RCMP Provincial,Burns Lake Prov,2014,6345.0
Population,Strathcona,RCMP Municipal,Campbell River Mun,2014,32517.0
Population,Strathcona,RCMP Provincial,Campbell River Prov,2014,5289.0
Population,Central Kootenay,RCMP Municipal,Castlegar Mun,2014,7809.0
Population,Central Kootenay,RCMP Provincial,Castlegar Prov,2014,6033.0
Population,Capital,Independent Municipal,Central Saanich Mun,2014,16024.0
Population,Thompson Nicola,RCMP Provincial,Chase Prov,2014,8337.0
Population,Peace River,RCMP Provincial,Chetwynd Prov,2014,5491.0
Population,Fraser Valley,RCMP Municipal,Chilliwack Mun,2014,85944.0
Population,Fraser Valley,RCMP Provincial,Chilliwack Prov,2014,4834.0
Population,Thompson Nicola,RCMP Provincial,Clearwater Prov,2014,4377.0
Population,Thompson Nicola,RCMP Provincial,Clinton Prov,2014,1852.0
Population,North Okanagan,RCMP Municipal,Coldstream Mun,2014,10523.0
Population,East Kootenay,RCMP Provincial,Columbia Valley Prov,2014,9003.0
Population,Capital,RCMP Municipal,Colwood Mun,2014,16676.0
Population,Comox Valley,RCMP Municipal,Comox Mun,2014,13754.0
Population,Comox Valley,RCMP Provincial,Comox Valley Prov,2014,25854.0
Population,Metro Vancouver,RCMP Municipal,Coquitlam Mun,2014,141738.0
Population,Metro Vancouver,RCMP Provincial,Coquitlam Prov,2014,2915.0
Population,Comox Valley,RCMP Municipal,Courtenay Mun,2014,24639.0
Population,East Kootenay,RCMP Municipal,Cranbrook Mun,2014,19558.0
Population,East Kootenay,RCMP Provincial,Cranbrook Prov,2014,6570.0
Population,Central Kootenay,RCMP Municipal,Creston Mun,2014,5014.0
Population,Central Kootenay,RCMP Provincial,Creston Prov,2014,8265.0
Population,Peace River,RCMP Municipal,Dawson Creek Mun,2014,12248.0
Population,Peace River,RCMP Provincial,Dawson Creek Prov,2014,7045.0
Population,Kitimat Stikine,RCMP Provincial,Dease Lake Prov,2014,1363.0
Population,Metro Vancouver,Independent Municipal,Delta Mun,2014,102384.0
Population,Cowichan Valley,RCMP Provincial,Duncan Prov,2014,14521.0
Population,East Kootenay,RCMP Provincial,Elk Valley Prov,2014,13810.0
Population,North Okanagan,RCMP Provincial,Enderby Prov,2014,6899.0
Population,Columbia Shuswap,RCMP Provincial,Falkland Prov,2014,2903.0
Population,Bulkley Nechako,RCMP Provincial,Fort St James Prov,2014,4568.0
Population,Peace River,RCMP Municipal,Fort St John Mun,2014,21118.0
Population,Peace River,RCMP Provincial,Fort St John Prov,2014,14360.0
Population,Bulkley Nechako,RCMP Provincial,Fraser Lake Prov,2014,3446.0
Population,Nanaimo,RCMP Provincial,Gabriola Island Prov,2014,4157.0
Population,Columbia Shuswap,RCMP Provincial,Golden Prov,2014,6936.0
Population,Fraser Valley,RCMP Municipal,Hope Mun,2014,5713.0
Population,Fraser Valley,RCMP Provincial,Hope  Prov,2014,1149.0
Population,Bulkley Nechako,RCMP Provincial,Houston/Granisle Prov,2014,4524.0
Population,Peace River,RCMP Provincial,Hudson's Hope Prov,2014,1265.0
Population,Thompson Nicola,RCMP Municipal,Kamloops Mun,2014,89454.0
Population,Central Kootenay,RCMP Provincial,Kaslo Prov,2014,2364.0
Population,Central Okanagan,RCMP Municipal,Kelowna Mun,2014,121529.0
Population,Central Okanagan,RCMP Provincial,Kelowna Prov,2014,15799.0
Population,Fraser Valley,RCMP Municipal,Kent Mun,2014,5881.0
Population,Okanagan Similkameen,RCMP Provincial,Keremeos Prov,2014,4725.0
Population,East Kootenay,RCMP Municipal,Kimberley Mun,2014,6701.0
Population,East Kootenay,RCMP Provincial,Kimberley Prov,2014,1912.0
Population,Kitimat Stikine,RCMP Municipal,Kitimat Mun,2014,8465.0
Population,Kitimat Stikine,RCMP Provincial,Kitimat Prov,2014,576.0
Population,Cowichan Valley,RCMP Municipal,Ladysmith Mun,2014,8266.0
Population,Cowichan Valley,RCMP Provincial,Ladysmith Prov,2014,5848.0
Population,Central Okanagan,RCMP Municipal,Lake Country Mun,2014,13048.0
Population,Cowichan Valley,RCMP Provincial,Lake Cowichan Prov,2014,6105.0
Population,Capital,RCMP Municipal,Langford Mun,2014,34763.0
Population,Metro Vancouver,RCMP Municipal,Langley City Mun,2014,26805.0
Population,Metro Vancouver,RCMP Municipal,Langley Township Mun,2014,115897.0
Population,Squamish Lillooet,RCMP Provincial,Lillooet Prov,2014,3297.0
Population,Kitimat Stikine,RCMP Provincial,Lisims/Nass Valley Prov,2014,2132.0
Population,Thompson Nicola,RCMP Provincial,Logan Lake Prov,2014,2572.0
Population,North Okanagan,RCMP Provincial,Lumby Prov,2014,5962.0
Population,Thompson Nicola,RCMP Provincial,Lytton Prov,2014,1972.0
Population,Fraser Fort George,RCMP Provincial,Mackenzie Prov,2014,3643.0
Population,Metro Vancouver,RCMP Municipal,Maple Ridge Mun,2014,81098.0
Population,North Coast Regional District (22),RCMP Provincial,Masset Prov,2014,2031.0
Population,Fraser Fort George,RCMP Provincial,McBride Prov,2014,1673.0
Population,Thompson Nicola,RCMP Municipal,Merritt Mun,2014,7469.0
Population,Thompson Nicola,RCMP Provincial,Merritt Prov,2014,3960.0
Population,Fraser Valley,RCMP Municipal,Mission Mun,2014,37854.0
Population,Fraser Valley,RCMP Provincial,Mission Prov,2014,4218.0
Population,Central Kootenay,RCMP Provincial,Nakusp Prov,2014,3410.0
Population,Nanaimo,RCMP Municipal,Nanaimo Mun,2014,88790.0
Population,Nanaimo,RCMP Provincial,Nanaimo Prov,2014,14018.0
Population,Central Kootenay,Independent Municipal,Nelson Mun,2014,10469.0
Population,Central Kootenay,RCMP Provincial,Nelson Prov,2014,12221.0
Population,Kitimat Stikine,RCMP Provincial,New Hazelton Prov,2014,5945.0
Population,Metro Vancouver,Independent Municipal,New Westminster Mun,2014,70192.0
Population,Strathcona,RCMP Provincial,Nootka Sound Prov,2014,1904.0
Population,Cowichan Valley,RCMP Municipal,North Cowichan Mun,2014,29704.0
Population,Capital,RCMP Municipal,North Saanich Mun,2014,11102.0
Population,Metro Vancouver,RCMP Municipal,North Vancouver City Mun,2014,52600.0
Population,Metro Vancouver,RCMP Municipal,North Vancouver District Mun,2014,86902.0
Population,Metro Vancouver,RCMP Provincial,North Vancouver Prov,2014,2839.0
Population,Northern Rockies,RCMP Municipal,Northern Rockies Mun,2014,5348.0
Population,Northern Rockies,RCMP Provincial,Northern Rockies Prov,2014,602.0
Population,Capital,Independent Municipal,Oak Bay Mun,2014,17504.0
Population,Nanaimo,RCMP Provincial,Oceanside Prov,2014,24833.0
Population,Cariboo,RCMP Provincial,One Hundred Mile House Prov,2014,12960.0
Population,Capital,RCMP Provincial,Outer Gulf  Islands Prov,2014,4834.0
Population,Nanaimo,RCMP Municipal,Parksville Mun,2014,12230.0
Population,Central Okanagan,RCMP Municipal,Peachland Mun,2014,5088.0
Population,Squamish Lillooet,RCMP Provincial,Pemberton Prov,2014,4481.0
Population,Okanagan Similkameen,RCMP Municipal,Penticton Mun,2014,34050.0
Population,Okanagan Similkameen,RCMP Provincial,Penticton Prov,2014,11391.0
Population,Metro Vancouver,RCMP Municipal,Pitt Meadows Mun,2014,18763.0
Population,Alberni Clayoquot,RCMP Municipal,Port Alberni Mun,2014,16554.0
Population,Alberni Clayoquot,RCMP Provincial,Port Alberni Prov,2014,8456.0
Population,Mount Waddington,RCMP Provincial,Port Alice Prov,2014,823.0
Population,Metro Vancouver,RCMP Municipal,Port Coquitlam Mun,2014,60103.0
Population,Mount Waddington,RCMP Provincial,Port Hardy Prov,2014,5291.0
Population,Mount Waddington,RCMP Provincial,Port McNeill Prov,2014,4427.0
Population,Metro Vancouver,Independent Municipal,Port Moody Mun,2014,34884.0
Population,Powell River,RCMP Municipal,Powell River Mun,2014,13026.0
Population,Powell River,RCMP Provincial,Powell River Prov,2014,5535.0
Population,Fraser Fort George,RCMP Municipal,Prince George Mun,2014,73321.0
Population,Fraser Fort George,RCMP Provincial,Prince George Prov,2014,13134.0
Population,North Coast Regional District (22),RCMP Municipal,Prince Rupert Mun,2014,11829.0
Population,North Coast Regional District (22),RCMP Provincial,Prince Rupert Prov,2014,1937.0
Population,Okanagan Similkameen,RCMP Provincial,Princeton Prov,2014,4955.0
Population,Strathcona,RCMP Provincial,Quadra Island Prov,2014,3510.0
Population,Nanaimo,RCMP Municipal,Qualicum Beach Mun,2014,8503.0
Population,North Coast Regional District (22),RCMP Provincial,Queen Charlotte Prov,2014,2304.0
Population,Cariboo,RCMP Municipal,Quesnel Mun,2014,9761.0
Population,Cariboo,RCMP Provincial,Quesnel Prov,2014,13422.0
Population,Columbia Shuswap,RCMP Municipal,Revelstoke Mun,2014,7202.0
Population,Columbia Shuswap,RCMP Provincial,Revelstoke Prov,2014,576.0
Population,Metro Vancouver,RCMP Municipal,Richmond Mun,2014,206080.0
Population,Metro Vancouver,RCMP Provincial,Ridge Meadows Prov,2014,94.0
Population,Capital,Independent Municipal,Saanich Mun,2014,111022.0
Population,Central Kootenay,RCMP Provincial,Salmo Prov,2014,2706.0
Population,Columbia Shuswap,RCMP Municipal,Salmon Arm Mun,2014,17590.0
Population,Columbia Shuswap,RCMP Provincial,Salmon Arm Prov,2014,9346.0
Population,Capital,RCMP Provincial,Saltspring Island Prov,2014,10484.0
Population,Strathcona,RCMP Provincial,Sayward Prov,2014,775.0
Population,Sunshine Coast,RCMP Municipal,Sechelt Mun,2014,9890.0
Population,Cowichan Valley,RCMP Provincial,Shawnigan Lake Prov,2014,17814.0
Population,Columbia Shuswap,RCMP Provincial,Sicamous Prov,2014,3798.0
Population,Capital,RCMP Municipal,Sidney Mun,2014,11097.0
Population,Capital,RCMP Provincial,Sidney Prov,2014,3555.0
Population,Central Kootenay,RCMP Provincial,Slocan Lake Prov,2014,1974.0
Population,Bulkley Nechako,RCMP Municipal,Smithers Mun,2014,5075.0
Population,Bulkley Nechako,RCMP Provincial,Smithers Prov,2014,7857.0
Population,Capital,RCMP Municipal,Sooke Mun,2014,12165.0
Population,Capital,RCMP Provincial,Sooke Prov,2014,4641.0
Population,Okanagan Similkameen,RCMP Provincial,South Okanagan/Oliver,2014,8503.0
Population,Okanagan Similkameen,RCMP Provincial,South Okanagan/Osoyoos,2014,7159.0
Population,North Okanagan,RCMP Municipal,Spallumcheen Mun,2014,5166.0
Population,Squamish Lillooet,RCMP Municipal,Squamish Mun,2014,18844.0
Population,Squamish Lillooet,RCMP Provincial,Squamish Prov,2014,1965.0
Population,Kitimat Stikine,RCMP Provincial,Stewart Prov,2014,425.0
Population,Squamish Lillooet,First Nations Aboriginal Police Service,Stl'atl'imx FNAPS,2014,3069.0
Population,Okanagan Similkameen,RCMP Municipal,Summerland Mun,2014,11095.0
Population,Sunshine Coast,RCMP Provincial,Sunshine Coast Prov,2014,18784.0
Population,Metro Vancouver,RCMP Municipal,Surrey Mun,2014,515936.0
Population,Bulkley Nechako,RCMP Provincial,Takla Landing Prov,2014,195.0
Population,Kitimat Stikine,RCMP Municipal,Terrace Mun,2014,11197.0
Population,Kitimat Stikine,RCMP Provincial,Terrace Prov,2014,8194.0
Population,Powell River,RCMP Provincial,Texada Island Prov,2014,1055.0
Population,Thompson Nicola,RCMP Provincial,T'Kumlups Prov,2014,8607.0
Population,Alberni Clayoquot,RCMP Provincial,Tofino Prov,2014,3433.0
Population,Kootenay Boundary,RCMP Municipal,Trail Mun,2014,7428.0
Population,Kootenay Boundary,RCMP Provincial,Trail and Greater District,2014,10771.0
Population,Fraser Fort George,RCMP Provincial,Tsay Keh Dene Prov,2014,382.0
Population,Peace River,RCMP Provincial,Tumbler Ridge Prov,2014,2931.0
Population,Alberni Clayoquot,RCMP Provincial,Ucluelet Prov,2014,2202.0
Population,Metro Vancouver,RCMP Provincial,University Prov,2014,16188.0
Population,Fraser Fort George,RCMP Provincial,Valemount Prov,2014,1543.0
Population,Metro Vancouver,Independent Municipal,Vancouver Mun,2014,645416.0
Population,Bulkley Nechako,RCMP Provincial,Vanderhoof Prov,2014,8798.0
Population,North Okanagan,RCMP Municipal,Vernon Mun,2014,39167.0
Population,North Okanagan,RCMP Provincial,Vernon Prov,2014,11494.0
Population,Capital,Independent Municipal,Victoria Mun,2014,100223.0
Population,Capital,RCMP Municipal,View Royal Mun,2014,10750.0
Population,Cariboo,RCMP Provincial,Wells Prov,2014,355.0
Population,Central Okanagan,RCMP Municipal,West Kelowna Mun,2014,32744.0
Population,Capital,RCMP Provincial,West Shore Prov,2014,9128.0
Population,Metro Vancouver,Independent Municipal,West Vancouver Mun,2014,45597.0
Population,Squamish Lillooet,RCMP Municipal,Whistler Mun,2014,10469.0
Population,Squamish Lillooet,RCMP Provincial,Whistler Prov,2014,307.0
Population,Metro Vancouver,RCMP Municipal,White Rock Mun,2014,19232.0
Population,Cariboo,RCMP Municipal,Williams Lake Mun,2014,10949.0
Population,Cariboo,RCMP Provincial,Williams Lake Prov,2014,13001.0
Criminal Code Offences,Fraser Valley,Independent Municipal,Abbotsford Mun,2015,9099.0
Criminal Code Offences,Fraser Valley,RCMP Provincial,Agassiz Prov,2015,534.0
Criminal Code Offences,Mount Waddington,RCMP Provincial,Alert Bay Prov,2015,187.0
Criminal Code Offences,Cariboo,RCMP Provincial,Alexis Creek Prov,2015,209.0
Criminal Code Offences,Cariboo,RCMP Provincial,Anahim Lake Prov,2015,112.0
Criminal Code Offences,North Okanagan,RCMP Provincial,Armstrong Prov,2015,223.0
Criminal Code Offences,Thompson Nicola,RCMP Provincial,Ashcroft Prov,2015,290.0
Criminal Code Offences,Kitimat Stikine,RCMP Provincial,Atlin Prov,2015,55.0
Criminal Code Offences,Thompson Nicola,RCMP Provincial,Barriere Prov,2015,285.0
Criminal Code Offences,Central Coast,RCMP Provincial,Bella Bella Prov,2015,141.0
Criminal Code Offences,Central Coast,RCMP Provincial,Bella Coola Prov,2015,189.0
Criminal Code Offences,Fraser Valley,RCMP Provincial,Boston Bar Prov,2015,98.0
Criminal Code Offences,Kootenay Boundary,RCMP Provincial,Boundary/Grand Forks Prov,2015,523.0
Criminal Code Offences,Kootenay Boundary,RCMP Provincial,Boundary/Midway Prov,2015,200.0
Criminal Code Offences,Metro Vancouver,RCMP Provincial,Bowen Island Prov,2015,120.0
Criminal Code Offences,Metro Vancouver,RCMP Municipal,Burnaby Mun,2015,14881.0
Criminal Code Offences,Bulkley Nechako,RCMP Provincial,Burns Lake Prov,2015,704.0
Criminal Code Offences,Strathcona,RCMP Municipal,Campbell River Mun,2015,3230.0
Criminal Code Offences,Strathcona,RCMP Provincial,Campbell River Prov,2015,590.0
Criminal Code Offences,Central Kootenay,RCMP Municipal,Castlegar Mun,2015,665.0
Criminal Code Offences,Central Kootenay,RCMP Provincial,Castlegar Prov,2015,210.0
Criminal Code Offences,Capital,Independent Municipal,Central Saanich Mun,2015,461.0
Criminal Code Offences,Thompson Nicola,RCMP Provincial,Chase Prov,2015,607.0
Criminal Code Offences,Peace River,RCMP Provincial,Chetwynd Prov,2015,528.0
Criminal Code Offences,Fraser Valley,RCMP Municipal,Chilliwack Mun,2015,9940.0
Criminal Code Offences,Fraser Valley,RCMP Provincial,Chilliwack Prov,2015,860.0
Criminal Code Offences,Thompson Nicola,RCMP Provincial,Clearwater Prov,2015,245.0
Criminal Code Offences,Thompson Nicola,RCMP Provincial,Clinton Prov,2015,113.0
Criminal Code Offences,North Okanagan,RCMP Municipal,Coldstream Mun,2015,353.0
Criminal Code Offences,East Kootenay,RCMP Provincial,Columbia Valley Prov,2015,603.0
Criminal Code Offences,Capital,RCMP Municipal,Colwood Mun,2015,621.0
Criminal Code Offences,Comox Valley,RCMP Municipal,Comox Mun,2015,536.0
Criminal Code Offences,Comox Valley,RCMP Provincial,Comox Valley Prov,2015,942.0
Criminal Code Offences,Metro Vancouver,RCMP Municipal,Coquitlam Mun,2015,8896.0
Criminal Code Offences,Metro Vancouver,RCMP Provincial,Coquitlam Prov,2015,95.0
Criminal Code Offences,Comox Valley,RCMP Municipal,Courtenay Mun,2015,2745.0
Criminal Code Offences,East Kootenay,RCMP Municipal,Cranbrook Mun,2015,1564.0
Criminal Code Offences,East Kootenay,RCMP Provincial,Cranbrook Prov,2015,222.0
Criminal Code Offences,Central Kootenay,RCMP Municipal,Creston Mun,2015,464.0
Criminal Code Offences,Central Kootenay,RCMP Provincial,Creston Prov,2015,436.0
Criminal Code Offences,Peace River,RCMP Municipal,Dawson Creek Mun,2015,1766.0
Criminal Code Offences,Peace River,RCMP Provincial,Dawson Creek Prov,2015,373.0
Criminal Code Offences,Kitimat Stikine,RCMP Provincial,Dease Lake Prov,2015,165.0
Criminal Code Offences,Metro Vancouver,Independent Municipal,Delta Mun,2015,4674.0
Criminal Code Offences,Cowichan Valley,RCMP Provincial,Duncan Prov,2015,2038.0
Criminal Code Offences,East Kootenay,RCMP Provincial,Elk Valley Prov,2015,597.0
Criminal Code Offences,North Okanagan,RCMP Provincial,Enderby Prov,2015,398.0
Criminal Code Offences,Columbia Shuswap,RCMP Provincial,Falkland Prov,2015,103.0
Criminal Code Offences,Bulkley Nechako,RCMP Provincial,Fort St James Prov,2015,974.0
Criminal Code Offences,Peace River,RCMP Municipal,Fort St John Mun,2015,3032.0
Criminal Code Offences,Peace River,RCMP Provincial,Fort St John Prov,2015,675.0
Criminal Code Offences,Bulkley Nechako,RCMP Provincial,Fraser Lake Prov,2015,163.0
Criminal Code Offences,Nanaimo,RCMP Provincial,Gabriola Island Prov,2015,201.0
Criminal Code Offences,Columbia Shuswap,RCMP Provincial,Golden Prov,2015,559.0
Criminal Code Offences,Fraser Valley,RCMP Municipal,Hope Mun,2015,1006.0
Criminal Code Offences,Fraser Valley,RCMP Provincial,Hope  Prov,2015,189.0
Criminal Code Offences,Bulkley Nechako,RCMP Provincial,Houston/Granisle Prov,2015,454.0
Criminal Code Offences,Peace River,RCMP Provincial,Hudson's Hope Prov,2015,76.0
Criminal Code Offences,Thompson Nicola,RCMP Municipal,Kamloops Mun,2015,8585.0
Criminal Code Offences,Central Kootenay,RCMP Provincial,Kaslo Prov,2015,204.0
Criminal Code Offences,Central Okanagan,RCMP Municipal,Kelowna Mun,2015,12428.0
Criminal Code Offences,Central Okanagan,RCMP Provincial,Kelowna Prov,2015,1137.0
Criminal Code Offences,Fraser Valley,RCMP Municipal,Kent Mun,2015,441.0
Criminal Code Offences,Okanagan Similkameen,RCMP Provincial,Keremeos Prov,2015,434.0
Criminal Code Offences,East Kootenay,RCMP Municipal,Kimberley Mun,2015,354.0
Criminal Code Offences,East Kootenay,RCMP Provincial,Kimberley Prov,2015,89.0
Criminal Code Offences,Kitimat Stikine,RCMP Municipal,Kitimat Mun,2015,683.0
Criminal Code Offences,Kitimat Stikine,RCMP Provincial,Kitimat Prov,2015,45.0
Criminal Code Offences,Cowichan Valley,RCMP Municipal,Ladysmith Mun,2015,661.0
Criminal Code Offences,Cowichan Valley,RCMP Provincial,Ladysmith Prov,2015,341.0
Criminal Code Offences,Central Okanagan,RCMP Municipal,Lake Country Mun,2015,672.0
Criminal Code Offences,Cowichan Valley,RCMP Provincial,Lake Cowichan Prov,2015,474.0
Criminal Code Offences,Capital,RCMP Municipal,Langford Mun,2015,1738.0
Criminal Code Offences,Metro Vancouver,RCMP Municipal,Langley City Mun,2015,3931.0
Criminal Code Offences,Metro Vancouver,RCMP Municipal,Langley Township Mun,2015,8483.0
Criminal Code Offences,Squamish Lillooet,RCMP Provincial,Lillooet Prov,2015,281.0
Criminal Code Offences,Kitimat Stikine,RCMP Provincial,Lisims/Nass Valley Prov,2015,313.0
Criminal Code Offences,Thompson Nicola,RCMP Provincial,Logan Lake Prov,2015,130.0
Criminal Code Offences,North Okanagan,RCMP Provincial,Lumby Prov,2015,269.0
Criminal Code Offences,Thompson Nicola,RCMP Provincial,Lytton Prov,2015,194.0
Criminal Code Offences,Fraser Fort George,RCMP Provincial,Mackenzie Prov,2015,470.0
Criminal Code Offences,Metro Vancouver,RCMP Municipal,Maple Ridge Mun,2015,7809.0
Criminal Code Offences,North Coast Regional District (22),RCMP Provincial,Masset Prov,2015,314.0
Criminal Code Offences,Fraser Fort George,RCMP Provincial,McBride Prov,2015,122.0
Criminal Code Offences,Thompson Nicola,RCMP Municipal,Merritt Mun,2015,1037.0
Criminal Code Offences,Thompson Nicola,RCMP Provincial,Merritt Prov,2015,287.0
Criminal Code Offences,Fraser Valley,RCMP Municipal,Mission Mun,2015,4638.0
Criminal Code Offences,Fraser Valley,RCMP Provincial,Mission Prov,2015,265.0
Criminal Code Offences,Central Kootenay,RCMP Provincial,Nakusp Prov,2015,226.0
Criminal Code Offences,Nanaimo,RCMP Municipal,Nanaimo Mun,2015,8571.0
Criminal Code Offences,Nanaimo,RCMP Provincial,Nanaimo Prov,2015,508.0
Criminal Code Offences,Central Kootenay,Independent Municipal,Nelson Mun,2015,854.0
Criminal Code Offences,Central Kootenay,RCMP Provincial,Nelson Prov,2015,246.0
Criminal Code Offences,Kitimat Stikine,RCMP Provincial,New Hazelton Prov,2015,846.0
Criminal Code Offences,Metro Vancouver,Independent Municipal,New Westminster Mun,2015,5393.0
Criminal Code Offences,Strathcona,RCMP Provincial,Nootka Sound Prov,2015,207.0
Criminal Code Offences,Cowichan Valley,RCMP Municipal,North Cowichan Mun,2015,2493.0
Criminal Code Offences,Capital,RCMP Municipal,North Saanich Mun,2015,328.0
Criminal Code Offences,Metro Vancouver,RCMP Municipal,North Vancouver City Mun,2015,3925.0
Criminal Code Offences,Metro Vancouver,RCMP Municipal,North Vancouver District Mun,2015,3347.0
Criminal Code Offences,Metro Vancouver,RCMP Provincial,North Vancouver Prov,2015,306.0
Criminal Code Offences,Northern Rockies,RCMP Municipal,Northern Rockies Mun,2015,636.0
Criminal Code Offences,Northern Rockies,RCMP Provincial,Northern Rockies Prov,2015,281.0
Criminal Code Offences,Capital,Independent Municipal,Oak Bay Mun,2015,509.0
Criminal Code Offences,Nanaimo,RCMP Provincial,Oceanside Prov,2015,977.0
Criminal Code Offences,Cariboo,RCMP Provincial,One Hundred Mile House Prov,2015,631.0
Criminal Code Offences,Capital,RCMP Provincial,Outer Gulf  Islands Prov,2015,138.0
Criminal Code Offences,Nanaimo,RCMP Municipal,Parksville Mun,2015,1133.0
Criminal Code Offences,Central Okanagan,RCMP Municipal,Peachland Mun,2015,169.0
Criminal Code Offences,Squamish Lillooet,RCMP Provincial,Pemberton Prov,2015,322.0
Criminal Code Offences,Okanagan Similkameen,RCMP Municipal,Penticton Mun,2015,4284.0
Criminal Code Offences,Okanagan Similkameen,RCMP Provincial,Penticton Prov,2015,571.0
Criminal Code Offences,Metro Vancouver,RCMP Municipal,Pitt Meadows Mun,2015,1627.0
Criminal Code Offences,Alberni Clayoquot,RCMP Municipal,Port Alberni Mun,2015,2126.0
Criminal Code Offences,Alberni Clayoquot,RCMP Provincial,Port Alberni Prov,2015,294.0
Criminal Code Offences,Mount Waddington,RCMP Provincial,Port Alice Prov,2015,55.0
Criminal Code Offences,Metro Vancouver,RCMP Municipal,Port Coquitlam Mun,2015,4777.0
Criminal Code Offences,Mount Waddington,RCMP Provincial,Port Hardy Prov,2015,872.0
Criminal Code Offences,Mount Waddington,RCMP Provincial,Port McNeill Prov,2015,233.0
Criminal Code Offences,Metro Vancouver,Independent Municipal,Port Moody Mun,2015,1165.0
Criminal Code Offences,Powell River,RCMP Municipal,Powell River Mun,2015,876.0
Criminal Code Offences,Powell River,RCMP Provincial,Powell River Prov,2015,197.0
Criminal Code Offences,Fraser Fort George,RCMP Municipal,Prince George Mun,2015,10643.0
Criminal Code Offences,Fraser Fort George,RCMP Provincial,Prince George Prov,2015,532.0
Criminal Code Offences,North Coast Regional District (22),RCMP Municipal,Prince Rupert Mun,2015,2505.0
Criminal Code Offences,North Coast Regional District (22),RCMP Provincial,Prince Rupert Prov,2015,252.0
Criminal Code Offences,Okanagan Similkameen,RCMP Provincial,Princeton Prov,2015,452.0
Criminal Code Offences,Strathcona,RCMP Provincial,Quadra Island Prov,2015,80.0
Criminal Code Offences,Nanaimo,RCMP Municipal,Qualicum Beach Mun,2015,293.0
Criminal Code Offences,North Coast Regional District (22),RCMP Provincial,Queen Charlotte Prov,2015,147.0
Criminal Code Offences,Cariboo,RCMP Municipal,Quesnel Mun,2015,1885.0
Criminal Code Offences,Cariboo,RCMP Provincial,Quesnel Prov,2015,578.0
Criminal Code Offences,Columbia Shuswap,RCMP Municipal,Revelstoke Mun,2015,526.0
Criminal Code Offences,Columbia Shuswap,RCMP Provincial,Revelstoke Prov,2015,61.0
Criminal Code Offences,Metro Vancouver,RCMP Municipal,Richmond Mun,2015,12082.0
Criminal Code Offences,Metro Vancouver,RCMP Provincial,Ridge Meadows Prov,2015,69.0
Criminal Code Offences,Capital,Independent Municipal,Saanich Mun,2015,4342.0
Criminal Code Offences,Central Kootenay,RCMP Provincial,Salmo Prov,2015,208.0
Criminal Code Offences,Columbia Shuswap,RCMP Municipal,Salmon Arm Mun,2015,851.0
Criminal Code Offences,Columbia Shuswap,RCMP Provincial,Salmon Arm Prov,2015,328.0
Criminal Code Offences,Capital,RCMP Provincial,Saltspring Island Prov,2015,324.0
Criminal Code Offences,Strathcona,RCMP Provincial,Sayward Prov,2015,56.0
Criminal Code Offences,Sunshine Coast,RCMP Municipal,Sechelt Mun,2015,661.0
Criminal Code Offences,Cowichan Valley,RCMP Provincial,Shawnigan Lake Prov,2015,718.0
Criminal Code Offences,Columbia Shuswap,RCMP Provincial,Sicamous Prov,2015,349.0
Criminal Code Offences,Capital,RCMP Municipal,Sidney Mun,2015,444.0
Criminal Code Offences,Capital,RCMP Provincial,Sidney Prov,2015,317.0
Criminal Code Offences,Central Kootenay,RCMP Provincial,Slocan Lake Prov,2015,108.0
Criminal Code Offences,Bulkley Nechako,RCMP Municipal,Smithers Mun,2015,885.0
Criminal Code Offences,Bulkley Nechako,RCMP Provincial,Smithers Prov,2015,346.0
Criminal Code Offences,Capital,RCMP Municipal,Sooke Mun,2015,699.0
Criminal Code Offences,Capital,RCMP Provincial,Sooke Prov,2015,265.0
Criminal Code Offences,Okanagan Similkameen,RCMP Provincial,South Okanagan/Oliver,2015,763.0
Criminal Code Offences,Okanagan Similkameen,RCMP Provincial,South Okanagan/Osoyoos,2015,580.0
Criminal Code Offences,North Okanagan,RCMP Municipal,Spallumcheen Mun,2015,123.0
Criminal Code Offences,Squamish Lillooet,RCMP Municipal,Squamish Mun,2015,1446.0
Criminal Code Offences,Squamish Lillooet,RCMP Provincial,Squamish Prov,2015,166.0
Criminal Code Offences,Kitimat Stikine,RCMP Provincial,Stewart Prov,2015,40.0
Criminal Code Offences,Squamish Lillooet,First Nations Aboriginal Police Service,Stl'atl'imx FNAPS,2015,358.0
Criminal Code Offences,Okanagan Similkameen,RCMP Municipal,Summerland Mun,2015,570.0
Criminal Code Offences,Sunshine Coast,RCMP Provincial,Sunshine Coast Prov,2015,874.0
Criminal Code Offences,Metro Vancouver,RCMP Municipal,Surrey Mun,2015,49228.0
Criminal Code Offences,Bulkley Nechako,RCMP Provincial,Takla Landing Prov,2015,87.0
Criminal Code Offences,Kitimat Stikine,RCMP Municipal,Terrace Mun,2015,2636.0
Criminal Code Offences,Kitimat Stikine,RCMP Provincial,Terrace Prov,2015,605.0
Criminal Code Offences,Powell River,RCMP Provincial,Texada Island Prov,2015,51.0
Criminal Code Offences,Thompson Nicola,RCMP Provincial,T'Kumlups Prov,2015,626.0
Criminal Code Offences,Alberni Clayoquot,RCMP Provincial,Tofino Prov,2015,553.0
Criminal Code Offences,Kootenay Boundary,RCMP Municipal,Trail Mun,2015,557.0
Criminal Code Offences,Kootenay Boundary,RCMP Provincial,Trail and Greater District,2015,363.0
Criminal Code Offences,Fraser Fort George,RCMP Provincial,Tsay Keh Dene Prov,2015,188.0
Criminal Code Offences,Peace River,RCMP Provincial,Tumbler Ridge Prov,2015,147.0
Criminal Code Offences,Alberni Clayoquot,RCMP Provincial,Ucluelet Prov,2015,176.0
Criminal Code Offences,Metro Vancouver,RCMP Provincial,University Prov,2015,1464.0
Criminal Code Offences,Fraser Fort George,RCMP Provincial,Valemount Prov,2015,158.0
Criminal Code Offences,Metro Vancouver,Independent Municipal,Vancouver Mun,2015,49803.0
Criminal Code Offences,Bulkley Nechako,RCMP Provincial,Vanderhoof Prov,2015,1095.0
Criminal Code Offences,North Okanagan,RCMP Municipal,Vernon Mun,2015,4684.0
Criminal Code Offences,North Okanagan,RCMP Provincial,Vernon Prov,2015,407.0
Criminal Code Offences,Capital,Independent Municipal,Victoria Mun,2015,11662.0
Criminal Code Offences,Capital,RCMP Municipal,View Royal Mun,2015,443.0
Criminal Code Offences,Cariboo,RCMP Provincial,Wells Prov,2015,48.0
Criminal Code Offences,Central Okanagan,RCMP Municipal,West Kelowna Mun,2015,1609.0
Criminal Code Offences,Capital,RCMP Provincial,West Shore Prov,2015,301.0
Criminal Code Offences,Metro Vancouver,Independent Municipal,West Vancouver Mun,2015,1970.0
Criminal Code Offences,Squamish Lillooet,RCMP Municipal,Whistler Mun,2015,1334.0
Criminal Code Offences,Squamish Lillooet,RCMP Provincial,Whistler Prov,2015,28.0
Criminal Code Offences,Metro Vancouver,RCMP Municipal,White Rock Mun,2015,1410.0
Criminal Code Offences,Cariboo,RCMP Municipal,Williams Lake Mun,2015,2960.0
Criminal Code Offences,Cariboo,RCMP Provincial,Williams Lake Prov,2015,488.0
Crime Rates,Fraser Valley,Independent Municipal,Abbotsford Mun,2015,64.27
Crime Rates,Fraser Valley,RCMP Provincial,Agassiz Prov,2015,146.38000000000002
Crime Rates,Mount Waddington,RCMP Provincial,Alert Bay Prov,2015,138.31
Crime Rates,Cariboo,RCMP Provincial,Alexis Creek Prov,2015,122.01
Crime Rates,Cariboo,RCMP Provincial,Anahim Lake Prov,2015,158.19
Crime Rates,North Okanagan,RCMP Provincial,Armstrong Prov,2015,40.75
Crime Rates,Thompson Nicola,RCMP Provincial,Ashcroft Prov,2015,80.27
Crime Rates,Kitimat Stikine,RCMP Provincial,Atlin Prov,2015,131.89000000000001
Crime Rates,Thompson Nicola,RCMP Provincial,Barriere Prov,2015,73.74000000000001
Crime Rates,Central Coast,RCMP Provincial,Bella Bella Prov,2015,85.98
Crime Rates,Central Coast,RCMP Provincial,Bella Coola Prov,2015,98.54
Crime Rates,Fraser Valley,RCMP Provincial,Boston Bar Prov,2015,160.13
Crime Rates,Kootenay Boundary,RCMP Provincial,Boundary/Grand Forks Prov,2015,66.82
Crime Rates,Kootenay Boundary,RCMP Provincial,Boundary/Midway Prov,2015,76.28
Crime Rates,Metro Vancouver,RCMP Provincial,Bowen Island Prov,2015,33.839999999999996
Crime Rates,Metro Vancouver,RCMP Municipal,Burnaby Mun,2015,62.47
Crime Rates,Bulkley Nechako,RCMP Provincial,Burns Lake Prov,2015,112.89
Crime Rates,Strathcona,RCMP Municipal,Campbell River Mun,2015,96.72
Crime Rates,Strathcona,RCMP Provincial,Campbell River Prov,2015,111.74000000000001
Crime Rates,Central Kootenay,RCMP Municipal,Castlegar Mun,2015,83.61999999999999
Crime Rates,Central Kootenay,RCMP Provincial,Castlegar Prov,2015,34.809999999999995
Crime Rates,Capital,Independent Municipal,Central Saanich Mun,2015,28.73
Crime Rates,Thompson Nicola,RCMP Provincial,Chase Prov,2015,73.28
Crime Rates,Peace River,RCMP Provincial,Chetwynd Prov,2015,96.79
Crime Rates,Fraser Valley,RCMP Municipal,Chilliwack Mun,2015,110.66
Crime Rates,Fraser Valley,RCMP Provincial,Chilliwack Prov,2015,184.10999999999999
Crime Rates,Thompson Nicola,RCMP Provincial,Clearwater Prov,2015,56.949999999999996
Crime Rates,Thompson Nicola,RCMP Provincial,Clinton Prov,2015,62.02
Crime Rates,North Okanagan,RCMP Municipal,Coldstream Mun,2015,32.620000000000005
Crime Rates,East Kootenay,RCMP Provincial,Columbia Valley Prov,2015,66.85
Crime Rates,Capital,RCMP Municipal,Colwood Mun,2015,36.63
Crime Rates,Comox Valley,RCMP Municipal,Comox Mun,2015,38.32
Crime Rates,Comox Valley,RCMP Provincial,Comox Valley Prov,2015,37.08
Crime Rates,Metro Vancouver,RCMP Municipal,Coquitlam Mun,2015,61.47
Crime Rates,Metro Vancouver,RCMP Provincial,Coquitlam Prov,2015,33.15
Crime Rates,Comox Valley,RCMP Municipal,Courtenay Mun,2015,108.74000000000001
Crime Rates,East Kootenay,RCMP Municipal,Cranbrook Mun,2015,78.55
Crime Rates,East Kootenay,RCMP Provincial,Cranbrook Prov,2015,33.96
Crime Rates,Central Kootenay,RCMP Municipal,Creston Mun,2015,97.81
Crime Rates,Central Kootenay,RCMP Provincial,Creston Prov,2015,52.3
Crime Rates,Peace River,RCMP Municipal,Dawson Creek Mun,2015,147.86
Crime Rates,Peace River,RCMP Provincial,Dawson Creek Prov,2015,52.91
Crime Rates,Kitimat Stikine,RCMP Provincial,Dease Lake Prov,2015,122.31
Crime Rates,Metro Vancouver,Independent Municipal,Delta Mun,2015,46.03
Crime Rates,Cowichan Valley,RCMP Provincial,Duncan Prov,2015,140.17
Crime Rates,East Kootenay,RCMP Provincial,Elk Valley Prov,2015,44.05
Crime Rates,North Okanagan,RCMP Provincial,Enderby Prov,2015,58.21
Crime Rates,Columbia Shuswap,RCMP Provincial,Falkland Prov,2015,35.06
Crime Rates,Bulkley Nechako,RCMP Provincial,Fort St James Prov,2015,212.66
Crime Rates,Peace River,RCMP Municipal,Fort St John Mun,2015,145.92000000000002
Crime Rates,Peace River,RCMP Provincial,Fort St John Prov,2015,46.78
Crime Rates,Bulkley Nechako,RCMP Provincial,Fraser Lake Prov,2015,47.230000000000004
Crime Rates,Nanaimo,RCMP Provincial,Gabriola Island Prov,2015,48.64
Crime Rates,Columbia Shuswap,RCMP Provincial,Golden Prov,2015,79.53
Crime Rates,Fraser Valley,RCMP Municipal,Hope Mun,2015,176.06
Crime Rates,Fraser Valley,RCMP Provincial,Hope  Prov,2015,170.26999999999998
Crime Rates,Bulkley Nechako,RCMP Provincial,Houston/Granisle Prov,2015,100.02
Crime Rates,Peace River,RCMP Provincial,Hudson's Hope Prov,2015,60.13
Crime Rates,Thompson Nicola,RCMP Municipal,Kamloops Mun,2015,95.39
Crime Rates,Central Kootenay,RCMP Provincial,Kaslo Prov,2015,86.26
Crime Rates,Central Okanagan,RCMP Municipal,Kelowna Mun,2015,99.92
Crime Rates,Central Okanagan,RCMP Provincial,Kelowna Prov,2015,69.8
Crime Rates,Fraser Valley,RCMP Municipal,Kent Mun,2015,71.19
Crime Rates,Okanagan Similkameen,RCMP Provincial,Keremeos Prov,2015,90.04
Crime Rates,East Kootenay,RCMP Municipal,Kimberley Mun,2015,52.48
Crime Rates,East Kootenay,RCMP Provincial,Kimberley Prov,2015,46.77
Crime Rates,Kitimat Stikine,RCMP Municipal,Kitimat Mun,2015,83.17999999999999
Crime Rates,Kitimat Stikine,RCMP Provincial,Kitimat Prov,2015,78.66999999999999
Crime Rates,Cowichan Valley,RCMP Municipal,Ladysmith Mun,2015,80.84
Crime Rates,Cowichan Valley,RCMP Provincial,Ladysmith Prov,2015,57.620000000000005
Crime Rates,Central Okanagan,RCMP Municipal,Lake Country Mun,2015,47.879999999999995
Crime Rates,Cowichan Valley,RCMP Provincial,Lake Cowichan Prov,2015,77.1
Crime Rates,Capital,RCMP Municipal,Langford Mun,2015,46.63
Crime Rates,Metro Vancouver,RCMP Municipal,Langley City Mun,2015,141.72
Crime Rates,Metro Vancouver,RCMP Municipal,Langley Township Mun,2015,72.14999999999999
Crime Rates,Squamish Lillooet,RCMP Provincial,Lillooet Prov,2015,84.17999999999999
Crime Rates,Kitimat Stikine,RCMP Provincial,Lisims/Nass Valley Prov,2015,147.70999999999998
Crime Rates,Thompson Nicola,RCMP Provincial,Logan Lake Prov,2015,50.230000000000004
Crime Rates,North Okanagan,RCMP Provincial,Lumby Prov,2015,45.43
Crime Rates,Thompson Nicola,RCMP Provincial,Lytton Prov,2015,101.04
Crime Rates,Fraser Fort George,RCMP Provincial,Mackenzie Prov,2015,129.87
Crime Rates,Metro Vancouver,RCMP Municipal,Maple Ridge Mun,2015,95.78
Crime Rates,North Coast Regional District (22),RCMP Provincial,Masset Prov,2015,156.3
Crime Rates,Fraser Fort George,RCMP Provincial,McBride Prov,2015,73.27
Crime Rates,Thompson Nicola,RCMP Municipal,Merritt Mun,2015,136.26999999999998
Crime Rates,Thompson Nicola,RCMP Provincial,Merritt Prov,2015,74.7
Crime Rates,Fraser Valley,RCMP Municipal,Mission Mun,2015,119.81
Crime Rates,Fraser Valley,RCMP Provincial,Mission Prov,2015,65.03
Crime Rates,Central Kootenay,RCMP Provincial,Nakusp Prov,2015,66.08
Crime Rates,Nanaimo,RCMP Municipal,Nanaimo Mun,2015,94.28
Crime Rates,Nanaimo,RCMP Provincial,Nanaimo Prov,2015,36.67
Crime Rates,Central Kootenay,Independent Municipal,Nelson Mun,2015,79.06
Crime Rates,Central Kootenay,RCMP Provincial,Nelson Prov,2015,19.959999999999997
Crime Rates,Kitimat Stikine,RCMP Provincial,New Hazelton Prov,2015,143.44
Crime Rates,Metro Vancouver,Independent Municipal,New Westminster Mun,2015,75.25
Crime Rates,Strathcona,RCMP Provincial,Nootka Sound Prov,2015,109.86999999999999
Crime Rates,Cowichan Valley,RCMP Municipal,North Cowichan Mun,2015,83.1
Crime Rates,Capital,RCMP Municipal,North Saanich Mun,2015,29.830000000000002
Crime Rates,Metro Vancouver,RCMP Municipal,North Vancouver City Mun,2015,72.34
Crime Rates,Metro Vancouver,RCMP Municipal,North Vancouver District Mun,2015,38.93
Crime Rates,Metro Vancouver,RCMP Provincial,North Vancouver Prov,2015,106.03
Crime Rates,Northern Rockies,RCMP Municipal,Northern Rockies Mun,2015,118.52
Crime Rates,Northern Rockies,RCMP Provincial,Northern Rockies Prov,2015,471.47999999999996
Crime Rates,Capital,Independent Municipal,Oak Bay Mun,2015,29.130000000000003
Crime Rates,Nanaimo,RCMP Provincial,Oceanside Prov,2015,39.61
Crime Rates,Cariboo,RCMP Provincial,One Hundred Mile House Prov,2015,48.9
Crime Rates,Capital,RCMP Provincial,Outer Gulf  Islands Prov,2015,28.56
Crime Rates,Nanaimo,RCMP Municipal,Parksville Mun,2015,89.93
Crime Rates,Central Okanagan,RCMP Municipal,Peachland Mun,2015,33.71
Crime Rates,Squamish Lillooet,RCMP Provincial,Pemberton Prov,2015,75.39
Crime Rates,Okanagan Similkameen,RCMP Municipal,Penticton Mun,2015,126.13
Crime Rates,Okanagan Similkameen,RCMP Provincial,Penticton Prov,2015,49.86
Crime Rates,Metro Vancouver,RCMP Municipal,Pitt Meadows Mun,2015,82.79
Crime Rates,Alberni Clayoquot,RCMP Municipal,Port Alberni Mun,2015,131.65
Crime Rates,Alberni Clayoquot,RCMP Provincial,Port Alberni Prov,2015,34.849999999999994
Crime Rates,Mount Waddington,RCMP Provincial,Port Alice Prov,2015,67.57
Crime Rates,Metro Vancouver,RCMP Municipal,Port Coquitlam Mun,2015,79.26
Crime Rates,Mount Waddington,RCMP Provincial,Port Hardy Prov,2015,167.08
Crime Rates,Mount Waddington,RCMP Provincial,Port McNeill Prov,2015,53.230000000000004
Crime Rates,Metro Vancouver,Independent Municipal,Port Moody Mun,2015,33.720000000000006
Crime Rates,Powell River,RCMP Municipal,Powell River Mun,2015,67.94000000000001
Crime Rates,Powell River,RCMP Provincial,Powell River Prov,2015,36.64
Crime Rates,Fraser Fort George,RCMP Municipal,Prince George Mun,2015,149.14
Crime Rates,Fraser Fort George,RCMP Provincial,Prince George Prov,2015,40.55
Crime Rates,North Coast Regional District (22),RCMP Municipal,Prince Rupert Mun,2015,220.01
Crime Rates,North Coast Regional District (22),RCMP Provincial,Prince Rupert Prov,2015,133.4
Crime Rates,Okanagan Similkameen,RCMP Provincial,Princeton Prov,2015,91.61
Crime Rates,Strathcona,RCMP Provincial,Quadra Island Prov,2015,22.830000000000002
Crime Rates,Nanaimo,RCMP Municipal,Qualicum Beach Mun,2015,32.77
Crime Rates,North Coast Regional District (22),RCMP Provincial,Queen Charlotte Prov,2015,64.05
Crime Rates,Cariboo,RCMP Municipal,Quesnel Mun,2015,205.79
Crime Rates,Cariboo,RCMP Provincial,Quesnel Prov,2015,43.4
Crime Rates,Columbia Shuswap,RCMP Municipal,Revelstoke Mun,2015,73.14
Crime Rates,Columbia Shuswap,RCMP Provincial,Revelstoke Prov,2015,103.74000000000001
Crime Rates,Metro Vancouver,RCMP Municipal,Richmond Mun,2015,58.15
Crime Rates,Metro Vancouver,RCMP Provincial,Ridge Meadows Prov,2015,766.6700000000001
Crime Rates,Capital,Independent Municipal,Saanich Mun,2015,39.190000000000005
Crime Rates,Central Kootenay,RCMP Provincial,Salmo Prov,2015,76.56
Crime Rates,Columbia Shuswap,RCMP Municipal,Salmon Arm Mun,2015,49.53
Crime Rates,Columbia Shuswap,RCMP Provincial,Salmon Arm Prov,2015,34.379999999999995
Crime Rates,Capital,RCMP Provincial,Saltspring Island Prov,2015,30.919999999999998
Crime Rates,Strathcona,RCMP Provincial,Sayward Prov,2015,72.45
Crime Rates,Sunshine Coast,RCMP Municipal,Sechelt Mun,2015,67.64
Crime Rates,Cowichan Valley,RCMP Provincial,Shawnigan Lake Prov,2015,39.83
Crime Rates,Columbia Shuswap,RCMP Provincial,Sicamous Prov,2015,91.1
Crime Rates,Capital,RCMP Municipal,Sidney Mun,2015,40.13
Crime Rates,Capital,RCMP Provincial,Sidney Prov,2015,89.22
Crime Rates,Central Kootenay,RCMP Provincial,Slocan Lake Prov,2015,53.87
Crime Rates,Bulkley Nechako,RCMP Municipal,Smithers Mun,2015,179.44
Crime Rates,Bulkley Nechako,RCMP Provincial,Smithers Prov,2015,43.8
Crime Rates,Capital,RCMP Municipal,Sooke Mun,2015,57.379999999999995
Crime Rates,Capital,RCMP Provincial,Sooke Prov,2015,57.120000000000005
Crime Rates,Okanagan Similkameen,RCMP Provincial,South Okanagan/Oliver,2015,89.76
Crime Rates,Okanagan Similkameen,RCMP Provincial,South Okanagan/Osoyoos,2015,80.54
Crime Rates,North Okanagan,RCMP Municipal,Spallumcheen Mun,2015,23.62
Crime Rates,Squamish Lillooet,RCMP Municipal,Squamish Mun,2015,76.93
Crime Rates,Squamish Lillooet,RCMP Provincial,Squamish Prov,2015,85.92
Crime Rates,Kitimat Stikine,RCMP Provincial,Stewart Prov,2015,94.79
Crime Rates,Squamish Lillooet,First Nations Aboriginal Police Service,Stl'atl'imx FNAPS,2015,119.25
Crime Rates,Okanagan Similkameen,RCMP Municipal,Summerland Mun,2015,50.59
Crime Rates,Sunshine Coast,RCMP Provincial,Sunshine Coast Prov,2015,46.94
Crime Rates,Metro Vancouver,RCMP Municipal,Surrey Mun,2015,93.53
Crime Rates,Bulkley Nechako,RCMP Provincial,Takla Landing Prov,2015,441.62
Crime Rates,Kitimat Stikine,RCMP Municipal,Terrace Mun,2015,236.12
Crime Rates,Kitimat Stikine,RCMP Provincial,Terrace Prov,2015,74.3
Crime Rates,Powell River,RCMP Provincial,Texada Island Prov,2015,49.849999999999994
Crime Rates,Thompson Nicola,RCMP Provincial,T'Kumlups Prov,2015,74.66
Crime Rates,Alberni Clayoquot,RCMP Provincial,Tofino Prov,2015,161.73999999999998
Crime Rates,Kootenay Boundary,RCMP Municipal,Trail Mun,2015,74.79
Crime Rates,Kootenay Boundary,RCMP Provincial,Trail and Greater District,2015,34.290000000000006
Crime Rates,Fraser Fort George,RCMP Provincial,Tsay Keh Dene Prov,2015,489.58
Crime Rates,Peace River,RCMP Provincial,Tumbler Ridge Prov,2015,55.53
Crime Rates,Alberni Clayoquot,RCMP Provincial,Ucluelet Prov,2015,82.98
Crime Rates,Metro Vancouver,RCMP Provincial,University Prov,2015,88.96000000000001
Crime Rates,Fraser Fort George,RCMP Provincial,Valemount Prov,2015,102.93
Crime Rates,Metro Vancouver,Independent Municipal,Vancouver Mun,2015,76.55
Crime Rates,Bulkley Nechako,RCMP Provincial,Vanderhoof Prov,2015,124.16
Crime Rates,North Okanagan,RCMP Municipal,Vernon Mun,2015,115.66
Crime Rates,North Okanagan,RCMP Provincial,Vernon Prov,2015,35.449999999999996
Crime Rates,Capital,Independent Municipal,Victoria Mun,2015,114.91000000000001
Crime Rates,Capital,RCMP Municipal,View Royal Mun,2015,40.89
Crime Rates,Cariboo,RCMP Provincial,Wells Prov,2015,136.36
Crime Rates,Central Okanagan,RCMP Municipal,West Kelowna Mun,2015,46.660000000000004
Crime Rates,Capital,RCMP Provincial,West Shore Prov,2015,32.6
Crime Rates,Metro Vancouver,Independent Municipal,West Vancouver Mun,2015,43.63
Crime Rates,Squamish Lillooet,RCMP Municipal,Whistler Mun,2015,128.75
Crime Rates,Squamish Lillooet,RCMP Provincial,Whistler Prov,2015,93.02
Crime Rates,Metro Vancouver,RCMP Municipal,White Rock Mun,2015,72.95
Crime Rates,Cariboo,RCMP Municipal,Williams Lake Mun,2015,263.92999999999995
Crime Rates,Cariboo,RCMP Provincial,Williams Lake Prov,2015,37.83
Violent Offenses,Fraser Valley,Independent Municipal,Abbotsford Mun,2015,1618.0
Violent Offenses,Fraser Valley,RCMP Provincial,Agassiz Prov,2015,92.0
Violent Offenses,Mount Waddington,RCMP Provincial,Alert Bay Prov,2015,59.0
Violent Offenses,Cariboo,RCMP Provincial,Alexis Creek Prov,2015,48.0
Violent Offenses,Cariboo,RCMP Provincial,Anahim Lake Prov,2015,29.0
Violent Offenses,North Okanagan,RCMP Provincial,Armstrong Prov,2015,37.0
Violent Offenses,Thompson Nicola,RCMP Provincial,Ashcroft Prov,2015,66.0
Violent Offenses,Kitimat Stikine,RCMP Provincial,Atlin Prov,2015,18.0
Violent Offenses,Thompson Nicola,RCMP Provincial,Barriere Prov,2015,58.0
Violent Offenses,Central Coast,RCMP Provincial,Bella Bella Prov,2015,33.0
Violent Offenses,Central Coast,RCMP Provincial,Bella Coola Prov,2015,66.0
Violent Offenses,Fraser Valley,RCMP Provincial,Boston Bar Prov,2015,13.0
Violent Offenses,Kootenay Boundary,RCMP Provincial,Boundary/Grand Forks Prov,2015,85.0
Violent Offenses,Kootenay Boundary,RCMP Provincial,Boundary/Midway Prov,2015,34.0
Violent Offenses,Metro Vancouver,RCMP Provincial,Bowen Island Prov,2015,38.0
Violent Offenses,Metro Vancouver,RCMP Municipal,Burnaby Mun,2015,1810.0
Violent Offenses,Bulkley Nechako,RCMP Provincial,Burns Lake Prov,2015,156.0
Violent Offenses,Strathcona,RCMP Municipal,Campbell River Mun,2015,498.0
Violent Offenses,Strathcona,RCMP Provincial,Campbell River Prov,2015,75.0
Violent Offenses,Central Kootenay,RCMP Municipal,Castlegar Mun,2015,141.0
Violent Offenses,Central Kootenay,RCMP Provincial,Castlegar Prov,2015,61.0
Violent Offenses,Capital,Independent Municipal,Central Saanich Mun,2015,82.0
Violent Offenses,Thompson Nicola,RCMP Provincial,Chase Prov,2015,71.0
Violent Offenses,Peace River,RCMP Provincial,Chetwynd Prov,2015,106.0
Violent Offenses,Fraser Valley,RCMP Municipal,Chilliwack Mun,2015,1222.0
Violent Offenses,Fraser Valley,RCMP Provincial,Chilliwack Prov,2015,98.0
Violent Offenses,Thompson Nicola,RCMP Provincial,Clearwater Prov,2015,58.0
Violent Offenses,Thompson Nicola,RCMP Provincial,Clinton Prov,2015,28.0
Violent Offenses,North Okanagan,RCMP Municipal,Coldstream Mun,2015,53.0
Violent Offenses,East Kootenay,RCMP Provincial,Columbia Valley Prov,2015,155.0
Violent Offenses,Capital,RCMP Municipal,Colwood Mun,2015,105.0
Violent Offenses,Comox Valley,RCMP Municipal,Comox Mun,2015,90.0
Violent Offenses,Comox Valley,RCMP Provincial,Comox Valley Prov,2015,203.0
Violent Offenses,Metro Vancouver,RCMP Municipal,Coquitlam Mun,2015,986.0
Violent Offenses,Metro Vancouver,RCMP Provincial,Coquitlam Prov,2015,17.0
Violent Offenses,Comox Valley,RCMP Municipal,Courtenay Mun,2015,473.0
Violent Offenses,East Kootenay,RCMP Municipal,Cranbrook Mun,2015,450.0
Violent Offenses,East Kootenay,RCMP Provincial,Cranbrook Prov,2015,69.0
Violent Offenses,Central Kootenay,RCMP Municipal,Creston Mun,2015,71.0
Violent Offenses,Central Kootenay,RCMP Provincial,Creston Prov,2015,87.0
Violent Offenses,Peace River,RCMP Municipal,Dawson Creek Mun,2015,330.0
Violent Offenses,Peace River,RCMP Provincial,Dawson Creek Prov,2015,56.0
Violent Offenses,Kitimat Stikine,RCMP Provincial,Dease Lake Prov,2015,48.0
Violent Offenses,Metro Vancouver,Independent Municipal,Delta Mun,2015,592.0
Violent Offenses,Cowichan Valley,RCMP Provincial,Duncan Prov,2015,358.0
Violent Offenses,East Kootenay,RCMP Provincial,Elk Valley Prov,2015,127.0
Violent Offenses,North Okanagan,RCMP Provincial,Enderby Prov,2015,85.0
Violent Offenses,Columbia Shuswap,RCMP Provincial,Falkland Prov,2015,24.0
Violent Offenses,Bulkley Nechako,RCMP Provincial,Fort St James Prov,2015,215.0
Violent Offenses,Peace River,RCMP Municipal,Fort St John Mun,2015,668.0
Violent Offenses,Peace River,RCMP Provincial,Fort St John Prov,2015,177.0
Violent Offenses,Bulkley Nechako,RCMP Provincial,Fraser Lake Prov,2015,54.0
Violent Offenses,Nanaimo,RCMP Provincial,Gabriola Island Prov,2015,32.0
Violent Offenses,Columbia Shuswap,RCMP Provincial,Golden Prov,2015,109.0
Violent Offenses,Fraser Valley,RCMP Municipal,Hope Mun,2015,167.0
Violent Offenses,Fraser Valley,RCMP Provincial,Hope  Prov,2015,33.0
Violent Offenses,Bulkley Nechako,RCMP Provincial,Houston/Granisle Prov,2015,114.0
Violent Offenses,Peace River,RCMP Provincial,Hudson's Hope Prov,2015,11.0
Violent Offenses,Thompson Nicola,RCMP Municipal,Kamloops Mun,2015,1097.0
Violent Offenses,Central Kootenay,RCMP Provincial,Kaslo Prov,2015,39.0
Violent Offenses,Central Okanagan,RCMP Municipal,Kelowna Mun,2015,1589.0
Violent Offenses,Central Okanagan,RCMP Provincial,Kelowna Prov,2015,141.0
Violent Offenses,Fraser Valley,RCMP Municipal,Kent Mun,2015,109.0
Violent Offenses,Okanagan Similkameen,RCMP Provincial,Keremeos Prov,2015,72.0
Violent Offenses,East Kootenay,RCMP Municipal,Kimberley Mun,2015,52.0
Violent Offenses,East Kootenay,RCMP Provincial,Kimberley Prov,2015,10.0
Violent Offenses,Kitimat Stikine,RCMP Municipal,Kitimat Mun,2015,193.0
Violent Offenses,Kitimat Stikine,RCMP Provincial,Kitimat Prov,2015,19.0
Violent Offenses,Cowichan Valley,RCMP Municipal,Ladysmith Mun,2015,92.0
Violent Offenses,Cowichan Valley,RCMP Provincial,Ladysmith Prov,2015,72.0
Violent Offenses,Central Okanagan,RCMP Municipal,Lake Country Mun,2015,127.0
Violent Offenses,Cowichan Valley,RCMP Provincial,Lake Cowichan Prov,2015,111.0
Violent Offenses,Capital,RCMP Municipal,Langford Mun,2015,275.0
Violent Offenses,Metro Vancouver,RCMP Municipal,Langley City Mun,2015,389.0
Violent Offenses,Metro Vancouver,RCMP Municipal,Langley Township Mun,2015,860.0
Violent Offenses,Squamish Lillooet,RCMP Provincial,Lillooet Prov,2015,56.0
Violent Offenses,Kitimat Stikine,RCMP Provincial,Lisims/Nass Valley Prov,2015,79.0
Violent Offenses,Thompson Nicola,RCMP Provincial,Logan Lake Prov,2015,28.0
Violent Offenses,North Okanagan,RCMP Provincial,Lumby Prov,2015,80.0
Violent Offenses,Thompson Nicola,RCMP Provincial,Lytton Prov,2015,67.0
Violent Offenses,Fraser Fort George,RCMP Provincial,Mackenzie Prov,2015,86.0
Violent Offenses,Metro Vancouver,RCMP Municipal,Maple Ridge Mun,2015,1074.0
Violent Offenses,North Coast Regional District (22),RCMP Provincial,Masset Prov,2015,61.0
Violent Offenses,Fraser Fort George,RCMP Provincial,McBride Prov,2015,9.0
Violent Offenses,Thompson Nicola,RCMP Municipal,Merritt Mun,2015,212.0
Violent Offenses,Thompson Nicola,RCMP Provincial,Merritt Prov,2015,70.0
Violent Offenses,Fraser Valley,RCMP Municipal,Mission Mun,2015,647.0
Violent Offenses,Fraser Valley,RCMP Provincial,Mission Prov,2015,52.0
Violent Offenses,Central Kootenay,RCMP Provincial,Nakusp Prov,2015,34.0
Violent Offenses,Nanaimo,RCMP Municipal,Nanaimo Mun,2015,1134.0
Violent Offenses,Nanaimo,RCMP Provincial,Nanaimo Prov,2015,86.0
Violent Offenses,Central Kootenay,Independent Municipal,Nelson Mun,2015,178.0
Violent Offenses,Central Kootenay,RCMP Provincial,Nelson Prov,2015,54.0
Violent Offenses,Kitimat Stikine,RCMP Provincial,New Hazelton Prov,2015,206.0
Violent Offenses,Metro Vancouver,Independent Municipal,New Westminster Mun,2015,876.0
Violent Offenses,Strathcona,RCMP Provincial,Nootka Sound Prov,2015,50.0
Violent Offenses,Cowichan Valley,RCMP Municipal,North Cowichan Mun,2015,396.0
Violent Offenses,Capital,RCMP Municipal,North Saanich Mun,2015,53.0
Violent Offenses,Metro Vancouver,RCMP Municipal,North Vancouver City Mun,2015,527.0
Violent Offenses,Metro Vancouver,RCMP Municipal,North Vancouver District Mun,2015,382.0
Violent Offenses,Metro Vancouver,RCMP Provincial,North Vancouver Prov,2015,46.0
Violent Offenses,Northern Rockies,RCMP Municipal,Northern Rockies Mun,2015,156.0
Violent Offenses,Northern Rockies,RCMP Provincial,Northern Rockies Prov,2015,103.0
Violent Offenses,Capital,Independent Municipal,Oak Bay Mun,2015,40.0
Violent Offenses,Nanaimo,RCMP Provincial,Oceanside Prov,2015,125.0
Violent Offenses,Cariboo,RCMP Provincial,One Hundred Mile House Prov,2015,131.0
Violent Offenses,Capital,RCMP Provincial,Outer Gulf  Islands Prov,2015,20.0
Violent Offenses,Nanaimo,RCMP Municipal,Parksville Mun,2015,126.0
Violent Offenses,Central Okanagan,RCMP Municipal,Peachland Mun,2015,26.0
Violent Offenses,Squamish Lillooet,RCMP Provincial,Pemberton Prov,2015,77.0
Violent Offenses,Okanagan Similkameen,RCMP Municipal,Penticton Mun,2015,480.0
Violent Offenses,Okanagan Similkameen,RCMP Provincial,Penticton Prov,2015,53.0
Violent Offenses,Metro Vancouver,RCMP Municipal,Pitt Meadows Mun,2015,223.0
Violent Offenses,Alberni Clayoquot,RCMP Municipal,Port Alberni Mun,2015,383.0
Violent Offenses,Alberni Clayoquot,RCMP Provincial,Port Alberni Prov,2015,47.0
Violent Offenses,Mount Waddington,RCMP Provincial,Port Alice Prov,2015,9.0
Violent Offenses,Metro Vancouver,RCMP Municipal,Port Coquitlam Mun,2015,577.0
Violent Offenses,Mount Waddington,RCMP Provincial,Port Hardy Prov,2015,138.0
Violent Offenses,Mount Waddington,RCMP Provincial,Port McNeill Prov,2015,48.0
Violent Offenses,Metro Vancouver,Independent Municipal,Port Moody Mun,2015,119.0
Violent Offenses,Powell River,RCMP Municipal,Powell River Mun,2015,167.0
Violent Offenses,Powell River,RCMP Provincial,Powell River Prov,2015,48.0
Violent Offenses,Fraser Fort George,RCMP Municipal,Prince George Mun,2015,1538.0
Violent Offenses,Fraser Fort George,RCMP Provincial,Prince George Prov,2015,89.0
Violent Offenses,North Coast Regional District (22),RCMP Municipal,Prince Rupert Mun,2015,485.0
Violent Offenses,North Coast Regional District (22),RCMP Provincial,Prince Rupert Prov,2015,79.0
Violent Offenses,Okanagan Similkameen,RCMP Provincial,Princeton Prov,2015,69.0
Violent Offenses,Strathcona,RCMP Provincial,Quadra Island Prov,2015,15.0
Violent Offenses,Nanaimo,RCMP Municipal,Qualicum Beach Mun,2015,30.0
Violent Offenses,North Coast Regional District (22),RCMP Provincial,Queen Charlotte Prov,2015,33.0
Violent Offenses,Cariboo,RCMP Municipal,Quesnel Mun,2015,414.0
Violent Offenses,Cariboo,RCMP Provincial,Quesnel Prov,2015,162.0
Violent Offenses,Columbia Shuswap,RCMP Municipal,Revelstoke Mun,2015,59.0
Violent Offenses,Columbia Shuswap,RCMP Provincial,Revelstoke Prov,2015,5.0
Violent Offenses,Metro Vancouver,RCMP Municipal,Richmond Mun,2015,1343.0
Violent Offenses,Metro Vancouver,RCMP Provincial,Ridge Meadows Prov,2015,21.0
Violent Offenses,Capital,Independent Municipal,Saanich Mun,2015,858.0
Violent Offenses,Central Kootenay,RCMP Provincial,Salmo Prov,2015,36.0
Violent Offenses,Columbia Shuswap,RCMP Municipal,Salmon Arm Mun,2015,188.0
Violent Offenses,Columbia Shuswap,RCMP Provincial,Salmon Arm Prov,2015,76.0
Violent Offenses,Capital,RCMP Provincial,Saltspring Island Prov,2015,61.0
Violent Offenses,Strathcona,RCMP Provincial,Sayward Prov,2015,5.0
Violent Offenses,Sunshine Coast,RCMP Municipal,Sechelt Mun,2015,104.0
Violent Offenses,Cowichan Valley,RCMP Provincial,Shawnigan Lake Prov,2015,171.0
Violent Offenses,Columbia Shuswap,RCMP Provincial,Sicamous Prov,2015,56.0
Violent Offenses,Capital,RCMP Municipal,Sidney Mun,2015,60.0
Violent Offenses,Capital,RCMP Provincial,Sidney Prov,2015,88.0
Violent Offenses,Central Kootenay,RCMP Provincial,Slocan Lake Prov,2015,34.0
Violent Offenses,Bulkley Nechako,RCMP Municipal,Smithers Mun,2015,146.0
Violent Offenses,Bulkley Nechako,RCMP Provincial,Smithers Prov,2015,108.0
Violent Offenses,Capital,RCMP Municipal,Sooke Mun,2015,111.0
Violent Offenses,Capital,RCMP Provincial,Sooke Prov,2015,55.0
Violent Offenses,Okanagan Similkameen,RCMP Provincial,South Okanagan/Oliver,2015,103.0
Violent Offenses,Okanagan Similkameen,RCMP Provincial,South Okanagan/Osoyoos,2015,73.0
Violent Offenses,North Okanagan,RCMP Municipal,Spallumcheen Mun,2015,28.0
Violent Offenses,Squamish Lillooet,RCMP Municipal,Squamish Mun,2015,289.0
Violent Offenses,Squamish Lillooet,RCMP Provincial,Squamish Prov,2015,25.0
Violent Offenses,Kitimat Stikine,RCMP Provincial,Stewart Prov,2015,10.0
Violent Offenses,Squamish Lillooet,First Nations Aboriginal Police Service,Stl'atl'imx FNAPS,2015,164.0
Violent Offenses,Okanagan Similkameen,RCMP Municipal,Summerland Mun,2015,47.0
Violent Offenses,Sunshine Coast,RCMP Provincial,Sunshine Coast Prov,2015,172.0
Violent Offenses,Metro Vancouver,RCMP Municipal,Surrey Mun,2015,7632.0
Violent Offenses,Bulkley Nechako,RCMP Provincial,Takla Landing Prov,2015,15.0
Violent Offenses,Kitimat Stikine,RCMP Municipal,Terrace Mun,2015,342.0
Violent Offenses,Kitimat Stikine,RCMP Provincial,Terrace Prov,2015,142.0
Violent Offenses,Powell River,RCMP Provincial,Texada Island Prov,2015,18.0
Violent Offenses,Thompson Nicola,RCMP Provincial,T'Kumlups Prov,2015,111.0
Violent Offenses,Alberni Clayoquot,RCMP Provincial,Tofino Prov,2015,148.0
Violent Offenses,Kootenay Boundary,RCMP Municipal,Trail Mun,2015,125.0
Violent Offenses,Kootenay Boundary,RCMP Provincial,Trail and Greater District,2015,88.0
Violent Offenses,Fraser Fort George,RCMP Provincial,Tsay Keh Dene Prov,2015,50.0
Violent Offenses,Peace River,RCMP Provincial,Tumbler Ridge Prov,2015,37.0
Violent Offenses,Alberni Clayoquot,RCMP Provincial,Ucluelet Prov,2015,53.0
Violent Offenses,Metro Vancouver,RCMP Provincial,University Prov,2015,144.0
Violent Offenses,Fraser Fort George,RCMP Provincial,Valemount Prov,2015,48.0
Violent Offenses,Metro Vancouver,Independent Municipal,Vancouver Mun,2015,8007.0
Violent Offenses,Bulkley Nechako,RCMP Provincial,Vanderhoof Prov,2015,204.0
Violent Offenses,North Okanagan,RCMP Municipal,Vernon Mun,2015,650.0
Violent Offenses,North Okanagan,RCMP Provincial,Vernon Prov,2015,60.0
Violent Offenses,Capital,Independent Municipal,Victoria Mun,2015,2572.0
Violent Offenses,Capital,RCMP Municipal,View Royal Mun,2015,60.0
Violent Offenses,Cariboo,RCMP Provincial,Wells Prov,2015,11.0
Violent Offenses,Central Okanagan,RCMP Municipal,West Kelowna Mun,2015,230.0
Violent Offenses,Capital,RCMP Provincial,West Shore Prov,2015,47.0
Violent Offenses,Metro Vancouver,Independent Municipal,West Vancouver Mun,2015,313.0
Violent Offenses,Squamish Lillooet,RCMP Municipal,Whistler Mun,2015,215.0
Violent Offenses,Squamish Lillooet,RCMP Provincial,Whistler Prov,2015,1.0
Violent Offenses,Metro Vancouver,RCMP Municipal,White Rock Mun,2015,146.0
Violent Offenses,Cariboo,RCMP Municipal,Williams Lake Mun,2015,437.0
Violent Offenses,Cariboo,RCMP Provincial,Williams Lake Prov,2015,123.0
Property Offenses,Fraser Valley,Independent Municipal,Abbotsford Mun,2015,6746.0
Property Offenses,Fraser Valley,RCMP Provincial,Agassiz Prov,2015,307.0
Property Offenses,Mount Waddington,RCMP Provincial,Alert Bay Prov,2015,77.0
Property Offenses,Cariboo,RCMP Provincial,Alexis Creek Prov,2015,111.0
Property Offenses,Cariboo,RCMP Provincial,Anahim Lake Prov,2015,38.0
Property Offenses,North Okanagan,RCMP Provincial,Armstrong Prov,2015,130.0
Property Offenses,Thompson Nicola,RCMP Provincial,Ashcroft Prov,2015,113.0
Property Offenses,Kitimat Stikine,RCMP Provincial,Atlin Prov,2015,29.0
Property Offenses,Thompson Nicola,RCMP Provincial,Barriere Prov,2015,169.0
Property Offenses,Central Coast,RCMP Provincial,Bella Bella Prov,2015,65.0
Property Offenses,Central Coast,RCMP Provincial,Bella Coola Prov,2015,56.0
Property Offenses,Fraser Valley,RCMP Provincial,Boston Bar Prov,2015,63.0
Property Offenses,Kootenay Boundary,RCMP Provincial,Boundary/Grand Forks Prov,2015,309.0
Property Offenses,Kootenay Boundary,RCMP Provincial,Boundary/Midway Prov,2015,142.0
Property Offenses,Metro Vancouver,RCMP Provincial,Bowen Island Prov,2015,63.0
Property Offenses,Metro Vancouver,RCMP Municipal,Burnaby Mun,2015,11817.0
Property Offenses,Bulkley Nechako,RCMP Provincial,Burns Lake Prov,2015,314.0
Property Offenses,Strathcona,RCMP Municipal,Campbell River Mun,2015,1564.0
Property Offenses,Strathcona,RCMP Provincial,Campbell River Prov,2015,397.0
Property Offenses,Central Kootenay,RCMP Municipal,Castlegar Mun,2015,343.0
Property Offenses,Central Kootenay,RCMP Provincial,Castlegar Prov,2015,108.0
Property Offenses,Capital,Independent Municipal,Central Saanich Mun,2015,325.0
Property Offenses,Thompson Nicola,RCMP Provincial,Chase Prov,2015,465.0
Property Offenses,Peace River,RCMP Provincial,Chetwynd Prov,2015,237.0
Property Offenses,Fraser Valley,RCMP Municipal,Chilliwack Mun,2015,6060.0
Property Offenses,Fraser Valley,RCMP Provincial,Chilliwack Prov,2015,489.0
Property Offenses,Thompson Nicola,RCMP Provincial,Clearwater Prov,2015,143.0
Property Offenses,Thompson Nicola,RCMP Provincial,Clinton Prov,2015,63.0
Property Offenses,North Okanagan,RCMP Municipal,Coldstream Mun,2015,262.0
Property Offenses,East Kootenay,RCMP Provincial,Columbia Valley Prov,2015,339.0
Property Offenses,Capital,RCMP Municipal,Colwood Mun,2015,380.0
Property Offenses,Comox Valley,RCMP Municipal,Comox Mun,2015,343.0
Property Offenses,Comox Valley,RCMP Provincial,Comox Valley Prov,2015,528.0
Property Offenses,Metro Vancouver,RCMP Municipal,Coquitlam Mun,2015,5828.0
Property Offenses,Metro Vancouver,RCMP Provincial,Coquitlam Prov,2015,68.0
Property Offenses,Comox Valley,RCMP Municipal,Courtenay Mun,2015,1476.0
Property Offenses,East Kootenay,RCMP Municipal,Cranbrook Mun,2015,754.0
Property Offenses,East Kootenay,RCMP Provincial,Cranbrook Prov,2015,112.0
Property Offenses,Central Kootenay,RCMP Municipal,Creston Mun,2015,240.0
Property Offenses,Central Kootenay,RCMP Provincial,Creston Prov,2015,209.0
Property Offenses,Peace River,RCMP Municipal,Dawson Creek Mun,2015,930.0
Property Offenses,Peace River,RCMP Provincial,Dawson Creek Prov,2015,277.0
Property Offenses,Kitimat Stikine,RCMP Provincial,Dease Lake Prov,2015,51.0
Property Offenses,Metro Vancouver,Independent Municipal,Delta Mun,2015,3133.0
Property Offenses,Cowichan Valley,RCMP Provincial,Duncan Prov,2015,1194.0
Property Offenses,East Kootenay,RCMP Provincial,Elk Valley Prov,2015,349.0
Property Offenses,North Okanagan,RCMP Provincial,Enderby Prov,2015,205.0
Property Offenses,Columbia Shuswap,RCMP Provincial,Falkland Prov,2015,68.0
Property Offenses,Bulkley Nechako,RCMP Provincial,Fort St James Prov,2015,370.0
Property Offenses,Peace River,RCMP Municipal,Fort St John Mun,2015,1513.0
Property Offenses,Peace River,RCMP Provincial,Fort St John Prov,2015,387.0
Property Offenses,Bulkley Nechako,RCMP Provincial,Fraser Lake Prov,2015,57.0
Property Offenses,Nanaimo,RCMP Provincial,Gabriola Island Prov,2015,109.0
Property Offenses,Columbia Shuswap,RCMP Provincial,Golden Prov,2015,283.0
Property Offenses,Fraser Valley,RCMP Municipal,Hope Mun,2015,523.0
Property Offenses,Fraser Valley,RCMP Provincial,Hope  Prov,2015,116.0
Property Offenses,Bulkley Nechako,RCMP Provincial,Houston/Granisle Prov,2015,147.0
Property Offenses,Peace River,RCMP Provincial,Hudson's Hope Prov,2015,47.0
Property Offenses,Thompson Nicola,RCMP Municipal,Kamloops Mun,2015,5544.0
Property Offenses,Central Kootenay,RCMP Provincial,Kaslo Prov,2015,127.0
Property Offenses,Central Okanagan,RCMP Municipal,Kelowna Mun,2015,7924.0
Property Offenses,Central Okanagan,RCMP Provincial,Kelowna Prov,2015,841.0
Property Offenses,Fraser Valley,RCMP Municipal,Kent Mun,2015,243.0
Property Offenses,Okanagan Similkameen,RCMP Provincial,Keremeos Prov,2015,241.0
Property Offenses,East Kootenay,RCMP Municipal,Kimberley Mun,2015,252.0
Property Offenses,East Kootenay,RCMP Provincial,Kimberley Prov,2015,68.0
Property Offenses,Kitimat Stikine,RCMP Municipal,Kitimat Mun,2015,278.0
Property Offenses,Kitimat Stikine,RCMP Provincial,Kitimat Prov,2015,15.0
Property Offenses,Cowichan Valley,RCMP Municipal,Ladysmith Mun,2015,428.0
Property Offenses,Cowichan Valley,RCMP Provincial,Ladysmith Prov,2015,191.0
Property Offenses,Central Okanagan,RCMP Municipal,Lake Country Mun,2015,438.0
Property Offenses,Cowichan Valley,RCMP Provincial,Lake Cowichan Prov,2015,244.0
Property Offenses,Capital,RCMP Municipal,Langford Mun,2015,1216.0
Property Offenses,Metro Vancouver,RCMP Municipal,Langley City Mun,2015,2080.0
Property Offenses,Metro Vancouver,RCMP Municipal,Langley Township Mun,2015,6038.0
Property Offenses,Squamish Lillooet,RCMP Provincial,Lillooet Prov,2015,136.0
Property Offenses,Kitimat Stikine,RCMP Provincial,Lisims/Nass Valley Prov,2015,145.0
Property Offenses,Thompson Nicola,RCMP Provincial,Logan Lake Prov,2015,78.0
Property Offenses,North Okanagan,RCMP Provincial,Lumby Prov,2015,153.0
Property Offenses,Thompson Nicola,RCMP Provincial,Lytton Prov,2015,68.0
Property Offenses,Fraser Fort George,RCMP Provincial,Mackenzie Prov,2015,226.0
Property Offenses,Metro Vancouver,RCMP Municipal,Maple Ridge Mun,2015,4498.0
Property Offenses,North Coast Regional District (22),RCMP Provincial,Masset Prov,2015,152.0
Property Offenses,Fraser Fort George,RCMP Provincial,McBride Prov,2015,78.0
Property Offenses,Thompson Nicola,RCMP Municipal,Merritt Mun,2015,583.0
Property Offenses,Thompson Nicola,RCMP Provincial,Merritt Prov,2015,160.0
Property Offenses,Fraser Valley,RCMP Municipal,Mission Mun,2015,2827.0
Property Offenses,Fraser Valley,RCMP Provincial,Mission Prov,2015,162.0
Property Offenses,Central Kootenay,RCMP Provincial,Nakusp Prov,2015,149.0
Property Offenses,Nanaimo,RCMP Municipal,Nanaimo Mun,2015,5544.0
Property Offenses,Nanaimo,RCMP Provincial,Nanaimo Prov,2015,352.0
Property Offenses,Central Kootenay,Independent Municipal,Nelson Mun,2015,545.0
Property Offenses,Central Kootenay,RCMP Provincial,Nelson Prov,2015,154.0
Property Offenses,Kitimat Stikine,RCMP Provincial,New Hazelton Prov,2015,298.0
Property Offenses,Metro Vancouver,Independent Municipal,New Westminster Mun,2015,3478.0
Property Offenses,Strathcona,RCMP Provincial,Nootka Sound Prov,2015,82.0
Property Offenses,Cowichan Valley,RCMP Municipal,North Cowichan Mun,2015,1500.0
Property Offenses,Capital,RCMP Municipal,North Saanich Mun,2015,197.0
Property Offenses,Metro Vancouver,RCMP Municipal,North Vancouver City Mun,2015,2225.0
Property Offenses,Metro Vancouver,RCMP Municipal,North Vancouver District Mun,2015,2249.0
Property Offenses,Metro Vancouver,RCMP Provincial,North Vancouver Prov,2015,164.0
Property Offenses,Northern Rockies,RCMP Municipal,Northern Rockies Mun,2015,327.0
Property Offenses,Northern Rockies,RCMP Provincial,Northern Rockies Prov,2015,108.0
Property Offenses,Capital,Independent Municipal,Oak Bay Mun,2015,430.0
Property Offenses,Nanaimo,RCMP Provincial,Oceanside Prov,2015,714.0
Property Offenses,Cariboo,RCMP Provincial,One Hundred Mile House Prov,2015,361.0
Property Offenses,Capital,RCMP Provincial,Outer Gulf  Islands Prov,2015,105.0
Property Offenses,Nanaimo,RCMP Municipal,Parksville Mun,2015,806.0
Property Offenses,Central Okanagan,RCMP Municipal,Peachland Mun,2015,126.0
Property Offenses,Squamish Lillooet,RCMP Provincial,Pemberton Prov,2015,125.0
Property Offenses,Okanagan Similkameen,RCMP Municipal,Penticton Mun,2015,2932.0
Property Offenses,Okanagan Similkameen,RCMP Provincial,Penticton Prov,2015,457.0
Property Offenses,Metro Vancouver,RCMP Municipal,Pitt Meadows Mun,2015,1004.0
Property Offenses,Alberni Clayoquot,RCMP Municipal,Port Alberni Mun,2015,1045.0
Property Offenses,Alberni Clayoquot,RCMP Provincial,Port Alberni Prov,2015,175.0
Property Offenses,Mount Waddington,RCMP Provincial,Port Alice Prov,2015,34.0
Property Offenses,Metro Vancouver,RCMP Municipal,Port Coquitlam Mun,2015,2940.0
Property Offenses,Mount Waddington,RCMP Provincial,Port Hardy Prov,2015,386.0
Property Offenses,Mount Waddington,RCMP Provincial,Port McNeill Prov,2015,120.0
Property Offenses,Metro Vancouver,Independent Municipal,Port Moody Mun,2015,905.0
Property Offenses,Powell River,RCMP Municipal,Powell River Mun,2015,484.0
Property Offenses,Powell River,RCMP Provincial,Powell River Prov,2015,106.0
Property Offenses,Fraser Fort George,RCMP Municipal,Prince George Mun,2015,5075.0
Property Offenses,Fraser Fort George,RCMP Provincial,Prince George Prov,2015,336.0
Property Offenses,North Coast Regional District (22),RCMP Municipal,Prince Rupert Mun,2015,999.0
Property Offenses,North Coast Regional District (22),RCMP Provincial,Prince Rupert Prov,2015,85.0
Property Offenses,Okanagan Similkameen,RCMP Provincial,Princeton Prov,2015,301.0
Property Offenses,Strathcona,RCMP Provincial,Quadra Island Prov,2015,45.0
Property Offenses,Nanaimo,RCMP Municipal,Qualicum Beach Mun,2015,228.0
Property Offenses,North Coast Regional District (22),RCMP Provincial,Queen Charlotte Prov,2015,73.0
Property Offenses,Cariboo,RCMP Municipal,Quesnel Mun,2015,768.0
Property Offenses,Cariboo,RCMP Provincial,Quesnel Prov,2015,296.0
Property Offenses,Columbia Shuswap,RCMP Municipal,Revelstoke Mun,2015,302.0
Property Offenses,Columbia Shuswap,RCMP Provincial,Revelstoke Prov,2015,45.0
Property Offenses,Metro Vancouver,RCMP Municipal,Richmond Mun,2015,8260.0
Property Offenses,Metro Vancouver,RCMP Provincial,Ridge Meadows Prov,2015,35.0
Property Offenses,Capital,Independent Municipal,Saanich Mun,2015,3175.0
Property Offenses,Central Kootenay,RCMP Provincial,Salmo Prov,2015,103.0
Property Offenses,Columbia Shuswap,RCMP Municipal,Salmon Arm Mun,2015,468.0
Property Offenses,Columbia Shuswap,RCMP Provincial,Salmon Arm Prov,2015,190.0
Property Offenses,Capital,RCMP Provincial,Saltspring Island Prov,2015,142.0
Property Offenses,Strathcona,RCMP Provincial,Sayward Prov,2015,34.0
Property Offenses,Sunshine Coast,RCMP Municipal,Sechelt Mun,2015,343.0
Property Offenses,Cowichan Valley,RCMP Provincial,Shawnigan Lake Prov,2015,383.0
Property Offenses,Columbia Shuswap,RCMP Provincial,Sicamous Prov,2015,257.0
Property Offenses,Capital,RCMP Municipal,Sidney Mun,2015,257.0
Property Offenses,Capital,RCMP Provincial,Sidney Prov,2015,106.0
Property Offenses,Central Kootenay,RCMP Provincial,Slocan Lake Prov,2015,46.0
Property Offenses,Bulkley Nechako,RCMP Municipal,Smithers Mun,2015,469.0
Property Offenses,Bulkley Nechako,RCMP Provincial,Smithers Prov,2015,168.0
Property Offenses,Capital,RCMP Municipal,Sooke Mun,2015,466.0
Property Offenses,Capital,RCMP Provincial,Sooke Prov,2015,178.0
Property Offenses,Okanagan Similkameen,RCMP Provincial,South Okanagan/Oliver,2015,562.0
Property Offenses,Okanagan Similkameen,RCMP Provincial,South Okanagan/Osoyoos,2015,402.0
Property Offenses,North Okanagan,RCMP Municipal,Spallumcheen Mun,2015,78.0
Property Offenses,Squamish Lillooet,RCMP Municipal,Squamish Mun,2015,712.0
Property Offenses,Squamish Lillooet,RCMP Provincial,Squamish Prov,2015,104.0
Property Offenses,Kitimat Stikine,RCMP Provincial,Stewart Prov,2015,14.0
Property Offenses,Squamish Lillooet,First Nations Aboriginal Police Service,Stl'atl'imx FNAPS,2015,87.0
Property Offenses,Okanagan Similkameen,RCMP Municipal,Summerland Mun,2015,452.0
Property Offenses,Sunshine Coast,RCMP Provincial,Sunshine Coast Prov,2015,525.0
Property Offenses,Metro Vancouver,RCMP Municipal,Surrey Mun,2015,30989.0
Property Offenses,Bulkley Nechako,RCMP Provincial,Takla Landing Prov,2015,28.0
Property Offenses,Kitimat Stikine,RCMP Municipal,Terrace Mun,2015,879.0
Property Offenses,Kitimat Stikine,RCMP Provincial,Terrace Prov,2015,276.0
Property Offenses,Powell River,RCMP Provincial,Texada Island Prov,2015,27.0
Property Offenses,Thompson Nicola,RCMP Provincial,T'Kumlups Prov,2015,436.0
Property Offenses,Alberni Clayoquot,RCMP Provincial,Tofino Prov,2015,227.0
Property Offenses,Kootenay Boundary,RCMP Municipal,Trail Mun,2015,288.0
Property Offenses,Kootenay Boundary,RCMP Provincial,Trail and Greater District,2015,199.0
Property Offenses,Fraser Fort George,RCMP Provincial,Tsay Keh Dene Prov,2015,59.0
Property Offenses,Peace River,RCMP Provincial,Tumbler Ridge Prov,2015,72.0
Property Offenses,Alberni Clayoquot,RCMP Provincial,Ucluelet Prov,2015,97.0
Property Offenses,Metro Vancouver,RCMP Provincial,University Prov,2015,1102.0
Property Offenses,Fraser Fort George,RCMP Provincial,Valemount Prov,2015,91.0
Property Offenses,Metro Vancouver,Independent Municipal,Vancouver Mun,2015,37688.0
Property Offenses,Bulkley Nechako,RCMP Provincial,Vanderhoof Prov,2015,382.0
Property Offenses,North Okanagan,RCMP Municipal,Vernon Mun,2015,3018.0
Property Offenses,North Okanagan,RCMP Provincial,Vernon Prov,2015,302.0
Property Offenses,Capital,Independent Municipal,Victoria Mun,2015,6984.0
Property Offenses,Capital,RCMP Municipal,View Royal Mun,2015,312.0
Property Offenses,Cariboo,RCMP Provincial,Wells Prov,2015,23.0
Property Offenses,Central Okanagan,RCMP Municipal,West Kelowna Mun,2015,1155.0
Property Offenses,Capital,RCMP Provincial,West Shore Prov,2015,205.0
Property Offenses,Metro Vancouver,Independent Municipal,West Vancouver Mun,2015,1417.0
Property Offenses,Squamish Lillooet,RCMP Municipal,Whistler Mun,2015,729.0
Property Offenses,Squamish Lillooet,RCMP Provincial,Whistler Prov,2015,24.0
Property Offenses,Metro Vancouver,RCMP Municipal,White Rock Mun,2015,997.0
Property Offenses,Cariboo,RCMP Municipal,Williams Lake Mun,2015,1100.0
Property Offenses,Cariboo,RCMP Provincial,Williams Lake Prov,2015,227.0
Other CCC Offenses,Fraser Valley,Independent Municipal,Abbotsford Mun,2015,735.0
Other CCC Offenses,Fraser Valley,RCMP Provincial,Agassiz Prov,2015,135.0
Other CCC Offenses,Mount Waddington,RCMP Provincial,Alert Bay Prov,2015,51.0
Other CCC Offenses,Cariboo,RCMP Provincial,Alexis Creek Prov,2015,50.0
Other CCC Offenses,Cariboo,RCMP Provincial,Anahim Lake Prov,2015,45.0
Other CCC Offenses,North Okanagan,RCMP Provincial,Armstrong Prov,2015,56.0
Other CCC Offenses,Thompson Nicola,RCMP Provincial,Ashcroft Prov,2015,111.0
Other CCC Offenses,Kitimat Stikine,RCMP Provincial,Atlin Prov,2015,8.0
Other CCC Offenses,Thompson Nicola,RCMP Provincial,Barriere Prov,2015,58.0
Other CCC Offenses,Central Coast,RCMP Provincial,Bella Bella Prov,2015,43.0
Other CCC Offenses,Central Coast,RCMP Provincial,Bella Coola Prov,2015,67.0
Other CCC Offenses,Fraser Valley,RCMP Provincial,Boston Bar Prov,2015,22.0
Other CCC Offenses,Kootenay Boundary,RCMP Provincial,Boundary/Grand Forks Prov,2015,129.0
Other CCC Offenses,Kootenay Boundary,RCMP Provincial,Boundary/Midway Prov,2015,24.0
Other CCC Offenses,Metro Vancouver,RCMP Provincial,Bowen Island Prov,2015,19.0
Other CCC Offenses,Metro Vancouver,RCMP Municipal,Burnaby Mun,2015,1254.0
Other CCC Offenses,Bulkley Nechako,RCMP Provincial,Burns Lake Prov,2015,234.0
Other CCC Offenses,Strathcona,RCMP Municipal,Campbell River Mun,2015,1168.0
Other CCC Offenses,Strathcona,RCMP Provincial,Campbell River Prov,2015,118.0
Other CCC Offenses,Central Kootenay,RCMP Municipal,Castlegar Mun,2015,181.0
Other CCC Offenses,Central Kootenay,RCMP Provincial,Castlegar Prov,2015,41.0
Other CCC Offenses,Capital,Independent Municipal,Central Saanich Mun,2015,54.0
Other CCC Offenses,Thompson Nicola,RCMP Provincial,Chase Prov,2015,71.0
Other CCC Offenses,Peace River,RCMP Provincial,Chetwynd Prov,2015,185.0
Other CCC Offenses,Fraser Valley,RCMP Municipal,Chilliwack Mun,2015,2658.0
Other CCC Offenses,Fraser Valley,RCMP Provincial,Chilliwack Prov,2015,273.0
Other CCC Offenses,Thompson Nicola,RCMP Provincial,Clearwater Prov,2015,44.0
Other CCC Offenses,Thompson Nicola,RCMP Provincial,Clinton Prov,2015,22.0
Other CCC Offenses,North Okanagan,RCMP Municipal,Coldstream Mun,2015,38.0
Other CCC Offenses,East Kootenay,RCMP Provincial,Columbia Valley Prov,2015,109.0
Other CCC Offenses,Capital,RCMP Municipal,Colwood Mun,2015,136.0
Other CCC Offenses,Comox Valley,RCMP Municipal,Comox Mun,2015,103.0
Other CCC Offenses,Comox Valley,RCMP Provincial,Comox Valley Prov,2015,211.0
Other CCC Offenses,Metro Vancouver,RCMP Municipal,Coquitlam Mun,2015,2082.0
Other CCC Offenses,Metro Vancouver,RCMP Provincial,Coquitlam Prov,2015,10.0
Other CCC Offenses,Comox Valley,RCMP Municipal,Courtenay Mun,2015,796.0
Other CCC Offenses,East Kootenay,RCMP Municipal,Cranbrook Mun,2015,360.0
Other CCC Offenses,East Kootenay,RCMP Provincial,Cranbrook Prov,2015,41.0
Other CCC Offenses,Central Kootenay,RCMP Municipal,Creston Mun,2015,153.0
Other CCC Offenses,Central Kootenay,RCMP Provincial,Creston Prov,2015,140.0
Other CCC Offenses,Peace River,RCMP Municipal,Dawson Creek Mun,2015,506.0
Other CCC Offenses,Peace River,RCMP Provincial,Dawson Creek Prov,2015,40.0
Other CCC Offenses,Kitimat Stikine,RCMP Provincial,Dease Lake Prov,2015,66.0
Other CCC Offenses,Metro Vancouver,Independent Municipal,Delta Mun,2015,949.0
Other CCC Offenses,Cowichan Valley,RCMP Provincial,Duncan Prov,2015,486.0
Other CCC Offenses,East Kootenay,RCMP Provincial,Elk Valley Prov,2015,121.0
Other CCC Offenses,North Okanagan,RCMP Provincial,Enderby Prov,2015,108.0
Other CCC Offenses,Columbia Shuswap,RCMP Provincial,Falkland Prov,2015,11.0
Other CCC Offenses,Bulkley Nechako,RCMP Provincial,Fort St James Prov,2015,389.0
Other CCC Offenses,Peace River,RCMP Municipal,Fort St John Mun,2015,851.0
Other CCC Offenses,Peace River,RCMP Provincial,Fort St John Prov,2015,111.0
Other CCC Offenses,Bulkley Nechako,RCMP Provincial,Fraser Lake Prov,2015,52.0
Other CCC Offenses,Nanaimo,RCMP Provincial,Gabriola Island Prov,2015,60.0
Other CCC Offenses,Columbia Shuswap,RCMP Provincial,Golden Prov,2015,167.0
Other CCC Offenses,Fraser Valley,RCMP Municipal,Hope Mun,2015,316.0
Other CCC Offenses,Fraser Valley,RCMP Provincial,Hope  Prov,2015,40.0
Other CCC Offenses,Bulkley Nechako,RCMP Provincial,Houston/Granisle Prov,2015,193.0
Other CCC Offenses,Peace River,RCMP Provincial,Hudson's Hope Prov,2015,18.0
Other CCC Offenses,Thompson Nicola,RCMP Municipal,Kamloops Mun,2015,1944.0
Other CCC Offenses,Central Kootenay,RCMP Provincial,Kaslo Prov,2015,38.0
Other CCC Offenses,Central Okanagan,RCMP Municipal,Kelowna Mun,2015,2915.0
Other CCC Offenses,Central Okanagan,RCMP Provincial,Kelowna Prov,2015,155.0
Other CCC Offenses,Fraser Valley,RCMP Municipal,Kent Mun,2015,89.0
Other CCC Offenses,Okanagan Similkameen,RCMP Provincial,Keremeos Prov,2015,121.0
Other CCC Offenses,East Kootenay,RCMP Municipal,Kimberley Mun,2015,50.0
Other CCC Offenses,East Kootenay,RCMP Provincial,Kimberley Prov,2015,11.0
Other CCC Offenses,Kitimat Stikine,RCMP Municipal,Kitimat Mun,2015,212.0
Other CCC Offenses,Kitimat Stikine,RCMP Provincial,Kitimat Prov,2015,11.0
Other CCC Offenses,Cowichan Valley,RCMP Municipal,Ladysmith Mun,2015,141.0
Other CCC Offenses,Cowichan Valley,RCMP Provincial,Ladysmith Prov,2015,78.0
Other CCC Offenses,Central Okanagan,RCMP Municipal,Lake Country Mun,2015,107.0
Other CCC Offenses,Cowichan Valley,RCMP Provincial,Lake Cowichan Prov,2015,119.0
Other CCC Offenses,Capital,RCMP Municipal,Langford Mun,2015,247.0
Other CCC Offenses,Metro Vancouver,RCMP Municipal,Langley City Mun,2015,1462.0
Other CCC Offenses,Metro Vancouver,RCMP Municipal,Langley Township Mun,2015,1585.0
Other CCC Offenses,Squamish Lillooet,RCMP Provincial,Lillooet Prov,2015,89.0
Other CCC Offenses,Kitimat Stikine,RCMP Provincial,Lisims/Nass Valley Prov,2015,89.0
Other CCC Offenses,Thompson Nicola,RCMP Provincial,Logan Lake Prov,2015,24.0
Other CCC Offenses,North Okanagan,RCMP Provincial,Lumby Prov,2015,36.0
Other CCC Offenses,Thompson Nicola,RCMP Provincial,Lytton Prov,2015,59.0
Other CCC Offenses,Fraser Fort George,RCMP Provincial,Mackenzie Prov,2015,158.0
Other CCC Offenses,Metro Vancouver,RCMP Municipal,Maple Ridge Mun,2015,2237.0
Other CCC Offenses,North Coast Regional District (22),RCMP Provincial,Masset Prov,2015,101.0
Other CCC Offenses,Fraser Fort George,RCMP Provincial,McBride Prov,2015,35.0
Other CCC Offenses,Thompson Nicola,RCMP Municipal,Merritt Mun,2015,242.0
Other CCC Offenses,Thompson Nicola,RCMP Provincial,Merritt Prov,2015,57.0
Other CCC Offenses,Fraser Valley,RCMP Municipal,Mission Mun,2015,1164.0
Other CCC Offenses,Fraser Valley,RCMP Provincial,Mission Prov,2015,51.0
Other CCC Offenses,Central Kootenay,RCMP Provincial,Nakusp Prov,2015,43.0
Other CCC Offenses,Nanaimo,RCMP Municipal,Nanaimo Mun,2015,1893.0
Other CCC Offenses,Nanaimo,RCMP Provincial,Nanaimo Prov,2015,70.0
Other CCC Offenses,Central Kootenay,Independent Municipal,Nelson Mun,2015,131.0
Other CCC Offenses,Central Kootenay,RCMP Provincial,Nelson Prov,2015,38.0
Other CCC Offenses,Kitimat Stikine,RCMP Provincial,New Hazelton Prov,2015,342.0
Other CCC Offenses,Metro Vancouver,Independent Municipal,New Westminster Mun,2015,1039.0
Other CCC Offenses,Strathcona,RCMP Provincial,Nootka Sound Prov,2015,75.0
Other CCC Offenses,Cowichan Valley,RCMP Municipal,North Cowichan Mun,2015,597.0
Other CCC Offenses,Capital,RCMP Municipal,North Saanich Mun,2015,78.0
Other CCC Offenses,Metro Vancouver,RCMP Municipal,North Vancouver City Mun,2015,1173.0
Other CCC Offenses,Metro Vancouver,RCMP Municipal,North Vancouver District Mun,2015,716.0
Other CCC Offenses,Metro Vancouver,RCMP Provincial,North Vancouver Prov,2015,96.0
Other CCC Offenses,Northern Rockies,RCMP Municipal,Northern Rockies Mun,2015,153.0
Other CCC Offenses,Northern Rockies,RCMP Provincial,Northern Rockies Prov,2015,70.0
Other CCC Offenses,Capital,Independent Municipal,Oak Bay Mun,2015,39.0
Other CCC Offenses,Nanaimo,RCMP Provincial,Oceanside Prov,2015,138.0
Other CCC Offenses,Cariboo,RCMP Provincial,One Hundred Mile House Prov,2015,139.0
Other CCC Offenses,Capital,RCMP Provincial,Outer Gulf  Islands Prov,2015,13.0
Other CCC Offenses,Nanaimo,RCMP Municipal,Parksville Mun,2015,201.0
Other CCC Offenses,Central Okanagan,RCMP Municipal,Peachland Mun,2015,17.0
Other CCC Offenses,Squamish Lillooet,RCMP Provincial,Pemberton Prov,2015,120.0
Other CCC Offenses,Okanagan Similkameen,RCMP Municipal,Penticton Mun,2015,872.0
Other CCC Offenses,Okanagan Similkameen,RCMP Provincial,Penticton Prov,2015,61.0
Other CCC Offenses,Metro Vancouver,RCMP Municipal,Pitt Meadows Mun,2015,400.0
Other CCC Offenses,Alberni Clayoquot,RCMP Municipal,Port Alberni Mun,2015,698.0
Other CCC Offenses,Alberni Clayoquot,RCMP Provincial,Port Alberni Prov,2015,72.0
Other CCC Offenses,Mount Waddington,RCMP Provincial,Port Alice Prov,2015,12.0
Other CCC Offenses,Metro Vancouver,RCMP Municipal,Port Coquitlam Mun,2015,1260.0
Other CCC Offenses,Mount Waddington,RCMP Provincial,Port Hardy Prov,2015,348.0
Other CCC Offenses,Mount Waddington,RCMP Provincial,Port McNeill Prov,2015,65.0
Other CCC Offenses,Metro Vancouver,Independent Municipal,Port Moody Mun,2015,141.0
Other CCC Offenses,Powell River,RCMP Municipal,Powell River Mun,2015,225.0
Other CCC Offenses,Powell River,RCMP Provincial,Powell River Prov,2015,43.0
Other CCC Offenses,Fraser Fort George,RCMP Municipal,Prince George Mun,2015,4030.0
Other CCC Offenses,Fraser Fort George,RCMP Provincial,Prince George Prov,2015,107.0
Other CCC Offenses,North Coast Regional District (22),RCMP Municipal,Prince Rupert Mun,2015,1021.0
Other CCC Offenses,North Coast Regional District (22),RCMP Provincial,Prince Rupert Prov,2015,88.0
Other CCC Offenses,Okanagan Similkameen,RCMP Provincial,Princeton Prov,2015,82.0
Other CCC Offenses,Strathcona,RCMP Provincial,Quadra Island Prov,2015,20.0
Other CCC Offenses,Nanaimo,RCMP Municipal,Qualicum Beach Mun,2015,35.0
Other CCC Offenses,North Coast Regional District (22),RCMP Provincial,Queen Charlotte Prov,2015,41.0
Other CCC Offenses,Cariboo,RCMP Municipal,Quesnel Mun,2015,703.0
Other CCC Offenses,Cariboo,RCMP Provincial,Quesnel Prov,2015,120.0
Other CCC Offenses,Columbia Shuswap,RCMP Municipal,Revelstoke Mun,2015,165.0
Other CCC Offenses,Columbia Shuswap,RCMP Provincial,Revelstoke Prov,2015,11.0
Other CCC Offenses,Metro Vancouver,RCMP Municipal,Richmond Mun,2015,2479.0
Other CCC Offenses,Metro Vancouver,RCMP Provincial,Ridge Meadows Prov,2015,13.0
Other CCC Offenses,Capital,Independent Municipal,Saanich Mun,2015,309.0
Other CCC Offenses,Central Kootenay,RCMP Provincial,Salmo Prov,2015,69.0
Other CCC Offenses,Columbia Shuswap,RCMP Municipal,Salmon Arm Mun,2015,195.0
Other CCC Offenses,Columbia Shuswap,RCMP Provincial,Salmon Arm Prov,2015,62.0
Other CCC Offenses,Capital,RCMP Provincial,Saltspring Island Prov,2015,121.0
Other CCC Offenses,Strathcona,RCMP Provincial,Sayward Prov,2015,17.0
Other CCC Offenses,Sunshine Coast,RCMP Municipal,Sechelt Mun,2015,214.0
Other CCC Offenses,Cowichan Valley,RCMP Provincial,Shawnigan Lake Prov,2015,164.0
Other CCC Offenses,Columbia Shuswap,RCMP Provincial,Sicamous Prov,2015,36.0
Other CCC Offenses,Capital,RCMP Municipal,Sidney Mun,2015,127.0
Other CCC Offenses,Capital,RCMP Provincial,Sidney Prov,2015,123.0
Other CCC Offenses,Central Kootenay,RCMP Provincial,Slocan Lake Prov,2015,28.0
Other CCC Offenses,Bulkley Nechako,RCMP Municipal,Smithers Mun,2015,270.0
Other CCC Offenses,Bulkley Nechako,RCMP Provincial,Smithers Prov,2015,70.0
Other CCC Offenses,Capital,RCMP Municipal,Sooke Mun,2015,122.0
Other CCC Offenses,Capital,RCMP Provincial,Sooke Prov,2015,32.0
Other CCC Offenses,Okanagan Similkameen,RCMP Provincial,South Okanagan/Oliver,2015,98.0
Other CCC Offenses,Okanagan Similkameen,RCMP Provincial,South Okanagan/Osoyoos,2015,105.0
Other CCC Offenses,North Okanagan,RCMP Municipal,Spallumcheen Mun,2015,17.0
Other CCC Offenses,Squamish Lillooet,RCMP Municipal,Squamish Mun,2015,445.0
Other CCC Offenses,Squamish Lillooet,RCMP Provincial,Squamish Prov,2015,37.0
Other CCC Offenses,Kitimat Stikine,RCMP Provincial,Stewart Prov,2015,16.0
Other CCC Offenses,Squamish Lillooet,First Nations Aboriginal Police Service,Stl'atl'imx FNAPS,2015,107.0
Other CCC Offenses,Okanagan Similkameen,RCMP Municipal,Summerland Mun,2015,71.0
Other CCC Offenses,Sunshine Coast,RCMP Provincial,Sunshine Coast Prov,2015,177.0
Other CCC Offenses,Metro Vancouver,RCMP Municipal,Surrey Mun,2015,10607.0
Other CCC Offenses,Bulkley Nechako,RCMP Provincial,Takla Landing Prov,2015,44.0
Other CCC Offenses,Kitimat Stikine,RCMP Municipal,Terrace Mun,2015,1415.0
Other CCC Offenses,Kitimat Stikine,RCMP Provincial,Terrace Prov,2015,187.0
Other CCC Offenses,Powell River,RCMP Provincial,Texada Island Prov,2015,6.0
Other CCC Offenses,Thompson Nicola,RCMP Provincial,T'Kumlups Prov,2015,79.0
Other CCC Offenses,Alberni Clayoquot,RCMP Provincial,Tofino Prov,2015,178.0
Other CCC Offenses,Kootenay Boundary,RCMP Municipal,Trail Mun,2015,144.0
Other CCC Offenses,Kootenay Boundary,RCMP Provincial,Trail and Greater District,2015,76.0
Other CCC Offenses,Fraser Fort George,RCMP Provincial,Tsay Keh Dene Prov,2015,79.0
Other CCC Offenses,Peace River,RCMP Provincial,Tumbler Ridge Prov,2015,38.0
Other CCC Offenses,Alberni Clayoquot,RCMP Provincial,Ucluelet Prov,2015,26.0
Other CCC Offenses,Metro Vancouver,RCMP Provincial,University Prov,2015,218.0
Other CCC Offenses,Fraser Fort George,RCMP Provincial,Valemount Prov,2015,19.0
Other CCC Offenses,Metro Vancouver,Independent Municipal,Vancouver Mun,2015,4108.0
Other CCC Offenses,Bulkley Nechako,RCMP Provincial,Vanderhoof Prov,2015,509.0
Other CCC Offenses,North Okanagan,RCMP Municipal,Vernon Mun,2015,1016.0
Other CCC Offenses,North Okanagan,RCMP Provincial,Vernon Prov,2015,45.0
Other CCC Offenses,Capital,Independent Municipal,Victoria Mun,2015,2106.0
Other CCC Offenses,Capital,RCMP Municipal,View Royal Mun,2015,71.0
Other CCC Offenses,Cariboo,RCMP Provincial,Wells Prov,2015,14.0
Other CCC Offenses,Central Okanagan,RCMP Municipal,West Kelowna Mun,2015,224.0
Other CCC Offenses,Capital,RCMP Provincial,West Shore Prov,2015,49.0
Other CCC Offenses,Metro Vancouver,Independent Municipal,West Vancouver Mun,2015,240.0
Other CCC Offenses,Squamish Lillooet,RCMP Municipal,Whistler Mun,2015,390.0
Other CCC Offenses,Squamish Lillooet,RCMP Provincial,Whistler Prov,2015,3.0
Other CCC Offenses,Metro Vancouver,RCMP Municipal,White Rock Mun,2015,267.0
Other CCC Offenses,Cariboo,RCMP Municipal,Williams Lake Mun,2015,1423.0
Other CCC Offenses,Cariboo,RCMP Provincial,Williams Lake Prov,2015,138.0
Homicide,Fraser Valley,Independent Municipal,Abbotsford Mun,2015,3.0
Homicide,Fraser Valley,RCMP Provincial,Agassiz Prov,2015,2.0
Homicide,Mount Waddington,RCMP Provincial,Alert Bay Prov,2015,0.0
Homicide,Cariboo,RCMP Provincial,Alexis Creek Prov,2015,0.0
Homicide,Cariboo,RCMP Provincial,Anahim Lake Prov,2015,0.0
Homicide,North Okanagan,RCMP Provincial,Armstrong Prov,2015,0.0
Homicide,Thompson Nicola,RCMP Provincial,Ashcroft Prov,2015,0.0
Homicide,Kitimat Stikine,RCMP Provincial,Atlin Prov,2015,0.0
Homicide,Thompson Nicola,RCMP Provincial,Barriere Prov,2015,0.0
Homicide,Central Coast,RCMP Provincial,Bella Bella Prov,2015,0.0
Homicide,Central Coast,RCMP Provincial,Bella Coola Prov,2015,0.0
Homicide,Fraser Valley,RCMP Provincial,Boston Bar Prov,2015,0.0
Homicide,Kootenay Boundary,RCMP Provincial,Boundary/Grand Forks Prov,2015,0.0
Homicide,Kootenay Boundary,RCMP Provincial,Boundary/Midway Prov,2015,0.0
Homicide,Metro Vancouver,RCMP Provincial,Bowen Island Prov,2015,0.0
Homicide,Metro Vancouver,RCMP Municipal,Burnaby Mun,2015,7.0
Homicide,Bulkley Nechako,RCMP Provincial,Burns Lake Prov,2015,3.0
Homicide,Strathcona,RCMP Municipal,Campbell River Mun,2015,2.0
Homicide,Strathcona,RCMP Provincial,Campbell River Prov,2015,0.0
Homicide,Central Kootenay,RCMP Municipal,Castlegar Mun,2015,0.0
Homicide,Central Kootenay,RCMP Provincial,Castlegar Prov,2015,0.0
Homicide,Capital,Independent Municipal,Central Saanich Mun,2015,0.0
Homicide,Thompson Nicola,RCMP Provincial,Chase Prov,2015,0.0
Homicide,Peace River,RCMP Provincial,Chetwynd Prov,2015,0.0
Homicide,Fraser Valley,RCMP Municipal,Chilliwack Mun,2015,2.0
Homicide,Fraser Valley,RCMP Provincial,Chilliwack Prov,2015,0.0
Homicide,Thompson Nicola,RCMP Provincial,Clearwater Prov,2015,0.0
Homicide,Thompson Nicola,RCMP Provincial,Clinton Prov,2015,0.0
Homicide,North Okanagan,RCMP Municipal,Coldstream Mun,2015,0.0
Homicide,East Kootenay,RCMP Provincial,Columbia Valley Prov,2015,0.0
Homicide,Capital,RCMP Municipal,Colwood Mun,2015,0.0
Homicide,Comox Valley,RCMP Municipal,Comox Mun,2015,0.0
Homicide,Comox Valley,RCMP Provincial,Comox Valley Prov,2015,0.0
Homicide,Metro Vancouver,RCMP Municipal,Coquitlam Mun,2015,2.0
Homicide,Metro Vancouver,RCMP Provincial,Coquitlam Prov,2015,0.0
Homicide,Comox Valley,RCMP Municipal,Courtenay Mun,2015,1.0
Homicide,East Kootenay,RCMP Municipal,Cranbrook Mun,2015,0.0
Homicide,East Kootenay,RCMP Provincial,Cranbrook Prov,2015,0.0
Homicide,Central Kootenay,RCMP Municipal,Creston Mun,2015,0.0
Homicide,Central Kootenay,RCMP Provincial,Creston Prov,2015,2.0
Homicide,Peace River,RCMP Municipal,Dawson Creek Mun,2015,0.0
Homicide,Peace River,RCMP Provincial,Dawson Creek Prov,2015,0.0
Homicide,Kitimat Stikine,RCMP Provincial,Dease Lake Prov,2015,0.0
Homicide,Metro Vancouver,Independent Municipal,Delta Mun,2015,1.0
Homicide,Cowichan Valley,RCMP Provincial,Duncan Prov,2015,0.0
Homicide,East Kootenay,RCMP Provincial,Elk Valley Prov,2015,0.0
Homicide,North Okanagan,RCMP Provincial,Enderby Prov,2015,0.0
Homicide,Columbia Shuswap,RCMP Provincial,Falkland Prov,2015,0.0
Homicide,Bulkley Nechako,RCMP Provincial,Fort St James Prov,2015,0.0
Homicide,Peace River,RCMP Municipal,Fort St John Mun,2015,2.0
Homicide,Peace River,RCMP Provincial,Fort St John Prov,2015,0.0
Homicide,Bulkley Nechako,RCMP Provincial,Fraser Lake Prov,2015,0.0
Homicide,Nanaimo,RCMP Provincial,Gabriola Island Prov,2015,0.0
Homicide,Columbia Shuswap,RCMP Provincial,Golden Prov,2015,0.0
Homicide,Fraser Valley,RCMP Municipal,Hope Mun,2015,0.0
Homicide,Fraser Valley,RCMP Provincial,Hope  Prov,2015,0.0
Homicide,Bulkley Nechako,RCMP Provincial,Houston/Granisle Prov,2015,0.0
Homicide,Peace River,RCMP Provincial,Hudson's Hope Prov,2015,0.0
Homicide,Thompson Nicola,RCMP Municipal,Kamloops Mun,2015,0.0
Homicide,Central Kootenay,RCMP Provincial,Kaslo Prov,2015,0.0
Homicide,Central Okanagan,RCMP Municipal,Kelowna Mun,2015,2.0
Homicide,Central Okanagan,RCMP Provincial,Kelowna Prov,2015,0.0
Homicide,Fraser Valley,RCMP Municipal,Kent Mun,2015,0.0
Homicide,Okanagan Similkameen,RCMP Provincial,Keremeos Prov,2015,0.0
Homicide,East Kootenay,RCMP Municipal,Kimberley Mun,2015,0.0
Homicide,East Kootenay,RCMP Provincial,Kimberley Prov,2015,0.0
Homicide,Kitimat Stikine,RCMP Municipal,Kitimat Mun,2015,0.0
Homicide,Kitimat Stikine,RCMP Provincial,Kitimat Prov,2015,0.0
Homicide,Cowichan Valley,RCMP Municipal,Ladysmith Mun,2015,0.0
Homicide,Cowichan Valley,RCMP Provincial,Ladysmith Prov,2015,1.0
Homicide,Central Okanagan,RCMP Municipal,Lake Country Mun,2015,0.0
Homicide,Cowichan Valley,RCMP Provincial,Lake Cowichan Prov,2015,0.0
Homicide,Capital,RCMP Municipal,Langford Mun,2015,0.0
Homicide,Metro Vancouver,RCMP Municipal,Langley City Mun,2015,1.0
Homicide,Metro Vancouver,RCMP Municipal,Langley Township Mun,2015,2.0
Homicide,Squamish Lillooet,RCMP Provincial,Lillooet Prov,2015,1.0
Homicide,Kitimat Stikine,RCMP Provincial,Lisims/Nass Valley Prov,2015,0.0
Homicide,Thompson Nicola,RCMP Provincial,Logan Lake Prov,2015,0.0
Homicide,North Okanagan,RCMP Provincial,Lumby Prov,2015,0.0
Homicide,Thompson Nicola,RCMP Provincial,Lytton Prov,2015,0.0
Homicide,Fraser Fort George,RCMP Provincial,Mackenzie Prov,2015,0.0
Homicide,Metro Vancouver,RCMP Municipal,Maple Ridge Mun,2015,1.0
Homicide,North Coast Regional District (22),RCMP Provincial,Masset Prov,2015,0.0
Homicide,Fraser Fort George,RCMP Provincial,McBride Prov,2015,0.0
Homicide,Thompson Nicola,RCMP Municipal,Merritt Mun,2015,0.0
Homicide,Thompson Nicola,RCMP Provincial,Merritt Prov,2015,0.0
Homicide,Fraser Valley,RCMP Municipal,Mission Mun,2015,0.0
Homicide,Fraser Valley,RCMP Provincial,Mission Prov,2015,2.0
Homicide,Central Kootenay,RCMP Provincial,Nakusp Prov,2015,0.0
Homicide,Nanaimo,RCMP Municipal,Nanaimo Mun,2015,0.0
Homicide,Nanaimo,RCMP Provincial,Nanaimo Prov,2015,0.0
Homicide,Central Kootenay,Independent Municipal,Nelson Mun,2015,0.0
Homicide,Central Kootenay,RCMP Provincial,Nelson Prov,2015,0.0
Homicide,Kitimat Stikine,RCMP Provincial,New Hazelton Prov,2015,0.0
Homicide,Metro Vancouver,Independent Municipal,New Westminster Mun,2015,1.0
Homicide,Strathcona,RCMP Provincial,Nootka Sound Prov,2015,0.0
Homicide,Cowichan Valley,RCMP Municipal,North Cowichan Mun,2015,0.0
Homicide,Capital,RCMP Municipal,North Saanich Mun,2015,0.0
Homicide,Metro Vancouver,RCMP Municipal,North Vancouver City Mun,2015,1.0
Homicide,Metro Vancouver,RCMP Municipal,North Vancouver District Mun,2015,1.0
Homicide,Metro Vancouver,RCMP Provincial,North Vancouver Prov,2015,0.0
Homicide,Northern Rockies,RCMP Municipal,Northern Rockies Mun,2015,1.0
Homicide,Northern Rockies,RCMP Provincial,Northern Rockies Prov,2015,0.0
Homicide,Capital,Independent Municipal,Oak Bay Mun,2015,0.0
Homicide,Nanaimo,RCMP Provincial,Oceanside Prov,2015,0.0
Homicide,Cariboo,RCMP Provincial,One Hundred Mile House Prov,2015,0.0
Homicide,Capital,RCMP Provincial,Outer Gulf  Islands Prov,2015,0.0
Homicide,Nanaimo,RCMP Municipal,Parksville Mun,2015,0.0
Homicide,Central Okanagan,RCMP Municipal,Peachland Mun,2015,0.0
Homicide,Squamish Lillooet,RCMP Provincial,Pemberton Prov,2015,0.0
Homicide,Okanagan Similkameen,RCMP Municipal,Penticton Mun,2015,2.0
Homicide,Okanagan Similkameen,RCMP Provincial,Penticton Prov,2015,0.0
Homicide,Metro Vancouver,RCMP Municipal,Pitt Meadows Mun,2015,0.0
Homicide,Alberni Clayoquot,RCMP Municipal,Port Alberni Mun,2015,1.0
Homicide,Alberni Clayoquot,RCMP Provincial,Port Alberni Prov,2015,0.0
Homicide,Mount Waddington,RCMP Provincial,Port Alice Prov,2015,0.0
Homicide,Metro Vancouver,RCMP Municipal,Port Coquitlam Mun,2015,0.0
Homicide,Mount Waddington,RCMP Provincial,Port Hardy Prov,2015,0.0
Homicide,Mount Waddington,RCMP Provincial,Port McNeill Prov,2015,0.0
Homicide,Metro Vancouver,Independent Municipal,Port Moody Mun,2015,0.0
Homicide,Powell River,RCMP Municipal,Powell River Mun,2015,0.0
Homicide,Powell River,RCMP Provincial,Powell River Prov,2015,1.0
Homicide,Fraser Fort George,RCMP Municipal,Prince George Mun,2015,3.0
Homicide,Fraser Fort George,RCMP Provincial,Prince George Prov,2015,1.0
Homicide,North Coast Regional District (22),RCMP Municipal,Prince Rupert Mun,2015,0.0
Homicide,North Coast Regional District (22),RCMP Provincial,Prince Rupert Prov,2015,1.0
Homicide,Okanagan Similkameen,RCMP Provincial,Princeton Prov,2015,0.0
Homicide,Strathcona,RCMP Provincial,Quadra Island Prov,2015,0.0
Homicide,Nanaimo,RCMP Municipal,Qualicum Beach Mun,2015,0.0
Homicide,North Coast Regional District (22),RCMP Provincial,Queen Charlotte Prov,2015,0.0
Homicide,Cariboo,RCMP Municipal,Quesnel Mun,2015,0.0
Homicide,Cariboo,RCMP Provincial,Quesnel Prov,2015,0.0
Homicide,Columbia Shuswap,RCMP Municipal,Revelstoke Mun,2015,0.0
Homicide,Columbia Shuswap,RCMP Provincial,Revelstoke Prov,2015,0.0
Homicide,Metro Vancouver,RCMP Municipal,Richmond Mun,2015,5.0
Homicide,Metro Vancouver,RCMP Provincial,Ridge Meadows Prov,2015,0.0
Homicide,Capital,Independent Municipal,Saanich Mun,2015,1.0
Homicide,Central Kootenay,RCMP Provincial,Salmo Prov,2015,0.0
Homicide,Columbia Shuswap,RCMP Municipal,Salmon Arm Mun,2015,0.0
Homicide,Columbia Shuswap,RCMP Provincial,Salmon Arm Prov,2015,0.0
Homicide,Capital,RCMP Provincial,Saltspring Island Prov,2015,1.0
Homicide,Strathcona,RCMP Provincial,Sayward Prov,2015,0.0
Homicide,Sunshine Coast,RCMP Municipal,Sechelt Mun,2015,0.0
Homicide,Cowichan Valley,RCMP Provincial,Shawnigan Lake Prov,2015,0.0
Homicide,Columbia Shuswap,RCMP Provincial,Sicamous Prov,2015,0.0
Homicide,Capital,RCMP Municipal,Sidney Mun,2015,0.0
Homicide,Capital,RCMP Provincial,Sidney Prov,2015,0.0
Homicide,Central Kootenay,RCMP Provincial,Slocan Lake Prov,2015,0.0
Homicide,Bulkley Nechako,RCMP Municipal,Smithers Mun,2015,0.0
Homicide,Bulkley Nechako,RCMP Provincial,Smithers Prov,2015,0.0
Homicide,Capital,RCMP Municipal,Sooke Mun,2015,0.0
Homicide,Capital,RCMP Provincial,Sooke Prov,2015,0.0
Homicide,Okanagan Similkameen,RCMP Provincial,South Okanagan/Oliver,2015,0.0
Homicide,Okanagan Similkameen,RCMP Provincial,South Okanagan/Osoyoos,2015,0.0
Homicide,North Okanagan,RCMP Municipal,Spallumcheen Mun,2015,0.0
Homicide,Squamish Lillooet,RCMP Municipal,Squamish Mun,2015,0.0
Homicide,Squamish Lillooet,RCMP Provincial,Squamish Prov,2015,0.0
Homicide,Kitimat Stikine,RCMP Provincial,Stewart Prov,2015,0.0
Homicide,Squamish Lillooet,First Nations Aboriginal Police Service,Stl'atl'imx FNAPS,2015,0.0
Homicide,Okanagan Similkameen,RCMP Municipal,Summerland Mun,2015,0.0
Homicide,Sunshine Coast,RCMP Provincial,Sunshine Coast Prov,2015,0.0
Homicide,Metro Vancouver,RCMP Municipal,Surrey Mun,2015,8.0
Homicide,Bulkley Nechako,RCMP Provincial,Takla Landing Prov,2015,0.0
Homicide,Kitimat Stikine,RCMP Municipal,Terrace Mun,2015,2.0
Homicide,Kitimat Stikine,RCMP Provincial,Terrace Prov,2015,0.0
Homicide,Powell River,RCMP Provincial,Texada Island Prov,2015,0.0
Homicide,Thompson Nicola,RCMP Provincial,T'Kumlups Prov,2015,0.0
Homicide,Alberni Clayoquot,RCMP Provincial,Tofino Prov,2015,0.0
Homicide,Kootenay Boundary,RCMP Municipal,Trail Mun,2015,0.0
Homicide,Kootenay Boundary,RCMP Provincial,Trail and Greater District,2015,0.0
Homicide,Fraser Fort George,RCMP Provincial,Tsay Keh Dene Prov,2015,0.0
Homicide,Peace River,RCMP Provincial,Tumbler Ridge Prov,2015,0.0
Homicide,Alberni Clayoquot,RCMP Provincial,Ucluelet Prov,2015,0.0
Homicide,Metro Vancouver,RCMP Provincial,University Prov,2015,0.0
Homicide,Fraser Fort George,RCMP Provincial,Valemount Prov,2015,0.0
Homicide,Metro Vancouver,Independent Municipal,Vancouver Mun,2015,16.0
Homicide,Bulkley Nechako,RCMP Provincial,Vanderhoof Prov,2015,0.0
Homicide,North Okanagan,RCMP Municipal,Vernon Mun,2015,1.0
Homicide,North Okanagan,RCMP Provincial,Vernon Prov,2015,0.0
Homicide,Capital,Independent Municipal,Victoria Mun,2015,5.0
Homicide,Capital,RCMP Municipal,View Royal Mun,2015,0.0
Homicide,Cariboo,RCMP Provincial,Wells Prov,2015,0.0
Homicide,Central Okanagan,RCMP Municipal,West Kelowna Mun,2015,1.0
Homicide,Capital,RCMP Provincial,West Shore Prov,2015,2.0
Homicide,Metro Vancouver,Independent Municipal,West Vancouver Mun,2015,1.0
Homicide,Squamish Lillooet,RCMP Municipal,Whistler Mun,2015,1.0
Homicide,Squamish Lillooet,RCMP Provincial,Whistler Prov,2015,0.0
Homicide,Metro Vancouver,RCMP Municipal,White Rock Mun,2015,0.0
Homicide,Cariboo,RCMP Municipal,Williams Lake Mun,2015,0.0
Homicide,Cariboo,RCMP Provincial,Williams Lake Prov,2015,1.0
Motor Vehicle Theft,Fraser Valley,Independent Municipal,Abbotsford Mun,2015,653.0
Motor Vehicle Theft,Fraser Valley,RCMP Provincial,Agassiz Prov,2015,25.0
Motor Vehicle Theft,Mount Waddington,RCMP Provincial,Alert Bay Prov,2015,3.0
Motor Vehicle Theft,Cariboo,RCMP Provincial,Alexis Creek Prov,2015,18.0
Motor Vehicle Theft,Cariboo,RCMP Provincial,Anahim Lake Prov,2015,0.0
Motor Vehicle Theft,North Okanagan,RCMP Provincial,Armstrong Prov,2015,7.0
Motor Vehicle Theft,Thompson Nicola,RCMP Provincial,Ashcroft Prov,2015,10.0
Motor Vehicle Theft,Kitimat Stikine,RCMP Provincial,Atlin Prov,2015,0.0
Motor Vehicle Theft,Thompson Nicola,RCMP Provincial,Barriere Prov,2015,20.0
Motor Vehicle Theft,Central Coast,RCMP Provincial,Bella Bella Prov,2015,0.0
Motor Vehicle Theft,Central Coast,RCMP Provincial,Bella Coola Prov,2015,5.0
Motor Vehicle Theft,Fraser Valley,RCMP Provincial,Boston Bar Prov,2015,5.0
Motor Vehicle Theft,Kootenay Boundary,RCMP Provincial,Boundary/Grand Forks Prov,2015,20.0
Motor Vehicle Theft,Kootenay Boundary,RCMP Provincial,Boundary/Midway Prov,2015,19.0
Motor Vehicle Theft,Metro Vancouver,RCMP Provincial,Bowen Island Prov,2015,5.0
Motor Vehicle Theft,Metro Vancouver,RCMP Municipal,Burnaby Mun,2015,723.0
Motor Vehicle Theft,Bulkley Nechako,RCMP Provincial,Burns Lake Prov,2015,9.0
Motor Vehicle Theft,Strathcona,RCMP Municipal,Campbell River Mun,2015,57.0
Motor Vehicle Theft,Strathcona,RCMP Provincial,Campbell River Prov,2015,7.0
Motor Vehicle Theft,Central Kootenay,RCMP Municipal,Castlegar Mun,2015,11.0
Motor Vehicle Theft,Central Kootenay,RCMP Provincial,Castlegar Prov,2015,10.0
Motor Vehicle Theft,Capital,Independent Municipal,Central Saanich Mun,2015,8.0
Motor Vehicle Theft,Thompson Nicola,RCMP Provincial,Chase Prov,2015,35.0
Motor Vehicle Theft,Peace River,RCMP Provincial,Chetwynd Prov,2015,18.0
Motor Vehicle Theft,Fraser Valley,RCMP Municipal,Chilliwack Mun,2015,519.0
Motor Vehicle Theft,Fraser Valley,RCMP Provincial,Chilliwack Prov,2015,33.0
Motor Vehicle Theft,Thompson Nicola,RCMP Provincial,Clearwater Prov,2015,16.0
Motor Vehicle Theft,Thompson Nicola,RCMP Provincial,Clinton Prov,2015,5.0
Motor Vehicle Theft,North Okanagan,RCMP Municipal,Coldstream Mun,2015,11.0
Motor Vehicle Theft,East Kootenay,RCMP Provincial,Columbia Valley Prov,2015,11.0
Motor Vehicle Theft,Capital,RCMP Municipal,Colwood Mun,2015,13.0
Motor Vehicle Theft,Comox Valley,RCMP Municipal,Comox Mun,2015,6.0
Motor Vehicle Theft,Comox Valley,RCMP Provincial,Comox Valley Prov,2015,34.0
Motor Vehicle Theft,Metro Vancouver,RCMP Municipal,Coquitlam Mun,2015,391.0
Motor Vehicle Theft,Metro Vancouver,RCMP Provincial,Coquitlam Prov,2015,2.0
Motor Vehicle Theft,Comox Valley,RCMP Municipal,Courtenay Mun,2015,47.0
Motor Vehicle Theft,East Kootenay,RCMP Municipal,Cranbrook Mun,2015,28.0
Motor Vehicle Theft,East Kootenay,RCMP Provincial,Cranbrook Prov,2015,10.0
Motor Vehicle Theft,Central Kootenay,RCMP Municipal,Creston Mun,2015,9.0
Motor Vehicle Theft,Central Kootenay,RCMP Provincial,Creston Prov,2015,13.0
Motor Vehicle Theft,Peace River,RCMP Municipal,Dawson Creek Mun,2015,64.0
Motor Vehicle Theft,Peace River,RCMP Provincial,Dawson Creek Prov,2015,38.0
Motor Vehicle Theft,Kitimat Stikine,RCMP Provincial,Dease Lake Prov,2015,3.0
Motor Vehicle Theft,Metro Vancouver,Independent Municipal,Delta Mun,2015,234.0
Motor Vehicle Theft,Cowichan Valley,RCMP Provincial,Duncan Prov,2015,44.0
Motor Vehicle Theft,East Kootenay,RCMP Provincial,Elk Valley Prov,2015,19.0
Motor Vehicle Theft,North Okanagan,RCMP Provincial,Enderby Prov,2015,22.0
Motor Vehicle Theft,Columbia Shuswap,RCMP Provincial,Falkland Prov,2015,13.0
Motor Vehicle Theft,Bulkley Nechako,RCMP Provincial,Fort St James Prov,2015,12.0
Motor Vehicle Theft,Peace River,RCMP Municipal,Fort St John Mun,2015,116.0
Motor Vehicle Theft,Peace River,RCMP Provincial,Fort St John Prov,2015,71.0
Motor Vehicle Theft,Bulkley Nechako,RCMP Provincial,Fraser Lake Prov,2015,0.0
Motor Vehicle Theft,Nanaimo,RCMP Provincial,Gabriola Island Prov,2015,3.0
Motor Vehicle Theft,Columbia Shuswap,RCMP Provincial,Golden Prov,2015,31.0
Motor Vehicle Theft,Fraser Valley,RCMP Municipal,Hope Mun,2015,32.0
Motor Vehicle Theft,Fraser Valley,RCMP Provincial,Hope  Prov,2015,15.0
Motor Vehicle Theft,Bulkley Nechako,RCMP Provincial,Houston/Granisle Prov,2015,6.0
Motor Vehicle Theft,Peace River,RCMP Provincial,Hudson's Hope Prov,2015,9.0
Motor Vehicle Theft,Thompson Nicola,RCMP Municipal,Kamloops Mun,2015,260.0
Motor Vehicle Theft,Central Kootenay,RCMP Provincial,Kaslo Prov,2015,5.0
Motor Vehicle Theft,Central Okanagan,RCMP Municipal,Kelowna Mun,2015,475.0
Motor Vehicle Theft,Central Okanagan,RCMP Provincial,Kelowna Prov,2015,53.0
Motor Vehicle Theft,Fraser Valley,RCMP Municipal,Kent Mun,2015,11.0
Motor Vehicle Theft,Okanagan Similkameen,RCMP Provincial,Keremeos Prov,2015,26.0
Motor Vehicle Theft,East Kootenay,RCMP Municipal,Kimberley Mun,2015,16.0
Motor Vehicle Theft,East Kootenay,RCMP Provincial,Kimberley Prov,2015,3.0
Motor Vehicle Theft,Kitimat Stikine,RCMP Municipal,Kitimat Mun,2015,13.0
Motor Vehicle Theft,Kitimat Stikine,RCMP Provincial,Kitimat Prov,2015,0.0
Motor Vehicle Theft,Cowichan Valley,RCMP Municipal,Ladysmith Mun,2015,29.0
Motor Vehicle Theft,Cowichan Valley,RCMP Provincial,Ladysmith Prov,2015,12.0
Motor Vehicle Theft,Central Okanagan,RCMP Municipal,Lake Country Mun,2015,43.0
Motor Vehicle Theft,Cowichan Valley,RCMP Provincial,Lake Cowichan Prov,2015,2.0
Motor Vehicle Theft,Capital,RCMP Municipal,Langford Mun,2015,56.0
Motor Vehicle Theft,Metro Vancouver,RCMP Municipal,Langley City Mun,2015,175.0
Motor Vehicle Theft,Metro Vancouver,RCMP Municipal,Langley Township Mun,2015,601.0
Motor Vehicle Theft,Squamish Lillooet,RCMP Provincial,Lillooet Prov,2015,6.0
Motor Vehicle Theft,Kitimat Stikine,RCMP Provincial,Lisims/Nass Valley Prov,2015,3.0
Motor Vehicle Theft,Thompson Nicola,RCMP Provincial,Logan Lake Prov,2015,8.0
Motor Vehicle Theft,North Okanagan,RCMP Provincial,Lumby Prov,2015,6.0
Motor Vehicle Theft,Thompson Nicola,RCMP Provincial,Lytton Prov,2015,2.0
Motor Vehicle Theft,Fraser Fort George,RCMP Provincial,Mackenzie Prov,2015,8.0
Motor Vehicle Theft,Metro Vancouver,RCMP Municipal,Maple Ridge Mun,2015,271.0
Motor Vehicle Theft,North Coast Regional District (22),RCMP Provincial,Masset Prov,2015,6.0
Motor Vehicle Theft,Fraser Fort George,RCMP Provincial,McBride Prov,2015,10.0
Motor Vehicle Theft,Thompson Nicola,RCMP Municipal,Merritt Mun,2015,24.0
Motor Vehicle Theft,Thompson Nicola,RCMP Provincial,Merritt Prov,2015,9.0
Motor Vehicle Theft,Fraser Valley,RCMP Municipal,Mission Mun,2015,262.0
Motor Vehicle Theft,Fraser Valley,RCMP Provincial,Mission Prov,2015,18.0
Motor Vehicle Theft,Central Kootenay,RCMP Provincial,Nakusp Prov,2015,12.0
Motor Vehicle Theft,Nanaimo,RCMP Municipal,Nanaimo Mun,2015,365.0
Motor Vehicle Theft,Nanaimo,RCMP Provincial,Nanaimo Prov,2015,29.0
Motor Vehicle Theft,Central Kootenay,Independent Municipal,Nelson Mun,2015,10.0
Motor Vehicle Theft,Central Kootenay,RCMP Provincial,Nelson Prov,2015,10.0
Motor Vehicle Theft,Kitimat Stikine,RCMP Provincial,New Hazelton Prov,2015,4.0
Motor Vehicle Theft,Metro Vancouver,Independent Municipal,New Westminster Mun,2015,262.0
Motor Vehicle Theft,Strathcona,RCMP Provincial,Nootka Sound Prov,2015,1.0
Motor Vehicle Theft,Cowichan Valley,RCMP Municipal,North Cowichan Mun,2015,59.0
Motor Vehicle Theft,Capital,RCMP Municipal,North Saanich Mun,2015,4.0
Motor Vehicle Theft,Metro Vancouver,RCMP Municipal,North Vancouver City Mun,2015,81.0
Motor Vehicle Theft,Metro Vancouver,RCMP Municipal,North Vancouver District Mun,2015,85.0
Motor Vehicle Theft,Metro Vancouver,RCMP Provincial,North Vancouver Prov,2015,7.0
Motor Vehicle Theft,Northern Rockies,RCMP Municipal,Northern Rockies Mun,2015,24.0
Motor Vehicle Theft,Northern Rockies,RCMP Provincial,Northern Rockies Prov,2015,4.0
Motor Vehicle Theft,Capital,Independent Municipal,Oak Bay Mun,2015,1.0
Motor Vehicle Theft,Nanaimo,RCMP Provincial,Oceanside Prov,2015,48.0
Motor Vehicle Theft,Cariboo,RCMP Provincial,One Hundred Mile House Prov,2015,20.0
Motor Vehicle Theft,Capital,RCMP Provincial,Outer Gulf  Islands Prov,2015,0.0
Motor Vehicle Theft,Nanaimo,RCMP Municipal,Parksville Mun,2015,24.0
Motor Vehicle Theft,Central Okanagan,RCMP Municipal,Peachland Mun,2015,10.0
Motor Vehicle Theft,Squamish Lillooet,RCMP Provincial,Pemberton Prov,2015,8.0
Motor Vehicle Theft,Okanagan Similkameen,RCMP Municipal,Penticton Mun,2015,237.0
Motor Vehicle Theft,Okanagan Similkameen,RCMP Provincial,Penticton Prov,2015,57.0
Motor Vehicle Theft,Metro Vancouver,RCMP Municipal,Pitt Meadows Mun,2015,58.0
Motor Vehicle Theft,Alberni Clayoquot,RCMP Municipal,Port Alberni Mun,2015,37.0
Motor Vehicle Theft,Alberni Clayoquot,RCMP Provincial,Port Alberni Prov,2015,7.0
Motor Vehicle Theft,Mount Waddington,RCMP Provincial,Port Alice Prov,2015,1.0
Motor Vehicle Theft,Metro Vancouver,RCMP Municipal,Port Coquitlam Mun,2015,223.0
Motor Vehicle Theft,Mount Waddington,RCMP Provincial,Port Hardy Prov,2015,1.0
Motor Vehicle Theft,Mount Waddington,RCMP Provincial,Port McNeill Prov,2015,3.0
Motor Vehicle Theft,Metro Vancouver,Independent Municipal,Port Moody Mun,2015,31.0
Motor Vehicle Theft,Powell River,RCMP Municipal,Powell River Mun,2015,5.0
Motor Vehicle Theft,Powell River,RCMP Provincial,Powell River Prov,2015,5.0
Motor Vehicle Theft,Fraser Fort George,RCMP Municipal,Prince George Mun,2015,284.0
Motor Vehicle Theft,Fraser Fort George,RCMP Provincial,Prince George Prov,2015,41.0
Motor Vehicle Theft,North Coast Regional District (22),RCMP Municipal,Prince Rupert Mun,2015,14.0
Motor Vehicle Theft,North Coast Regional District (22),RCMP Provincial,Prince Rupert Prov,2015,2.0
Motor Vehicle Theft,Okanagan Similkameen,RCMP Provincial,Princeton Prov,2015,35.0
Motor Vehicle Theft,Strathcona,RCMP Provincial,Quadra Island Prov,2015,1.0
Motor Vehicle Theft,Nanaimo,RCMP Municipal,Qualicum Beach Mun,2015,5.0
Motor Vehicle Theft,North Coast Regional District (22),RCMP Provincial,Queen Charlotte Prov,2015,2.0
Motor Vehicle Theft,Cariboo,RCMP Municipal,Quesnel Mun,2015,47.0
Motor Vehicle Theft,Cariboo,RCMP Provincial,Quesnel Prov,2015,19.0
Motor Vehicle Theft,Columbia Shuswap,RCMP Municipal,Revelstoke Mun,2015,27.0
Motor Vehicle Theft,Columbia Shuswap,RCMP Provincial,Revelstoke Prov,2015,7.0
Motor Vehicle Theft,Metro Vancouver,RCMP Municipal,Richmond Mun,2015,400.0
Motor Vehicle Theft,Metro Vancouver,RCMP Provincial,Ridge Meadows Prov,2015,3.0
Motor Vehicle Theft,Capital,Independent Municipal,Saanich Mun,2015,72.0
Motor Vehicle Theft,Central Kootenay,RCMP Provincial,Salmo Prov,2015,10.0
Motor Vehicle Theft,Columbia Shuswap,RCMP Municipal,Salmon Arm Mun,2015,34.0
Motor Vehicle Theft,Columbia Shuswap,RCMP Provincial,Salmon Arm Prov,2015,19.0
Motor Vehicle Theft,Capital,RCMP Provincial,Saltspring Island Prov,2015,4.0
Motor Vehicle Theft,Strathcona,RCMP Provincial,Sayward Prov,2015,1.0
Motor Vehicle Theft,Sunshine Coast,RCMP Municipal,Sechelt Mun,2015,1.0
Motor Vehicle Theft,Cowichan Valley,RCMP Provincial,Shawnigan Lake Prov,2015,13.0
Motor Vehicle Theft,Columbia Shuswap,RCMP Provincial,Sicamous Prov,2015,24.0
Motor Vehicle Theft,Capital,RCMP Municipal,Sidney Mun,2015,2.0
Motor Vehicle Theft,Capital,RCMP Provincial,Sidney Prov,2015,1.0
Motor Vehicle Theft,Central Kootenay,RCMP Provincial,Slocan Lake Prov,2015,2.0
Motor Vehicle Theft,Bulkley Nechako,RCMP Municipal,Smithers Mun,2015,13.0
Motor Vehicle Theft,Bulkley Nechako,RCMP Provincial,Smithers Prov,2015,7.0
Motor Vehicle Theft,Capital,RCMP Municipal,Sooke Mun,2015,15.0
Motor Vehicle Theft,Capital,RCMP Provincial,Sooke Prov,2015,14.0
Motor Vehicle Theft,Okanagan Similkameen,RCMP Provincial,South Okanagan/Oliver,2015,94.0
Motor Vehicle Theft,Okanagan Similkameen,RCMP Provincial,South Okanagan/Osoyoos,2015,62.0
Motor Vehicle Theft,North Okanagan,RCMP Municipal,Spallumcheen Mun,2015,8.0
Motor Vehicle Theft,Squamish Lillooet,RCMP Municipal,Squamish Mun,2015,46.0
Motor Vehicle Theft,Squamish Lillooet,RCMP Provincial,Squamish Prov,2015,6.0
Motor Vehicle Theft,Kitimat Stikine,RCMP Provincial,Stewart Prov,2015,1.0
Motor Vehicle Theft,Squamish Lillooet,First Nations Aboriginal Police Service,Stl'atl'imx FNAPS,2015,5.0
Motor Vehicle Theft,Okanagan Similkameen,RCMP Municipal,Summerland Mun,2015,53.0
Motor Vehicle Theft,Sunshine Coast,RCMP Provincial,Sunshine Coast Prov,2015,12.0
Motor Vehicle Theft,Metro Vancouver,RCMP Municipal,Surrey Mun,2015,3291.0
Motor Vehicle Theft,Bulkley Nechako,RCMP Provincial,Takla Landing Prov,2015,1.0
Motor Vehicle Theft,Kitimat Stikine,RCMP Municipal,Terrace Mun,2015,10.0
Motor Vehicle Theft,Kitimat Stikine,RCMP Provincial,Terrace Prov,2015,14.0
Motor Vehicle Theft,Powell River,RCMP Provincial,Texada Island Prov,2015,0.0
Motor Vehicle Theft,Thompson Nicola,RCMP Provincial,T'Kumlups Prov,2015,49.0
Motor Vehicle Theft,Alberni Clayoquot,RCMP Provincial,Tofino Prov,2015,3.0
Motor Vehicle Theft,Kootenay Boundary,RCMP Municipal,Trail Mun,2015,9.0
Motor Vehicle Theft,Kootenay Boundary,RCMP Provincial,Trail and Greater District,2015,25.0
Motor Vehicle Theft,Fraser Fort George,RCMP Provincial,Tsay Keh Dene Prov,2015,0.0
Motor Vehicle Theft,Peace River,RCMP Provincial,Tumbler Ridge Prov,2015,5.0
Motor Vehicle Theft,Alberni Clayoquot,RCMP Provincial,Ucluelet Prov,2015,7.0
Motor Vehicle Theft,Metro Vancouver,RCMP Provincial,University Prov,2015,16.0
Motor Vehicle Theft,Fraser Fort George,RCMP Provincial,Valemount Prov,2015,1.0
Motor Vehicle Theft,Metro Vancouver,Independent Municipal,Vancouver Mun,2015,1407.0
Motor Vehicle Theft,Bulkley Nechako,RCMP Provincial,Vanderhoof Prov,2015,23.0
Motor Vehicle Theft,North Okanagan,RCMP Municipal,Vernon Mun,2015,177.0
Motor Vehicle Theft,North Okanagan,RCMP Provincial,Vernon Prov,2015,28.0
Motor Vehicle Theft,Capital,Independent Municipal,Victoria Mun,2015,174.0
Motor Vehicle Theft,Capital,RCMP Municipal,View Royal Mun,2015,14.0
Motor Vehicle Theft,Cariboo,RCMP Provincial,Wells Prov,2015,0.0
Motor Vehicle Theft,Central Okanagan,RCMP Municipal,West Kelowna Mun,2015,99.0
Motor Vehicle Theft,Capital,RCMP Provincial,West Shore Prov,2015,19.0
Motor Vehicle Theft,Metro Vancouver,Independent Municipal,West Vancouver Mun,2015,31.0
Motor Vehicle Theft,Squamish Lillooet,RCMP Municipal,Whistler Mun,2015,11.0
Motor Vehicle Theft,Squamish Lillooet,RCMP Provincial,Whistler Prov,2015,2.0
Motor Vehicle Theft,Metro Vancouver,RCMP Municipal,White Rock Mun,2015,64.0
Motor Vehicle Theft,Cariboo,RCMP Municipal,Williams Lake Mun,2015,87.0
Motor Vehicle Theft,Cariboo,RCMP Provincial,Williams Lake Prov,2015,27.0
Administration of Justice Offenses,Fraser Valley,Independent Municipal,Abbotsford Mun,2015,504.0
Administration of Justice Offenses,Fraser Valley,RCMP Provincial,Agassiz Prov,2015,15.0
Administration of Justice Offenses,Mount Waddington,RCMP Provincial,Alert Bay Prov,2015,20.0
Administration of Justice Offenses,Cariboo,RCMP Provincial,Alexis Creek Prov,2015,9.0
Administration of Justice Offenses,Cariboo,RCMP Provincial,Anahim Lake Prov,2015,8.0
Administration of Justice Offenses,North Okanagan,RCMP Provincial,Armstrong Prov,2015,12.0
Administration of Justice Offenses,Thompson Nicola,RCMP Provincial,Ashcroft Prov,2015,14.0
Administration of Justice Offenses,Kitimat Stikine,RCMP Provincial,Atlin Prov,2015,5.0
Administration of Justice Offenses,Thompson Nicola,RCMP Provincial,Barriere Prov,2015,3.0
Administration of Justice Offenses,Central Coast,RCMP Provincial,Bella Bella Prov,2015,12.0
Administration of Justice Offenses,Central Coast,RCMP Provincial,Bella Coola Prov,2015,17.0
Administration of Justice Offenses,Fraser Valley,RCMP Provincial,Boston Bar Prov,2015,3.0
Administration of Justice Offenses,Kootenay Boundary,RCMP Provincial,Boundary/Grand Forks Prov,2015,36.0
Administration of Justice Offenses,Kootenay Boundary,RCMP Provincial,Boundary/Midway Prov,2015,3.0
Administration of Justice Offenses,Metro Vancouver,RCMP Provincial,Bowen Island Prov,2015,1.0
Administration of Justice Offenses,Metro Vancouver,RCMP Municipal,Burnaby Mun,2015,398.0
Administration of Justice Offenses,Bulkley Nechako,RCMP Provincial,Burns Lake Prov,2015,120.0
Administration of Justice Offenses,Strathcona,RCMP Municipal,Campbell River Mun,2015,468.0
Administration of Justice Offenses,Strathcona,RCMP Provincial,Campbell River Prov,2015,38.0
Administration of Justice Offenses,Central Kootenay,RCMP Municipal,Castlegar Mun,2015,46.0
Administration of Justice Offenses,Central Kootenay,RCMP Provincial,Castlegar Prov,2015,1.0
Administration of Justice Offenses,Capital,Independent Municipal,Central Saanich Mun,2015,14.0
Administration of Justice Offenses,Thompson Nicola,RCMP Provincial,Chase Prov,2015,15.0
Administration of Justice Offenses,Peace River,RCMP Provincial,Chetwynd Prov,2015,69.0
Administration of Justice Offenses,Fraser Valley,RCMP Municipal,Chilliwack Mun,2015,270.0
Administration of Justice Offenses,Fraser Valley,RCMP Provincial,Chilliwack Prov,2015,78.0
Administration of Justice Offenses,Thompson Nicola,RCMP Provincial,Clearwater Prov,2015,5.0
Administration of Justice Offenses,Thompson Nicola,RCMP Provincial,Clinton Prov,2015,4.0
Administration of Justice Offenses,North Okanagan,RCMP Municipal,Coldstream Mun,2015,9.0
Administration of Justice Offenses,East Kootenay,RCMP Provincial,Columbia Valley Prov,2015,27.0
Administration of Justice Offenses,Capital,RCMP Municipal,Colwood Mun,2015,90.0
Administration of Justice Offenses,Comox Valley,RCMP Municipal,Comox Mun,2015,11.0
Administration of Justice Offenses,Comox Valley,RCMP Provincial,Comox Valley Prov,2015,60.0
Administration of Justice Offenses,Metro Vancouver,RCMP Municipal,Coquitlam Mun,2015,295.0
Administration of Justice Offenses,Metro Vancouver,RCMP Provincial,Coquitlam Prov,2015,1.0
Administration of Justice Offenses,Comox Valley,RCMP Municipal,Courtenay Mun,2015,225.0
Administration of Justice Offenses,East Kootenay,RCMP Municipal,Cranbrook Mun,2015,123.0
Administration of Justice Offenses,East Kootenay,RCMP Provincial,Cranbrook Prov,2015,12.0
Administration of Justice Offenses,Central Kootenay,RCMP Municipal,Creston Mun,2015,28.0
Administration of Justice Offenses,Central Kootenay,RCMP Provincial,Creston Prov,2015,17.0
Administration of Justice Offenses,Peace River,RCMP Municipal,Dawson Creek Mun,2015,167.0
Administration of Justice Offenses,Peace River,RCMP Provincial,Dawson Creek Prov,2015,12.0
Administration of Justice Offenses,Kitimat Stikine,RCMP Provincial,Dease Lake Prov,2015,7.0
Administration of Justice Offenses,Metro Vancouver,Independent Municipal,Delta Mun,2015,187.0
Administration of Justice Offenses,Cowichan Valley,RCMP Provincial,Duncan Prov,2015,132.0
Administration of Justice Offenses,East Kootenay,RCMP Provincial,Elk Valley Prov,2015,10.0
Administration of Justice Offenses,North Okanagan,RCMP Provincial,Enderby Prov,2015,35.0
Administration of Justice Offenses,Columbia Shuswap,RCMP Provincial,Falkland Prov,2015,5.0
Administration of Justice Offenses,Bulkley Nechako,RCMP Provincial,Fort St James Prov,2015,194.0
Administration of Justice Offenses,Peace River,RCMP Municipal,Fort St John Mun,2015,222.0
Administration of Justice Offenses,Peace River,RCMP Provincial,Fort St John Prov,2015,51.0
Administration of Justice Offenses,Bulkley Nechako,RCMP Provincial,Fraser Lake Prov,2015,18.0
Administration of Justice Offenses,Nanaimo,RCMP Provincial,Gabriola Island Prov,2015,11.0
Administration of Justice Offenses,Columbia Shuswap,RCMP Provincial,Golden Prov,2015,33.0
Administration of Justice Offenses,Fraser Valley,RCMP Municipal,Hope Mun,2015,37.0
Administration of Justice Offenses,Fraser Valley,RCMP Provincial,Hope  Prov,2015,9.0
Administration of Justice Offenses,Bulkley Nechako,RCMP Provincial,Houston/Granisle Prov,2015,111.0
Administration of Justice Offenses,Peace River,RCMP Provincial,Hudson's Hope Prov,2015,6.0
Administration of Justice Offenses,Thompson Nicola,RCMP Municipal,Kamloops Mun,2015,396.0
Administration of Justice Offenses,Central Kootenay,RCMP Provincial,Kaslo Prov,2015,2.0
Administration of Justice Offenses,Central Okanagan,RCMP Municipal,Kelowna Mun,2015,1013.0
Administration of Justice Offenses,Central Okanagan,RCMP Provincial,Kelowna Prov,2015,32.0
Administration of Justice Offenses,Fraser Valley,RCMP Municipal,Kent Mun,2015,13.0
Administration of Justice Offenses,Okanagan Similkameen,RCMP Provincial,Keremeos Prov,2015,11.0
Administration of Justice Offenses,East Kootenay,RCMP Municipal,Kimberley Mun,2015,17.0
Administration of Justice Offenses,East Kootenay,RCMP Provincial,Kimberley Prov,2015,3.0
Administration of Justice Offenses,Kitimat Stikine,RCMP Municipal,Kitimat Mun,2015,62.0
Administration of Justice Offenses,Kitimat Stikine,RCMP Provincial,Kitimat Prov,2015,3.0
Administration of Justice Offenses,Cowichan Valley,RCMP Municipal,Ladysmith Mun,2015,36.0
Administration of Justice Offenses,Cowichan Valley,RCMP Provincial,Ladysmith Prov,2015,17.0
Administration of Justice Offenses,Central Okanagan,RCMP Municipal,Lake Country Mun,2015,25.0
Administration of Justice Offenses,Cowichan Valley,RCMP Provincial,Lake Cowichan Prov,2015,48.0
Administration of Justice Offenses,Capital,RCMP Municipal,Langford Mun,2015,100.0
Administration of Justice Offenses,Metro Vancouver,RCMP Municipal,Langley City Mun,2015,77.0
Administration of Justice Offenses,Metro Vancouver,RCMP Municipal,Langley Township Mun,2015,146.0
Administration of Justice Offenses,Squamish Lillooet,RCMP Provincial,Lillooet Prov,2015,36.0
Administration of Justice Offenses,Kitimat Stikine,RCMP Provincial,Lisims/Nass Valley Prov,2015,15.0
Administration of Justice Offenses,Thompson Nicola,RCMP Provincial,Logan Lake Prov,2015,13.0
Administration of Justice Offenses,North Okanagan,RCMP Provincial,Lumby Prov,2015,13.0
Administration of Justice Offenses,Thompson Nicola,RCMP Provincial,Lytton Prov,2015,17.0
Administration of Justice Offenses,Fraser Fort George,RCMP Provincial,Mackenzie Prov,2015,55.0
Administration of Justice Offenses,Metro Vancouver,RCMP Municipal,Maple Ridge Mun,2015,209.0
Administration of Justice Offenses,North Coast Regional District (22),RCMP Provincial,Masset Prov,2015,45.0
Administration of Justice Offenses,Fraser Fort George,RCMP Provincial,McBride Prov,2015,15.0
Administration of Justice Offenses,Thompson Nicola,RCMP Municipal,Merritt Mun,2015,101.0
Administration of Justice Offenses,Thompson Nicola,RCMP Provincial,Merritt Prov,2015,25.0
Administration of Justice Offenses,Fraser Valley,RCMP Municipal,Mission Mun,2015,174.0
Administration of Justice Offenses,Fraser Valley,RCMP Provincial,Mission Prov,2015,11.0
Administration of Justice Offenses,Central Kootenay,RCMP Provincial,Nakusp Prov,2015,6.0
Administration of Justice Offenses,Nanaimo,RCMP Municipal,Nanaimo Mun,2015,466.0
Administration of Justice Offenses,Nanaimo,RCMP Provincial,Nanaimo Prov,2015,20.0
Administration of Justice Offenses,Central Kootenay,Independent Municipal,Nelson Mun,2015,44.0
Administration of Justice Offenses,Central Kootenay,RCMP Provincial,Nelson Prov,2015,19.0
Administration of Justice Offenses,Kitimat Stikine,RCMP Provincial,New Hazelton Prov,2015,117.0
Administration of Justice Offenses,Metro Vancouver,Independent Municipal,New Westminster Mun,2015,239.0
Administration of Justice Offenses,Strathcona,RCMP Provincial,Nootka Sound Prov,2015,42.0
Administration of Justice Offenses,Cowichan Valley,RCMP Municipal,North Cowichan Mun,2015,210.0
Administration of Justice Offenses,Capital,RCMP Municipal,North Saanich Mun,2015,8.0
Administration of Justice Offenses,Metro Vancouver,RCMP Municipal,North Vancouver City Mun,2015,180.0
Administration of Justice Offenses,Metro Vancouver,RCMP Municipal,North Vancouver District Mun,2015,48.0
Administration of Justice Offenses,Metro Vancouver,RCMP Provincial,North Vancouver Prov,2015,17.0
Administration of Justice Offenses,Northern Rockies,RCMP Municipal,Northern Rockies Mun,2015,39.0
Administration of Justice Offenses,Northern Rockies,RCMP Provincial,Northern Rockies Prov,2015,28.0
Administration of Justice Offenses,Capital,Independent Municipal,Oak Bay Mun,2015,16.0
Administration of Justice Offenses,Nanaimo,RCMP Provincial,Oceanside Prov,2015,35.0
Administration of Justice Offenses,Cariboo,RCMP Provincial,One Hundred Mile House Prov,2015,49.0
Administration of Justice Offenses,Capital,RCMP Provincial,Outer Gulf  Islands Prov,2015,0.0
Administration of Justice Offenses,Nanaimo,RCMP Municipal,Parksville Mun,2015,74.0
Administration of Justice Offenses,Central Okanagan,RCMP Municipal,Peachland Mun,2015,3.0
Administration of Justice Offenses,Squamish Lillooet,RCMP Provincial,Pemberton Prov,2015,17.0
Administration of Justice Offenses,Okanagan Similkameen,RCMP Municipal,Penticton Mun,2015,189.0
Administration of Justice Offenses,Okanagan Similkameen,RCMP Provincial,Penticton Prov,2015,19.0
Administration of Justice Offenses,Metro Vancouver,RCMP Municipal,Pitt Meadows Mun,2015,29.0
Administration of Justice Offenses,Alberni Clayoquot,RCMP Municipal,Port Alberni Mun,2015,338.0
Administration of Justice Offenses,Alberni Clayoquot,RCMP Provincial,Port Alberni Prov,2015,28.0
Administration of Justice Offenses,Mount Waddington,RCMP Provincial,Port Alice Prov,2015,4.0
Administration of Justice Offenses,Metro Vancouver,RCMP Municipal,Port Coquitlam Mun,2015,131.0
Administration of Justice Offenses,Mount Waddington,RCMP Provincial,Port Hardy Prov,2015,204.0
Administration of Justice Offenses,Mount Waddington,RCMP Provincial,Port McNeill Prov,2015,17.0
Administration of Justice Offenses,Metro Vancouver,Independent Municipal,Port Moody Mun,2015,40.0
Administration of Justice Offenses,Powell River,RCMP Municipal,Powell River Mun,2015,56.0
Administration of Justice Offenses,Powell River,RCMP Provincial,Powell River Prov,2015,15.0
Administration of Justice Offenses,Fraser Fort George,RCMP Municipal,Prince George Mun,2015,1205.0
Administration of Justice Offenses,Fraser Fort George,RCMP Provincial,Prince George Prov,2015,28.0
Administration of Justice Offenses,North Coast Regional District (22),RCMP Municipal,Prince Rupert Mun,2015,201.0
Administration of Justice Offenses,North Coast Regional District (22),RCMP Provincial,Prince Rupert Prov,2015,19.0
Administration of Justice Offenses,Okanagan Similkameen,RCMP Provincial,Princeton Prov,2015,24.0
Administration of Justice Offenses,Strathcona,RCMP Provincial,Quadra Island Prov,2015,1.0
Administration of Justice Offenses,Nanaimo,RCMP Municipal,Qualicum Beach Mun,2015,10.0
Administration of Justice Offenses,North Coast Regional District (22),RCMP Provincial,Queen Charlotte Prov,2015,13.0
Administration of Justice Offenses,Cariboo,RCMP Municipal,Quesnel Mun,2015,124.0
Administration of Justice Offenses,Cariboo,RCMP Provincial,Quesnel Prov,2015,25.0
Administration of Justice Offenses,Columbia Shuswap,RCMP Municipal,Revelstoke Mun,2015,14.0
Administration of Justice Offenses,Columbia Shuswap,RCMP Provincial,Revelstoke Prov,2015,2.0
Administration of Justice Offenses,Metro Vancouver,RCMP Municipal,Richmond Mun,2015,212.0
Administration of Justice Offenses,Metro Vancouver,RCMP Provincial,Ridge Meadows Prov,2015,0.0
Administration of Justice Offenses,Capital,Independent Municipal,Saanich Mun,2015,164.0
Administration of Justice Offenses,Central Kootenay,RCMP Provincial,Salmo Prov,2015,31.0
Administration of Justice Offenses,Columbia Shuswap,RCMP Municipal,Salmon Arm Mun,2015,39.0
Administration of Justice Offenses,Columbia Shuswap,RCMP Provincial,Salmon Arm Prov,2015,18.0
Administration of Justice Offenses,Capital,RCMP Provincial,Saltspring Island Prov,2015,21.0
Administration of Justice Offenses,Strathcona,RCMP Provincial,Sayward Prov,2015,3.0
Administration of Justice Offenses,Sunshine Coast,RCMP Municipal,Sechelt Mun,2015,59.0
Administration of Justice Offenses,Cowichan Valley,RCMP Provincial,Shawnigan Lake Prov,2015,22.0
Administration of Justice Offenses,Columbia Shuswap,RCMP Provincial,Sicamous Prov,2015,5.0
Administration of Justice Offenses,Capital,RCMP Municipal,Sidney Mun,2015,12.0
Administration of Justice Offenses,Capital,RCMP Provincial,Sidney Prov,2015,47.0
Administration of Justice Offenses,Central Kootenay,RCMP Provincial,Slocan Lake Prov,2015,8.0
Administration of Justice Offenses,Bulkley Nechako,RCMP Municipal,Smithers Mun,2015,55.0
Administration of Justice Offenses,Bulkley Nechako,RCMP Provincial,Smithers Prov,2015,16.0
Administration of Justice Offenses,Capital,RCMP Municipal,Sooke Mun,2015,46.0
Administration of Justice Offenses,Capital,RCMP Provincial,Sooke Prov,2015,18.0
Administration of Justice Offenses,Okanagan Similkameen,RCMP Provincial,South Okanagan/Oliver,2015,26.0
Administration of Justice Offenses,Okanagan Similkameen,RCMP Provincial,South Okanagan/Osoyoos,2015,22.0
Administration of Justice Offenses,North Okanagan,RCMP Municipal,Spallumcheen Mun,2015,13.0
Administration of Justice Offenses,Squamish Lillooet,RCMP Municipal,Squamish Mun,2015,50.0
Administration of Justice Offenses,Squamish Lillooet,RCMP Provincial,Squamish Prov,2015,4.0
Administration of Justice Offenses,Kitimat Stikine,RCMP Provincial,Stewart Prov,2015,10.0
Administration of Justice Offenses,Squamish Lillooet,First Nations Aboriginal Police Service,Stl'atl'imx FNAPS,2015,35.0
Administration of Justice Offenses,Okanagan Similkameen,RCMP Municipal,Summerland Mun,2015,13.0
Administration of Justice Offenses,Sunshine Coast,RCMP Provincial,Sunshine Coast Prov,2015,47.0
Administration of Justice Offenses,Metro Vancouver,RCMP Municipal,Surrey Mun,2015,1640.0
Administration of Justice Offenses,Bulkley Nechako,RCMP Provincial,Takla Landing Prov,2015,21.0
Administration of Justice Offenses,Kitimat Stikine,RCMP Municipal,Terrace Mun,2015,305.0
Administration of Justice Offenses,Kitimat Stikine,RCMP Provincial,Terrace Prov,2015,43.0
Administration of Justice Offenses,Powell River,RCMP Provincial,Texada Island Prov,2015,2.0
Administration of Justice Offenses,Thompson Nicola,RCMP Provincial,T'Kumlups Prov,2015,24.0
Administration of Justice Offenses,Alberni Clayoquot,RCMP Provincial,Tofino Prov,2015,65.0
Administration of Justice Offenses,Kootenay Boundary,RCMP Municipal,Trail Mun,2015,45.0
Administration of Justice Offenses,Kootenay Boundary,RCMP Provincial,Trail and Greater District,2015,37.0
Administration of Justice Offenses,Fraser Fort George,RCMP Provincial,Tsay Keh Dene Prov,2015,34.0
Administration of Justice Offenses,Peace River,RCMP Provincial,Tumbler Ridge Prov,2015,10.0
Administration of Justice Offenses,Alberni Clayoquot,RCMP Provincial,Ucluelet Prov,2015,18.0
Administration of Justice Offenses,Metro Vancouver,RCMP Provincial,University Prov,2015,16.0
Administration of Justice Offenses,Fraser Fort George,RCMP Provincial,Valemount Prov,2015,1.0
Administration of Justice Offenses,Metro Vancouver,Independent Municipal,Vancouver Mun,2015,2258.0
Administration of Justice Offenses,Bulkley Nechako,RCMP Provincial,Vanderhoof Prov,2015,135.0
Administration of Justice Offenses,North Okanagan,RCMP Municipal,Vernon Mun,2015,322.0
Administration of Justice Offenses,North Okanagan,RCMP Provincial,Vernon Prov,2015,19.0
Administration of Justice Offenses,Capital,Independent Municipal,Victoria Mun,2015,895.0
Administration of Justice Offenses,Capital,RCMP Municipal,View Royal Mun,2015,27.0
Administration of Justice Offenses,Cariboo,RCMP Provincial,Wells Prov,2015,2.0
Administration of Justice Offenses,Central Okanagan,RCMP Municipal,West Kelowna Mun,2015,48.0
Administration of Justice Offenses,Capital,RCMP Provincial,West Shore Prov,2015,28.0
Administration of Justice Offenses,Metro Vancouver,Independent Municipal,West Vancouver Mun,2015,111.0
Administration of Justice Offenses,Squamish Lillooet,RCMP Municipal,Whistler Mun,2015,18.0
Administration of Justice Offenses,Squamish Lillooet,RCMP Provincial,Whistler Prov,2015,0.0
Administration of Justice Offenses,Metro Vancouver,RCMP Municipal,White Rock Mun,2015,34.0
Administration of Justice Offenses,Cariboo,RCMP Municipal,Williams Lake Mun,2015,260.0
Administration of Justice Offenses,Cariboo,RCMP Provincial,Williams Lake Prov,2015,22.0
Drug Offenses,Fraser Valley,Independent Municipal,Abbotsford Mun,2015,291.0
Drug Offenses,Fraser Valley,RCMP Provincial,Agassiz Prov,2015,33.0
Drug Offenses,Mount Waddington,RCMP Provincial,Alert Bay Prov,2015,19.0
Drug Offenses,Cariboo,RCMP Provincial,Alexis Creek Prov,2015,20.0
Drug Offenses,Cariboo,RCMP Provincial,Anahim Lake Prov,2015,4.0
Drug Offenses,North Okanagan,RCMP Provincial,Armstrong Prov,2015,7.0
Drug Offenses,Thompson Nicola,RCMP Provincial,Ashcroft Prov,2015,28.0
Drug Offenses,Kitimat Stikine,RCMP Provincial,Atlin Prov,2015,3.0
Drug Offenses,Thompson Nicola,RCMP Provincial,Barriere Prov,2015,24.0
Drug Offenses,Central Coast,RCMP Provincial,Bella Bella Prov,2015,5.0
Drug Offenses,Central Coast,RCMP Provincial,Bella Coola Prov,2015,11.0
Drug Offenses,Fraser Valley,RCMP Provincial,Boston Bar Prov,2015,11.0
Drug Offenses,Kootenay Boundary,RCMP Provincial,Boundary/Grand Forks Prov,2015,74.0
Drug Offenses,Kootenay Boundary,RCMP Provincial,Boundary/Midway Prov,2015,22.0
Drug Offenses,Metro Vancouver,RCMP Provincial,Bowen Island Prov,2015,5.0
Drug Offenses,Metro Vancouver,RCMP Municipal,Burnaby Mun,2015,804.0
Drug Offenses,Bulkley Nechako,RCMP Provincial,Burns Lake Prov,2015,28.0
Drug Offenses,Strathcona,RCMP Municipal,Campbell River Mun,2015,130.0
Drug Offenses,Strathcona,RCMP Provincial,Campbell River Prov,2015,13.0
Drug Offenses,Central Kootenay,RCMP Municipal,Castlegar Mun,2015,69.0
Drug Offenses,Central Kootenay,RCMP Provincial,Castlegar Prov,2015,56.0
Drug Offenses,Capital,Independent Municipal,Central Saanich Mun,2015,53.0
Drug Offenses,Thompson Nicola,RCMP Provincial,Chase Prov,2015,25.0
Drug Offenses,Peace River,RCMP Provincial,Chetwynd Prov,2015,33.0
Drug Offenses,Fraser Valley,RCMP Municipal,Chilliwack Mun,2015,334.0
Drug Offenses,Fraser Valley,RCMP Provincial,Chilliwack Prov,2015,40.0
Drug Offenses,Thompson Nicola,RCMP Provincial,Clearwater Prov,2015,44.0
Drug Offenses,Thompson Nicola,RCMP Provincial,Clinton Prov,2015,43.0
Drug Offenses,North Okanagan,RCMP Municipal,Coldstream Mun,2015,23.0
Drug Offenses,East Kootenay,RCMP Provincial,Columbia Valley Prov,2015,55.0
Drug Offenses,Capital,RCMP Municipal,Colwood Mun,2015,96.0
Drug Offenses,Comox Valley,RCMP Municipal,Comox Mun,2015,21.0
Drug Offenses,Comox Valley,RCMP Provincial,Comox Valley Prov,2015,73.0
Drug Offenses,Metro Vancouver,RCMP Municipal,Coquitlam Mun,2015,389.0
Drug Offenses,Metro Vancouver,RCMP Provincial,Coquitlam Prov,2015,13.0
Drug Offenses,Comox Valley,RCMP Municipal,Courtenay Mun,2015,127.0
Drug Offenses,East Kootenay,RCMP Municipal,Cranbrook Mun,2015,105.0
Drug Offenses,East Kootenay,RCMP Provincial,Cranbrook Prov,2015,40.0
Drug Offenses,Central Kootenay,RCMP Municipal,Creston Mun,2015,30.0
Drug Offenses,Central Kootenay,RCMP Provincial,Creston Prov,2015,87.0
Drug Offenses,Peace River,RCMP Municipal,Dawson Creek Mun,2015,87.0
Drug Offenses,Peace River,RCMP Provincial,Dawson Creek Prov,2015,16.0
Drug Offenses,Kitimat Stikine,RCMP Provincial,Dease Lake Prov,2015,11.0
Drug Offenses,Metro Vancouver,Independent Municipal,Delta Mun,2015,406.0
Drug Offenses,Cowichan Valley,RCMP Provincial,Duncan Prov,2015,158.0
Drug Offenses,East Kootenay,RCMP Provincial,Elk Valley Prov,2015,38.0
Drug Offenses,North Okanagan,RCMP Provincial,Enderby Prov,2015,22.0
Drug Offenses,Columbia Shuswap,RCMP Provincial,Falkland Prov,2015,6.0
Drug Offenses,Bulkley Nechako,RCMP Provincial,Fort St James Prov,2015,29.0
Drug Offenses,Peace River,RCMP Municipal,Fort St John Mun,2015,118.0
Drug Offenses,Peace River,RCMP Provincial,Fort St John Prov,2015,24.0
Drug Offenses,Bulkley Nechako,RCMP Provincial,Fraser Lake Prov,2015,15.0
Drug Offenses,Nanaimo,RCMP Provincial,Gabriola Island Prov,2015,18.0
Drug Offenses,Columbia Shuswap,RCMP Provincial,Golden Prov,2015,80.0
Drug Offenses,Fraser Valley,RCMP Municipal,Hope Mun,2015,85.0
Drug Offenses,Fraser Valley,RCMP Provincial,Hope  Prov,2015,22.0
Drug Offenses,Bulkley Nechako,RCMP Provincial,Houston/Granisle Prov,2015,16.0
Drug Offenses,Peace River,RCMP Provincial,Hudson's Hope Prov,2015,8.0
Drug Offenses,Thompson Nicola,RCMP Municipal,Kamloops Mun,2015,653.0
Drug Offenses,Central Kootenay,RCMP Provincial,Kaslo Prov,2015,12.0
Drug Offenses,Central Okanagan,RCMP Municipal,Kelowna Mun,2015,1174.0
Drug Offenses,Central Okanagan,RCMP Provincial,Kelowna Prov,2015,58.0
Drug Offenses,Fraser Valley,RCMP Municipal,Kent Mun,2015,15.0
Drug Offenses,Okanagan Similkameen,RCMP Provincial,Keremeos Prov,2015,18.0
Drug Offenses,East Kootenay,RCMP Municipal,Kimberley Mun,2015,25.0
Drug Offenses,East Kootenay,RCMP Provincial,Kimberley Prov,2015,14.0
Drug Offenses,Kitimat Stikine,RCMP Municipal,Kitimat Mun,2015,34.0
Drug Offenses,Kitimat Stikine,RCMP Provincial,Kitimat Prov,2015,7.0
Drug Offenses,Cowichan Valley,RCMP Municipal,Ladysmith Mun,2015,28.0
Drug Offenses,Cowichan Valley,RCMP Provincial,Ladysmith Prov,2015,24.0
Drug Offenses,Central Okanagan,RCMP Municipal,Lake Country Mun,2015,34.0
Drug Offenses,Cowichan Valley,RCMP Provincial,Lake Cowichan Prov,2015,46.0
Drug Offenses,Capital,RCMP Municipal,Langford Mun,2015,157.0
Drug Offenses,Metro Vancouver,RCMP Municipal,Langley City Mun,2015,279.0
Drug Offenses,Metro Vancouver,RCMP Municipal,Langley Township Mun,2015,403.0
Drug Offenses,Squamish Lillooet,RCMP Provincial,Lillooet Prov,2015,23.0
Drug Offenses,Kitimat Stikine,RCMP Provincial,Lisims/Nass Valley Prov,2015,5.0
Drug Offenses,Thompson Nicola,RCMP Provincial,Logan Lake Prov,2015,14.0
Drug Offenses,North Okanagan,RCMP Provincial,Lumby Prov,2015,14.0
Drug Offenses,Thompson Nicola,RCMP Provincial,Lytton Prov,2015,24.0
Drug Offenses,Fraser Fort George,RCMP Provincial,Mackenzie Prov,2015,42.0
Drug Offenses,Metro Vancouver,RCMP Municipal,Maple Ridge Mun,2015,267.0
Drug Offenses,North Coast Regional District (22),RCMP Provincial,Masset Prov,2015,10.0
Drug Offenses,Fraser Fort George,RCMP Provincial,McBride Prov,2015,42.0
Drug Offenses,Thompson Nicola,RCMP Municipal,Merritt Mun,2015,95.0
Drug Offenses,Thompson Nicola,RCMP Provincial,Merritt Prov,2015,63.0
Drug Offenses,Fraser Valley,RCMP Municipal,Mission Mun,2015,171.0
Drug Offenses,Fraser Valley,RCMP Provincial,Mission Prov,2015,4.0
Drug Offenses,Central Kootenay,RCMP Provincial,Nakusp Prov,2015,13.0
Drug Offenses,Nanaimo,RCMP Municipal,Nanaimo Mun,2015,515.0
Drug Offenses,Nanaimo,RCMP Provincial,Nanaimo Prov,2015,36.0
Drug Offenses,Central Kootenay,Independent Municipal,Nelson Mun,2015,77.0
Drug Offenses,Central Kootenay,RCMP Provincial,Nelson Prov,2015,60.0
Drug Offenses,Kitimat Stikine,RCMP Provincial,New Hazelton Prov,2015,51.0
Drug Offenses,Metro Vancouver,Independent Municipal,New Westminster Mun,2015,320.0
Drug Offenses,Strathcona,RCMP Provincial,Nootka Sound Prov,2015,23.0
Drug Offenses,Cowichan Valley,RCMP Municipal,North Cowichan Mun,2015,190.0
Drug Offenses,Capital,RCMP Municipal,North Saanich Mun,2015,36.0
Drug Offenses,Metro Vancouver,RCMP Municipal,North Vancouver City Mun,2015,244.0
Drug Offenses,Metro Vancouver,RCMP Municipal,North Vancouver District Mun,2015,187.0
Drug Offenses,Metro Vancouver,RCMP Provincial,North Vancouver Prov,2015,21.0
Drug Offenses,Northern Rockies,RCMP Municipal,Northern Rockies Mun,2015,63.0
Drug Offenses,Northern Rockies,RCMP Provincial,Northern Rockies Prov,2015,5.0
Drug Offenses,Capital,Independent Municipal,Oak Bay Mun,2015,35.0
Drug Offenses,Nanaimo,RCMP Provincial,Oceanside Prov,2015,77.0
Drug Offenses,Cariboo,RCMP Provincial,One Hundred Mile House Prov,2015,60.0
Drug Offenses,Capital,RCMP Provincial,Outer Gulf  Islands Prov,2015,13.0
Drug Offenses,Nanaimo,RCMP Municipal,Parksville Mun,2015,65.0
Drug Offenses,Central Okanagan,RCMP Municipal,Peachland Mun,2015,10.0
Drug Offenses,Squamish Lillooet,RCMP Provincial,Pemberton Prov,2015,54.0
Drug Offenses,Okanagan Similkameen,RCMP Municipal,Penticton Mun,2015,201.0
Drug Offenses,Okanagan Similkameen,RCMP Provincial,Penticton Prov,2015,23.0
Drug Offenses,Metro Vancouver,RCMP Municipal,Pitt Meadows Mun,2015,43.0
Drug Offenses,Alberni Clayoquot,RCMP Municipal,Port Alberni Mun,2015,82.0
Drug Offenses,Alberni Clayoquot,RCMP Provincial,Port Alberni Prov,2015,15.0
Drug Offenses,Mount Waddington,RCMP Provincial,Port Alice Prov,2015,11.0
Drug Offenses,Metro Vancouver,RCMP Municipal,Port Coquitlam Mun,2015,200.0
Drug Offenses,Mount Waddington,RCMP Provincial,Port Hardy Prov,2015,26.0
Drug Offenses,Mount Waddington,RCMP Provincial,Port McNeill Prov,2015,20.0
Drug Offenses,Metro Vancouver,Independent Municipal,Port Moody Mun,2015,123.0
Drug Offenses,Powell River,RCMP Municipal,Powell River Mun,2015,66.0
Drug Offenses,Powell River,RCMP Provincial,Powell River Prov,2015,11.0
Drug Offenses,Fraser Fort George,RCMP Municipal,Prince George Mun,2015,679.0
Drug Offenses,Fraser Fort George,RCMP Provincial,Prince George Prov,2015,83.0
Drug Offenses,North Coast Regional District (22),RCMP Municipal,Prince Rupert Mun,2015,163.0
Drug Offenses,North Coast Regional District (22),RCMP Provincial,Prince Rupert Prov,2015,8.0
Drug Offenses,Okanagan Similkameen,RCMP Provincial,Princeton Prov,2015,28.0
Drug Offenses,Strathcona,RCMP Provincial,Quadra Island Prov,2015,17.0
Drug Offenses,Nanaimo,RCMP Municipal,Qualicum Beach Mun,2015,8.0
Drug Offenses,North Coast Regional District (22),RCMP Provincial,Queen Charlotte Prov,2015,21.0
Drug Offenses,Cariboo,RCMP Municipal,Quesnel Mun,2015,138.0
Drug Offenses,Cariboo,RCMP Provincial,Quesnel Prov,2015,40.0
Drug Offenses,Columbia Shuswap,RCMP Municipal,Revelstoke Mun,2015,73.0
Drug Offenses,Columbia Shuswap,RCMP Provincial,Revelstoke Prov,2015,43.0
Drug Offenses,Metro Vancouver,RCMP Municipal,Richmond Mun,2015,820.0
Drug Offenses,Metro Vancouver,RCMP Provincial,Ridge Meadows Prov,2015,7.0
Drug Offenses,Capital,Independent Municipal,Saanich Mun,2015,96.0
Drug Offenses,Central Kootenay,RCMP Provincial,Salmo Prov,2015,105.0
Drug Offenses,Columbia Shuswap,RCMP Municipal,Salmon Arm Mun,2015,86.0
Drug Offenses,Columbia Shuswap,RCMP Provincial,Salmon Arm Prov,2015,40.0
Drug Offenses,Capital,RCMP Provincial,Saltspring Island Prov,2015,26.0
Drug Offenses,Strathcona,RCMP Provincial,Sayward Prov,2015,8.0
Drug Offenses,Sunshine Coast,RCMP Municipal,Sechelt Mun,2015,42.0
Drug Offenses,Cowichan Valley,RCMP Provincial,Shawnigan Lake Prov,2015,69.0
Drug Offenses,Columbia Shuswap,RCMP Provincial,Sicamous Prov,2015,24.0
Drug Offenses,Capital,RCMP Municipal,Sidney Mun,2015,45.0
Drug Offenses,Capital,RCMP Provincial,Sidney Prov,2015,18.0
Drug Offenses,Central Kootenay,RCMP Provincial,Slocan Lake Prov,2015,14.0
Drug Offenses,Bulkley Nechako,RCMP Municipal,Smithers Mun,2015,35.0
Drug Offenses,Bulkley Nechako,RCMP Provincial,Smithers Prov,2015,17.0
Drug Offenses,Capital,RCMP Municipal,Sooke Mun,2015,71.0
Drug Offenses,Capital,RCMP Provincial,Sooke Prov,2015,18.0
Drug Offenses,Okanagan Similkameen,RCMP Provincial,South Okanagan/Oliver,2015,37.0
Drug Offenses,Okanagan Similkameen,RCMP Provincial,South Okanagan/Osoyoos,2015,66.0
Drug Offenses,North Okanagan,RCMP Municipal,Spallumcheen Mun,2015,10.0
Drug Offenses,Squamish Lillooet,RCMP Municipal,Squamish Mun,2015,174.0
Drug Offenses,Squamish Lillooet,RCMP Provincial,Squamish Prov,2015,21.0
Drug Offenses,Kitimat Stikine,RCMP Provincial,Stewart Prov,2015,8.0
Drug Offenses,Squamish Lillooet,First Nations Aboriginal Police Service,Stl'atl'imx FNAPS,2015,15.0
Drug Offenses,Okanagan Similkameen,RCMP Municipal,Summerland Mun,2015,28.0
Drug Offenses,Sunshine Coast,RCMP Provincial,Sunshine Coast Prov,2015,48.0
Drug Offenses,Metro Vancouver,RCMP Municipal,Surrey Mun,2015,2794.0
Drug Offenses,Bulkley Nechako,RCMP Provincial,Takla Landing Prov,2015,2.0
Drug Offenses,Kitimat Stikine,RCMP Municipal,Terrace Mun,2015,77.0
Drug Offenses,Kitimat Stikine,RCMP Provincial,Terrace Prov,2015,30.0
Drug Offenses,Powell River,RCMP Provincial,Texada Island Prov,2015,8.0
Drug Offenses,Thompson Nicola,RCMP Provincial,T'Kumlups Prov,2015,88.0
Drug Offenses,Alberni Clayoquot,RCMP Provincial,Tofino Prov,2015,10.0
Drug Offenses,Kootenay Boundary,RCMP Municipal,Trail Mun,2015,36.0
Drug Offenses,Kootenay Boundary,RCMP Provincial,Trail and Greater District,2015,51.0
Drug Offenses,Fraser Fort George,RCMP Provincial,Tsay Keh Dene Prov,2015,3.0
Drug Offenses,Peace River,RCMP Provincial,Tumbler Ridge Prov,2015,15.0
Drug Offenses,Alberni Clayoquot,RCMP Provincial,Ucluelet Prov,2015,12.0
Drug Offenses,Metro Vancouver,RCMP Provincial,University Prov,2015,65.0
Drug Offenses,Fraser Fort George,RCMP Provincial,Valemount Prov,2015,30.0
Drug Offenses,Metro Vancouver,Independent Municipal,Vancouver Mun,2015,2709.0
Drug Offenses,Bulkley Nechako,RCMP Provincial,Vanderhoof Prov,2015,53.0
Drug Offenses,North Okanagan,RCMP Municipal,Vernon Mun,2015,245.0
Drug Offenses,North Okanagan,RCMP Provincial,Vernon Prov,2015,27.0
Drug Offenses,Capital,Independent Municipal,Victoria Mun,2015,598.0
Drug Offenses,Capital,RCMP Municipal,View Royal Mun,2015,35.0
Drug Offenses,Cariboo,RCMP Provincial,Wells Prov,2015,1.0
Drug Offenses,Central Okanagan,RCMP Municipal,West Kelowna Mun,2015,74.0
Drug Offenses,Capital,RCMP Provincial,West Shore Prov,2015,20.0
Drug Offenses,Metro Vancouver,Independent Municipal,West Vancouver Mun,2015,148.0
Drug Offenses,Squamish Lillooet,RCMP Municipal,Whistler Mun,2015,259.0
Drug Offenses,Squamish Lillooet,RCMP Provincial,Whistler Prov,2015,2.0
Drug Offenses,Metro Vancouver,RCMP Municipal,White Rock Mun,2015,100.0
Drug Offenses,Cariboo,RCMP Municipal,Williams Lake Mun,2015,141.0
Drug Offenses,Cariboo,RCMP Provincial,Williams Lake Prov,2015,85.0
Population,Fraser Valley,Independent Municipal,Abbotsford Mun,2015,141580.0
Population,Fraser Valley,RCMP Provincial,Agassiz Prov,2015,3648.0
Population,Mount Waddington,RCMP Provincial,Alert Bay Prov,2015,1352.0
Population,Cariboo,RCMP Provincial,Alexis Creek Prov,2015,1713.0
Population,Cariboo,RCMP Provincial,Anahim Lake Prov,2015,708.0
Population,North Okanagan,RCMP Provincial,Armstrong Prov,2015,5472.0
Population,Thompson Nicola,RCMP Provincial,Ashcroft Prov,2015,3613.0
Population,Kitimat Stikine,RCMP Provincial,Atlin Prov,2015,417.0
Population,Thompson Nicola,RCMP Provincial,Barriere Prov,2015,3865.0
Population,Central Coast,RCMP Provincial,Bella Bella Prov,2015,1640.0
Population,Central Coast,RCMP Provincial,Bella Coola Prov,2015,1918.0
Population,Fraser Valley,RCMP Provincial,Boston Bar Prov,2015,612.0
Population,Kootenay Boundary,RCMP Provincial,Boundary/Grand Forks Prov,2015,7827.0
Population,Kootenay Boundary,RCMP Provincial,Boundary/Midway Prov,2015,2622.0
Population,Metro Vancouver,RCMP Provincial,Bowen Island Prov,2015,3546.0
Population,Metro Vancouver,RCMP Municipal,Burnaby Mun,2015,238209.0
Population,Bulkley Nechako,RCMP Provincial,Burns Lake Prov,2015,6236.0
Population,Strathcona,RCMP Municipal,Campbell River Mun,2015,33395.0
Population,Strathcona,RCMP Provincial,Campbell River Prov,2015,5280.0
Population,Central Kootenay,RCMP Municipal,Castlegar Mun,2015,7953.0
Population,Central Kootenay,RCMP Provincial,Castlegar Prov,2015,6033.0
Population,Capital,Independent Municipal,Central Saanich Mun,2015,16046.0
Population,Thompson Nicola,RCMP Provincial,Chase Prov,2015,8283.0
Population,Peace River,RCMP Provincial,Chetwynd Prov,2015,5455.0
Population,Fraser Valley,RCMP Municipal,Chilliwack Mun,2015,89823.0
Population,Fraser Valley,RCMP Provincial,Chilliwack Prov,2015,4671.0
Population,Thompson Nicola,RCMP Provincial,Clearwater Prov,2015,4302.0
Population,Thompson Nicola,RCMP Provincial,Clinton Prov,2015,1822.0
Population,North Okanagan,RCMP Municipal,Coldstream Mun,2015,10821.0
Population,East Kootenay,RCMP Provincial,Columbia Valley Prov,2015,9020.0
Population,Capital,RCMP Municipal,Colwood Mun,2015,16955.0
Population,Comox Valley,RCMP Municipal,Comox Mun,2015,13986.0
Population,Comox Valley,RCMP Provincial,Comox Valley Prov,2015,25404.0
Population,Metro Vancouver,RCMP Municipal,Coquitlam Mun,2015,144716.0
Population,Metro Vancouver,RCMP Provincial,Coquitlam Prov,2015,2866.0
Population,Comox Valley,RCMP Municipal,Courtenay Mun,2015,25244.0
Population,East Kootenay,RCMP Municipal,Cranbrook Mun,2015,19911.0
Population,East Kootenay,RCMP Provincial,Cranbrook Prov,2015,6537.0
Population,Central Kootenay,RCMP Municipal,Creston Mun,2015,4744.0
Population,Central Kootenay,RCMP Provincial,Creston Prov,2015,8337.0
Population,Peace River,RCMP Municipal,Dawson Creek Mun,2015,11944.0
Population,Peace River,RCMP Provincial,Dawson Creek Prov,2015,7050.0
Population,Kitimat Stikine,RCMP Provincial,Dease Lake Prov,2015,1349.0
Population,Metro Vancouver,Independent Municipal,Delta Mun,2015,101548.0
Population,Cowichan Valley,RCMP Provincial,Duncan Prov,2015,14540.0
Population,East Kootenay,RCMP Provincial,Elk Valley Prov,2015,13552.0
Population,North Okanagan,RCMP Provincial,Enderby Prov,2015,6837.0
Population,Columbia Shuswap,RCMP Provincial,Falkland Prov,2015,2938.0
Population,Bulkley Nechako,RCMP Provincial,Fort St James Prov,2015,4580.0
Population,Peace River,RCMP Municipal,Fort St John Mun,2015,20778.0
Population,Peace River,RCMP Provincial,Fort St John Prov,2015,14430.0
Population,Bulkley Nechako,RCMP Provincial,Fraser Lake Prov,2015,3451.0
Population,Nanaimo,RCMP Provincial,Gabriola Island Prov,2015,4132.0
Population,Columbia Shuswap,RCMP Provincial,Golden Prov,2015,7029.0
Population,Fraser Valley,RCMP Municipal,Hope Mun,2015,5714.0
Population,Fraser Valley,RCMP Provincial,Hope  Prov,2015,1110.0
Population,Bulkley Nechako,RCMP Provincial,Houston/Granisle Prov,2015,4539.0
Population,Peace River,RCMP Provincial,Hudson's Hope Prov,2015,1264.0
Population,Thompson Nicola,RCMP Municipal,Kamloops Mun,2015,89995.0
Population,Central Kootenay,RCMP Provincial,Kaslo Prov,2015,2365.0
Population,Central Okanagan,RCMP Municipal,Kelowna Mun,2015,124378.0
Population,Central Okanagan,RCMP Provincial,Kelowna Prov,2015,16290.0
Population,Fraser Valley,RCMP Municipal,Kent Mun,2015,6195.0
Population,Okanagan Similkameen,RCMP Provincial,Keremeos Prov,2015,4820.0
Population,East Kootenay,RCMP Municipal,Kimberley Mun,2015,6746.0
Population,East Kootenay,RCMP Provincial,Kimberley Prov,2015,1903.0
Population,Kitimat Stikine,RCMP Municipal,Kitimat Mun,2015,8211.0
Population,Kitimat Stikine,RCMP Provincial,Kitimat Prov,2015,572.0
Population,Cowichan Valley,RCMP Municipal,Ladysmith Mun,2015,8177.0
Population,Cowichan Valley,RCMP Provincial,Ladysmith Prov,2015,5918.0
Population,Central Okanagan,RCMP Municipal,Lake Country Mun,2015,14035.0
Population,Cowichan Valley,RCMP Provincial,Lake Cowichan Prov,2015,6148.0
Population,Capital,RCMP Municipal,Langford Mun,2015,37275.0
Population,Metro Vancouver,RCMP Municipal,Langley City Mun,2015,27738.0
Population,Metro Vancouver,RCMP Municipal,Langley Township Mun,2015,117580.0
Population,Squamish Lillooet,RCMP Provincial,Lillooet Prov,2015,3338.0
Population,Kitimat Stikine,RCMP Provincial,Lisims/Nass Valley Prov,2015,2119.0
Population,Thompson Nicola,RCMP Provincial,Logan Lake Prov,2015,2588.0
Population,North Okanagan,RCMP Provincial,Lumby Prov,2015,5921.0
Population,Thompson Nicola,RCMP Provincial,Lytton Prov,2015,1920.0
Population,Fraser Fort George,RCMP Provincial,Mackenzie Prov,2015,3619.0
Population,Metro Vancouver,RCMP Municipal,Maple Ridge Mun,2015,81533.0
Population,North Coast Regional District (22),RCMP Provincial,Masset Prov,2015,2009.0
Population,Fraser Fort George,RCMP Provincial,McBride Prov,2015,1665.0
Population,Thompson Nicola,RCMP Municipal,Merritt Mun,2015,7610.0
Population,Thompson Nicola,RCMP Provincial,Merritt Prov,2015,3842.0
Population,Fraser Valley,RCMP Municipal,Mission Mun,2015,38711.0
Population,Fraser Valley,RCMP Provincial,Mission Prov,2015,4075.0
Population,Central Kootenay,RCMP Provincial,Nakusp Prov,2015,3420.0
Population,Nanaimo,RCMP Municipal,Nanaimo Mun,2015,90907.0
Population,Nanaimo,RCMP Provincial,Nanaimo Prov,2015,13852.0
Population,Central Kootenay,Independent Municipal,Nelson Mun,2015,10802.0
Population,Central Kootenay,RCMP Provincial,Nelson Prov,2015,12327.0
Population,Kitimat Stikine,RCMP Provincial,New Hazelton Prov,2015,5898.0
Population,Metro Vancouver,Independent Municipal,New Westminster Mun,2015,71665.0
Population,Strathcona,RCMP Provincial,Nootka Sound Prov,2015,1884.0
Population,Cowichan Valley,RCMP Municipal,North Cowichan Mun,2015,29999.0
Population,Capital,RCMP Municipal,North Saanich Mun,2015,10994.0
Population,Metro Vancouver,RCMP Municipal,North Vancouver City Mun,2015,54258.0
Population,Metro Vancouver,RCMP Municipal,North Vancouver District Mun,2015,85974.0
Population,Metro Vancouver,RCMP Provincial,North Vancouver Prov,2015,2886.0
Population,Northern Rockies,RCMP Municipal,Northern Rockies Mun,2015,5366.0
Population,Northern Rockies,RCMP Provincial,Northern Rockies Prov,2015,596.0
Population,Capital,Independent Municipal,Oak Bay Mun,2015,17474.0
Population,Nanaimo,RCMP Provincial,Oceanside Prov,2015,24667.0
Population,Cariboo,RCMP Provincial,One Hundred Mile House Prov,2015,12904.0
Population,Capital,RCMP Provincial,Outer Gulf  Islands Prov,2015,4832.0
Population,Nanaimo,RCMP Municipal,Parksville Mun,2015,12598.0
Population,Central Okanagan,RCMP Municipal,Peachland Mun,2015,5013.0
Population,Squamish Lillooet,RCMP Provincial,Pemberton Prov,2015,4271.0
Population,Okanagan Similkameen,RCMP Municipal,Penticton Mun,2015,33964.0
Population,Okanagan Similkameen,RCMP Provincial,Penticton Prov,2015,11452.0
Population,Metro Vancouver,RCMP Municipal,Pitt Meadows Mun,2015,19652.0
Population,Alberni Clayoquot,RCMP Municipal,Port Alberni Mun,2015,16149.0
Population,Alberni Clayoquot,RCMP Provincial,Port Alberni Prov,2015,8436.0
Population,Mount Waddington,RCMP Provincial,Port Alice Prov,2015,814.0
Population,Metro Vancouver,RCMP Municipal,Port Coquitlam Mun,2015,60270.0
Population,Mount Waddington,RCMP Provincial,Port Hardy Prov,2015,5219.0
Population,Mount Waddington,RCMP Provincial,Port McNeill Prov,2015,4377.0
Population,Metro Vancouver,Independent Municipal,Port Moody Mun,2015,34554.0
Population,Powell River,RCMP Municipal,Powell River Mun,2015,12893.0
Population,Powell River,RCMP Provincial,Powell River Prov,2015,5377.0
Population,Fraser Fort George,RCMP Municipal,Prince George Mun,2015,71363.0
Population,Fraser Fort George,RCMP Provincial,Prince George Prov,2015,13121.0
Population,North Coast Regional District (22),RCMP Municipal,Prince Rupert Mun,2015,11386.0
Population,North Coast Regional District (22),RCMP Provincial,Prince Rupert Prov,2015,1889.0
Population,Okanagan Similkameen,RCMP Provincial,Princeton Prov,2015,4934.0
Population,Strathcona,RCMP Provincial,Quadra Island Prov,2015,3504.0
Population,Nanaimo,RCMP Municipal,Qualicum Beach Mun,2015,8940.0
Population,North Coast Regional District (22),RCMP Provincial,Queen Charlotte Prov,2015,2295.0
Population,Cariboo,RCMP Municipal,Quesnel Mun,2015,9160.0
Population,Cariboo,RCMP Provincial,Quesnel Prov,2015,13317.0
Population,Columbia Shuswap,RCMP Municipal,Revelstoke Mun,2015,7192.0
Population,Columbia Shuswap,RCMP Provincial,Revelstoke Prov,2015,588.0
Population,Metro Vancouver,RCMP Municipal,Richmond Mun,2015,207773.0
Population,Metro Vancouver,RCMP Provincial,Ridge Meadows Prov,2015,90.0
Population,Capital,Independent Municipal,Saanich Mun,2015,110803.0
Population,Central Kootenay,RCMP Provincial,Salmo Prov,2015,2717.0
Population,Columbia Shuswap,RCMP Municipal,Salmon Arm Mun,2015,17183.0
Population,Columbia Shuswap,RCMP Provincial,Salmon Arm Prov,2015,9541.0
Population,Capital,RCMP Provincial,Saltspring Island Prov,2015,10479.0
Population,Strathcona,RCMP Provincial,Sayward Prov,2015,773.0
Population,Sunshine Coast,RCMP Municipal,Sechelt Mun,2015,9773.0
Population,Cowichan Valley,RCMP Provincial,Shawnigan Lake Prov,2015,18027.0
Population,Columbia Shuswap,RCMP Provincial,Sicamous Prov,2015,3831.0
Population,Capital,RCMP Municipal,Sidney Mun,2015,11065.0
Population,Capital,RCMP Provincial,Sidney Prov,2015,3553.0
Population,Central Kootenay,RCMP Provincial,Slocan Lake Prov,2015,2005.0
Population,Bulkley Nechako,RCMP Municipal,Smithers Mun,2015,4932.0
Population,Bulkley Nechako,RCMP Provincial,Smithers Prov,2015,7899.0
Population,Capital,RCMP Municipal,Sooke Mun,2015,12181.0
Population,Capital,RCMP Provincial,Sooke Prov,2015,4639.0
Population,Okanagan Similkameen,RCMP Provincial,South Okanagan/Oliver,2015,8500.0
Population,Okanagan Similkameen,RCMP Provincial,South Okanagan/Osoyoos,2015,7201.0
Population,North Okanagan,RCMP Municipal,Spallumcheen Mun,2015,5207.0
Population,Squamish Lillooet,RCMP Municipal,Squamish Mun,2015,18797.0
Population,Squamish Lillooet,RCMP Provincial,Squamish Prov,2015,1932.0
Population,Kitimat Stikine,RCMP Provincial,Stewart Prov,2015,422.0
Population,Squamish Lillooet,First Nations Aboriginal Police Service,Stl'atl'imx FNAPS,2015,3002.0
Population,Okanagan Similkameen,RCMP Municipal,Summerland Mun,2015,11267.0
Population,Sunshine Coast,RCMP Provincial,Sunshine Coast Prov,2015,18618.0
Population,Metro Vancouver,RCMP Municipal,Surrey Mun,2015,526307.0
Population,Bulkley Nechako,RCMP Provincial,Takla Landing Prov,2015,197.0
Population,Kitimat Stikine,RCMP Municipal,Terrace Mun,2015,11164.0
Population,Kitimat Stikine,RCMP Provincial,Terrace Prov,2015,8143.0
Population,Powell River,RCMP Provincial,Texada Island Prov,2015,1023.0
Population,Thompson Nicola,RCMP Provincial,T'Kumlups Prov,2015,8385.0
Population,Alberni Clayoquot,RCMP Provincial,Tofino Prov,2015,3419.0
Population,Kootenay Boundary,RCMP Municipal,Trail Mun,2015,7448.0
Population,Kootenay Boundary,RCMP Provincial,Trail and Greater District,2015,10587.0
Population,Fraser Fort George,RCMP Provincial,Tsay Keh Dene Prov,2015,384.0
Population,Peace River,RCMP Provincial,Tumbler Ridge Prov,2015,2647.0
Population,Alberni Clayoquot,RCMP Provincial,Ucluelet Prov,2015,2121.0
Population,Metro Vancouver,RCMP Provincial,University Prov,2015,16456.0
Population,Fraser Fort George,RCMP Provincial,Valemount Prov,2015,1535.0
Population,Metro Vancouver,Independent Municipal,Vancouver Mun,2015,650575.0
Population,Bulkley Nechako,RCMP Provincial,Vanderhoof Prov,2015,8819.0
Population,North Okanagan,RCMP Municipal,Vernon Mun,2015,40497.0
Population,North Okanagan,RCMP Provincial,Vernon Prov,2015,11480.0
Population,Capital,Independent Municipal,Victoria Mun,2015,101490.0
Population,Capital,RCMP Municipal,View Royal Mun,2015,10834.0
Population,Cariboo,RCMP Provincial,Wells Prov,2015,352.0
Population,Central Okanagan,RCMP Municipal,West Kelowna Mun,2015,34484.0
Population,Capital,RCMP Provincial,West Shore Prov,2015,9234.0
Population,Metro Vancouver,Independent Municipal,West Vancouver Mun,2015,45148.0
Population,Squamish Lillooet,RCMP Municipal,Whistler Mun,2015,10361.0
Population,Squamish Lillooet,RCMP Provincial,Whistler Prov,2015,301.0
Population,Metro Vancouver,RCMP Municipal,White Rock Mun,2015,19327.0
Population,Cariboo,RCMP Municipal,Williams Lake Mun,2015,11215.0
Population,Cariboo,RCMP Provincial,Williams Lake Prov,2015,12900.0
